0  1
0.0078125  1.00931
0.015625  1.01871
0.0234375  1.02818
0.03125  1.03773
0.0390625  1.04736
0.046875  1.05705
0.0546875  1.06681
0.0625  1.0766
0.0703125  1.08641
0.078125  1.09614
0.0859375  1.10547
0.09375  1.11029
0.101562  1.01204
0.109375  0.880515
0.117188  0.769807
0.125  0.677932
0.132812  0.601275
0.140625  0.536786
0.148438  0.482071
0.15625  0.435276
0.164062  0.394955
0.171875  0.359972
0.179688  0.32943
0.1875  0.30261
0.195312  0.278932
0.203125  0.257925
0.210938  0.239203
0.21875  0.222445
0.226562  0.207388
0.234375  0.193808
0.242188  0.181519
0.25  0.170362
0.257812  0.160202
0.265625  0.150925
0.273438  0.14243
0.28125  0.134633
0.289062  0.127458
0.296875  0.120842
0.304688  0.114728
0.3125  0.109067
0.320312  0.103814
0.328125  0.0989316
0.335938  0.0943857
0.34375  0.090146
0.351562  0.0861856
0.359375  0.0824806
0.367188  0.0790093
0.375  0.0757527
0.382812  0.0726933
0.390625  0.0698156
0.398438  0.0671053
0.40625  0.0645499
0.414062  0.0621377
0.421875  0.0598582
0.429688  0.0577019
0.4375  0.05566
0.445312  0.0537245
0.453125  0.0518883
0.460938  0.0501447
0.46875  0.0484875
0.476562  0.046911
0.484375  0.0454103
0.492188  0.0439804
0.5  0.042617
0.507812  0.041316
0.515625  0.0400737
0.523438  0.0388865
0.53125  0.0377514
0.539062  0.0366652
0.546875  0.0356253
0.554688  0.034629
0.5625  0.0336738
0.570312  0.0327577
0.578125  0.0318785
0.585938  0.0310341
0.59375  0.0302229
0.601562  0.0294431
0.609375  0.028693
0.617188  0.0279713
0.625  0.0272765
0.632812  0.0266072
0.640625  0.0259623
0.648438  0.0253405
0.65625  0.0247408
0.664062  0.0241621
0.671875  0.0236035
0.679688  0.0230641
0.6875  0.0225429
0.695312  0.0220392
0.703125  0.0215522
0.710938  0.0210812
0.71875  0.0206254
0.726562  0.0201843
0.734375  0.0197571
0.742188  0.0193434
0.75  0.0189425
0.757812  0.018554
0.765625  0.0181773
0.773438  0.017812
0.78125  0.0174575
0.789062  0.0171136
0.796875  0.0167797
0.804688  0.0164555
0.8125  0.0161405
0.820312  0.0158346
0.828125  0.0155372
0.835938  0.0152482
0.84375  0.0149671
0.851562  0.0146938
0.859375  0.0144279
0.867188  0.0141691
0.875  0.0139172
0.882812  0.013672
0.890625  0.0134332
0.898438  0.0132006
0.90625  0.012974
0.914062  0.0127532
0.921875  0.0125379
0.929688  0.0123281
0.9375  0.0121235
0.945312  0.0119239
0.953125  0.0117293
0.960938  0.0115393
0.96875  0.011354
0.976562  0.011173
0.984375  0.0109964
0.992188  0.0108239
1  0.0106555
