0 4.14952e-23
0.0117188 5.42123e-23
0.0234375 8.97608e-23
0.0351562 2.34523e-22
0.046875 1.11426e-21
0.0585938 8.38381e-21
0.0703125 9.75292e-20
0.0820312 1.962e-18
0.09375 5.56949e-17
0.105469 1.37331e-15
0.117188 1.14805e-14
0.128906 1.02359e-13
0.140625 8.50332e-13
0.152344 6.91852e-12
0.164062 5.5126e-11
0.175781 4.30244e-10
0.1875 3.28994e-09
0.199219 2.46507e-08
0.210938 1.80944e-07
0.222656 1.29943e-06
0.234375 9.07952e-06
0.246094 6.03481e-05
0.257812 0.000349926
0.269531 0.00142794
0.28125 0.00341308
0.292969 0.00526543
0.304688 0.00665639
0.316406 0.00785034
0.328125 0.0090057
0.339844 0.0101956
0.351562 0.0114582
0.363281 0.0127908
0.375 0.0141497
0.386719 0.0154894
0.398438 0.0167944
0.410156 0.0180724
0.421875 0.0193393
0.433594 0.0206097
0.445312 0.021896
0.457031 0.0232065
0.46875 0.0245458
0.480469 0.0259139
0.492188 0.0273072
0.503906 0.0287202
0.515625 0.0301475
0.527344 0.0315849
0.539062 0.0330298
0.550781 0.0344816
0.5625 0.0359409
0.574219 0.0374094
0.585938 0.0388891
0.597656 0.0403823
0.609375 0.0418913
0.621094 0.0434183
0.632812 0.044965
0.644531 0.0465328
0.65625 0.0481226
0.667969 0.0497345
0.679688 0.0513684
0.691406 0.0530232
0.703125 0.0546978
0.714844 0.0563904
0.726562 0.0580989
0.738281 0.0598212
0.75 0.0615548
0.761719 0.0632974
0.773438 0.0650466
0.785156 0.0668003
0.796875 0.0685562
0.808594 0.0703127
0.820312 0.0720678
0.832031 0.0738201
0.84375 0.0755683
0.855469 0.0773113
0.867188 0.0790481
0.878906 0.080778
0.890625 0.0825002
0.902344 0.0842143
0.914062 0.0859199
0.925781 0.0876167
0.9375 0.0893045
0.949219 0.0909831
0.960938 0.0926524
0.972656 0.0943125
0.984375 0.0959633
0.996094 0.0976049
1.00781 0.0992374
1.01953 0.100861
1.03125 0.102475
1.04297 0.104081
1.05469 0.105678
1.06641 0.107266
1.07812 0.108846
1.08984 0.110418
1.10156 0.111981
1.11328 0.113537
1.125 0.115084
1.13672 0.116624
1.14844 0.118157
1.16016 0.119682
1.17188 0.121199
1.18359 0.12271
1.19531 0.124214
1.20703 0.12571
1.21875 0.1272
1.23047 0.128683
1.24219 0.13016
1.25391 0.13163
1.26562 0.133094
1.27734 0.134552
1.28906 0.136004
1.30078 0.13745
1.3125 0.13889
1.32422 0.140325
1.33594 0.141753
1.34766 0.143177
1.35938 0.144595
1.37109 0.146008
1.38281 0.147415
1.39453 0.148818
1.40625 0.150215
1.41797 0.151608
1.42969 0.152996
1.44141 0.15438
1.45312 0.155758
1.46484 0.157133
1.47656 0.158503
1.48828 0.159869
1.5 0.16123
1.51172 0.162588
1.52344 0.163942
1.53516 0.165291
1.54688 0.166637
1.55859 0.16798
1.57031 0.169318
1.58203 0.170654
1.59375 0.171985
1.60547 0.173314
1.61719 0.174639
1.62891 0.17596
1.64062 0.177279
1.65234 0.178595
1.66406 0.179907
1.67578 0.181217
1.6875 0.182524
1.69922 0.183828
1.71094 0.185129
1.72266 0.186428
1.73438 0.187724
1.74609 0.189018
1.75781 0.190309
1.76953 0.191598
1.78125 0.192884
1.79297 0.194168
1.80469 0.19545
1.81641 0.19673
1.82812 0.198007
1.83984 0.199283
1.85156 0.200556
1.86328 0.201828
1.875 0.203097
1.88672 0.204365
1.89844 0.205631
1.91016 0.206895
1.92188 0.208157
1.93359 0.209418
1.94531 0.210676
1.95703 0.211934
1.96875 0.213189
1.98047 0.214443
1.99219 0.215696
2.00391 0.216947
2.01562 0.218196
2.02734 0.219444
2.03906 0.220691
2.05078 0.221936
2.0625 0.22318
2.07422 0.224422
2.08594 0.225664
2.09766 0.226904
2.10938 0.228142
2.12109 0.22938
2.13281 0.230616
2.14453 0.231851
2.15625 0.233085
2.16797 0.234318
2.17969 0.235549
2.19141 0.23678
2.20312 0.238009
2.21484 0.239238
2.22656 0.240465
2.23828 0.241691
2.25 0.242916
2.26172 0.244141
2.27344 0.245364
2.28516 0.246586
2.29688 0.247807
2.30859 0.249027
2.32031 0.250246
2.33203 0.251465
2.34375 0.252682
2.35547 0.253898
2.36719 0.255114
2.37891 0.256328
2.39062 0.257542
2.40234 0.258754
2.41406 0.259966
2.42578 0.261177
2.4375 0.262387
2.44922 0.263596
2.46094 0.264804
2.47266 0.266011
2.48438 0.267217
2.49609 0.268422
2.50781 0.269627
2.51953 0.27083
2.53125 0.272033
2.54297 0.273234
2.55469 0.274435
2.56641 0.275635
2.57812 0.276834
2.58984 0.278032
2.60156 0.279229
2.61328 0.280425
2.625 0.28162
2.63672 0.282814
2.64844 0.284007
2.66016 0.285199
2.67188 0.28639
2.68359 0.287581
2.69531 0.28877
2.70703 0.289958
2.71875 0.291145
2.73047 0.292332
2.74219 0.293517
2.75391 0.294701
2.76562 0.295884
2.77734 0.297066
2.78906 0.298247
2.80078 0.299427
2.8125 0.300605
2.82422 0.301783
2.83594 0.30296
2.84766 0.304135
2.85938 0.305309
2.87109 0.306482
2.88281 0.307654
2.89453 0.308825
2.90625 0.309994
2.91797 0.311162
2.92969 0.312329
2.94141 0.313495
2.95312 0.31466
2.96484 0.315823
2.97656 0.316985
2.98828 0.318145
3 0.319305
