0 4.14952e-23
0.0117188 4.74382e-23
0.0234375 5.51868e-23
0.0351562 6.54333e-23
0.046875 7.88427e-23
0.0585938 9.71031e-23
0.0703125 1.23027e-22
0.0820312 1.58766e-22
0.09375 2.1223e-22
0.105469 2.92343e-22
0.117188 4.132e-22
0.128906 6.08356e-22
0.140625 9.30589e-22
0.152344 1.47614e-21
0.164062 2.33228e-21
0.175781 3.95779e-21
0.1875 6.78626e-21
0.199219 1.20985e-20
0.210938 2.2381e-20
0.222656 4.16408e-20
0.234375 8.42877e-20
0.246094 1.73471e-19
0.257812 3.57595e-19
0.269531 7.47306e-19
0.28125 1.70742e-18
0.292969 4.23065e-18
0.304688 1.01125e-17
0.316406 2.63486e-17
0.328125 6.99355e-17
0.339844 1.70612e-16
0.351562 3.69461e-16
0.363281 6.82578e-16
0.375 1.34328e-15
0.386719 2.74317e-15
0.398438 5.5227e-15
0.410156 1.00867e-14
0.421875 1.83287e-14
0.433594 3.30489e-14
0.445312 5.9363e-14
0.457031 1.06859e-13
0.46875 1.91935e-13
0.480469 3.44192e-13
0.492188 6.1635e-13
0.503906 1.10235e-12
0.515625 1.9685e-12
0.527344 3.51014e-12
0.539062 6.24973e-12
0.550781 1.11114e-11
0.5625 1.97256e-11
0.574219 3.49665e-11
0.585938 6.18922e-11
0.597656 1.0939e-10
0.609375 1.93056e-10
0.621094 3.40208e-10
0.632812 5.98639e-10
0.644531 1.05182e-09
0.65625 1.84535e-09
0.667969 3.23271e-09
0.679688 5.65469e-09
0.691406 9.87642e-09
0.703125 1.72241e-08
0.714844 2.99923e-08
0.726562 5.21452e-08
0.738281 9.05186e-08
0.75 1.56879e-07
0.761719 2.71439e-07
0.773438 4.68845e-07
0.785156 8.0834e-07
0.796875 1.39093e-06
0.808594 2.38821e-06
0.820312 4.09047e-06
0.832031 6.9859e-06
0.84375 1.18893e-05
0.855469 2.0146e-05
0.867188 3.39442e-05
0.878906 5.67669e-05
0.890625 9.39887e-05
0.902344 0.000153541
0.914062 0.000246411
0.925781 0.000386549
0.9375 0.000589725
0.949219 0.000871334
0.960938 0.00124399
0.972656 0.00171594
0.984375 0.00229031
0.996094 0.00296407
1.00781 0.00372668
1.01953 0.00456015
1.03125 0.00544201
1.04297 0.00635026
1.05469 0.00726765
1.06641 0.00818346
1.07812 0.009093
1.08984 0.00999582
1.10156 0.0108938
1.11328 0.0117899
1.125 0.0126871
1.13672 0.0135881
1.14844 0.0144951
1.16016 0.0154098
1.17188 0.0163336
1.18359 0.0172675
1.19531 0.0182122
1.20703 0.0191682
1.21875 0.020136
1.23047 0.0211158
1.24219 0.0221078
1.25391 0.023112
1.26562 0.0241284
1.27734 0.025157
1.28906 0.0261977
1.30078 0.0272504
1.3125 0.0283148
1.32422 0.0293908
1.33594 0.0304781
1.34766 0.0315765
1.35938 0.0326856
1.37109 0.0338054
1.38281 0.0349353
1.39453 0.0360753
1.40625 0.0372248
1.41797 0.0383838
1.42969 0.0395518
1.44141 0.0407286
1.45312 0.0419138
1.46484 0.0431073
1.47656 0.0443087
1.48828 0.0455178
1.5 0.0467343
1.51172 0.0479579
1.52344 0.0491884
1.53516 0.0504255
1.54688 0.0516691
1.55859 0.0529189
1.57031 0.0541746
1.58203 0.0554361
1.59375 0.0567032
1.60547 0.0579757
1.61719 0.0592533
1.62891 0.060536
1.64062 0.0618235
1.65234 0.0631157
1.66406 0.0644124
1.67578 0.0657135
1.6875 0.0670188
1.69922 0.0683281
1.71094 0.0696415
1.72266 0.0709586
1.73438 0.0722794
1.74609 0.0736039
1.75781 0.0749318
1.76953 0.076263
1.78125 0.0775975
1.79297 0.0789351
1.80469 0.0802759
1.81641 0.0816195
1.82812 0.0829661
1.83984 0.0843155
1.85156 0.0856675
1.86328 0.0870223
1.875 0.0883795
1.88672 0.0897393
1.89844 0.0911015
1.91016 0.092466
1.92188 0.0938329
1.93359 0.095202
1.94531 0.0965732
1.95703 0.0979466
1.96875 0.099322
1.98047 0.100699
1.99219 0.102079
2.00391 0.10346
2.01562 0.104843
2.02734 0.106228
2.03906 0.107615
2.05078 0.109004
2.0625 0.110394
2.07422 0.111786
2.08594 0.113179
2.09766 0.114574
2.10938 0.115971
2.12109 0.117369
2.13281 0.118768
2.14453 0.120169
2.15625 0.121572
2.16797 0.122975
2.17969 0.12438
2.19141 0.125787
2.20312 0.127195
2.21484 0.128604
2.22656 0.130014
2.23828 0.131425
2.25 0.132838
2.26172 0.134252
2.27344 0.135666
2.28516 0.137082
2.29688 0.138499
2.30859 0.139918
2.32031 0.141337
2.33203 0.142757
2.34375 0.144178
2.35547 0.1456
2.36719 0.147023
2.37891 0.148447
2.39062 0.149872
2.40234 0.151297
2.41406 0.152724
2.42578 0.154151
2.4375 0.155579
2.44922 0.157008
2.46094 0.158437
2.47266 0.159868
2.48438 0.161299
2.49609 0.16273
2.50781 0.164163
2.51953 0.165596
2.53125 0.167029
2.54297 0.168463
2.55469 0.169898
2.56641 0.171333
2.57812 0.172769
2.58984 0.174205
2.60156 0.175641
2.61328 0.177078
2.625 0.178516
2.63672 0.179954
2.64844 0.181392
2.66016 0.18283
2.67188 0.184269
2.68359 0.185708
2.69531 0.187147
2.70703 0.188586
2.71875 0.190025
2.73047 0.191465
2.74219 0.192905
2.75391 0.194344
2.76562 0.195784
2.77734 0.197224
2.78906 0.198664
2.80078 0.200103
2.8125 0.201543
2.82422 0.202982
2.83594 0.204421
2.84766 0.20586
2.85938 0.207299
2.87109 0.208738
2.88281 0.210176
2.89453 0.211613
2.90625 0.213051
2.91797 0.214488
2.92969 0.215924
2.94141 0.21736
2.95312 0.218796
2.96484 0.22023
2.97656 0.221665
2.98828 0.223098
3 0.224531
