79	4898
0	0	600
0	2	25
0	3	167
0	4	22
0	5	148
0	6	205
0	7	694
0	9	12
0	10	101
0	12	60
0	13	331
0	14	135
0	16	593
0	17	363
0	18	15
0	19	252
0	20	78
0	21	53
0	22	6
0	23	75
0	24	300
0	25	221
0	27	533
0	29	735
0	31	3
0	32	94
0	33	167
0	34	202
0	35	151
0	36	271
0	38	9
0	39	217
0	40	75
0	41	154
0	43	22
0	44	37
0	45	9
0	46	120
0	47	110
0	48	799
0	49	72
0	50	53
0	51	78
0	52	129
0	53	6
0	54	337
0	55	110
0	56	88
0	57	126
0	58	47
0	59	9
0	60	224
0	61	6
0	62	644
0	64	300
0	65	3
0	67	262
0	69	44
0	70	110
0	71	15
0	72	268
0	73	47
0	76	192
0	77	6
0	78	410
1	0	1
1	3	13
1	6	1
1	7	1
1	9	1
1	10	1
1	12	19
1	13	6
1	16	8
1	17	8
1	19	3
1	20	1
1	23	3
1	24	13
1	25	8
1	29	13
1	33	4
1	34	14
1	36	1
1	39	6
1	41	6
1	43	3
1	47	4
1	48	11
1	51	3
1	52	1
1	54	4
1	55	6
1	56	1
1	62	1
1	64	1
1	67	1
1	70	1
2	0	19
2	3	39
2	5	177
2	7	39
2	10	19
2	12	19
2	13	19
2	16	39
2	17	19
2	18	19
2	19	19
2	20	39
2	21	78
2	24	59
2	27	78
2	29	98
2	31	19
2	32	19
2	34	78
2	35	39
2	36	59
2	39	19
2	40	19
2	41	39
2	43	19
2	44	39
2	46	59
2	47	39
2	48	59
2	49	39
2	51	78
2	52	19
2	54	118
2	55	138
2	56	19
2	59	19
2	60	39
2	62	216
2	64	177
2	67	39
2	69	19
2	70	39
2	72	433
2	76	19
2	78	138
3	0	27
3	1	1
3	2	3
3	3	217
3	5	41
3	6	41
3	7	93
3	9	3
3	10	11
3	12	151
3	13	211
3	14	45
3	16	103
3	17	95
3	18	1
3	19	75
3	20	47
3	21	35
3	23	45
3	24	213
3	25	65
3	26	1
3	27	277
3	29	111
3	30	5
3	31	1
3	32	33
3	33	19
3	34	301
3	35	23
3	36	73
3	38	5
3	39	63
3	40	23
3	41	83
3	42	1
3	43	39
3	44	13
3	45	9
3	46	45
3	47	81
3	48	279
3	49	23
3	50	53
3	51	29
3	52	21
3	53	1
3	54	145
3	55	199
3	56	73
3	57	9
3	58	5
3	59	3
3	60	19
3	61	1
3	62	147
3	64	79
3	67	81
3	69	5
3	70	25
3	71	1
3	72	49
3	73	11
3	76	53
3	77	3
3	78	99
4	0	7
4	3	3
4	4	18
4	6	7
4	7	7
4	10	11
4	12	7
4	14	3
4	16	7
4	17	7
4	19	41
4	24	7
4	27	3
4	29	7
4	31	11
4	32	3
4	33	7
4	34	3
4	35	3
4	36	7
4	41	7
4	44	3
4	46	3
4	48	7
4	52	3
4	54	22
4	55	3
4	60	3
4	62	11
4	64	7
4	67	11
4	70	30
4	72	3
4	73	7
4	74	3
4	76	3
4	78	15
5	0	89
5	1	2
5	2	43
5	3	226
5	5	5408
5	6	152
5	7	370
5	8	2
5	9	66
5	10	51
5	12	112
5	13	359
5	14	120
5	16	433
5	17	252
5	18	137
5	19	160
5	20	2088
5	21	2027
5	22	2
5	23	77
5	24	244
5	25	175
5	27	594
5	29	588
5	30	54
5	31	2
5	32	180
5	33	172
5	34	272
5	35	97
5	36	180
5	38	40
5	39	390
5	40	86
5	41	404
5	42	68
5	43	74
5	44	40
5	45	20
5	46	80
5	47	209
5	48	746
5	49	77
5	50	86
5	51	310
5	52	160
5	53	123
5	54	298
5	55	232
5	56	117
5	57	34
5	58	2297
5	59	8
5	60	80
5	61	20
5	62	514
5	64	1013
5	66	2
5	67	353
5	69	11
5	70	68
5	71	2
5	72	482
5	73	54
5	75	14
5	76	287
5	77	14
5	78	327
6	0	399
6	2	20
6	3	276
6	4	17
6	5	171
6	6	825
6	7	658
6	9	15
6	10	181
6	12	89
6	13	399
6	14	97
6	16	858
6	17	468
6	18	33
6	19	604
6	20	135
6	21	94
6	22	5
6	23	140
6	24	415
6	25	471
6	27	1071
6	29	766
6	30	10
6	32	105
6	33	228
6	34	279
6	35	94
6	36	768
6	38	12
6	39	192
6	40	187
6	41	230
6	42	2
6	43	28
6	44	92
6	45	5
6	46	179
6	47	110
6	48	1148
6	49	79
6	50	56
6	51	105
6	52	133
6	53	7
6	54	989
6	55	176
6	56	302
6	57	51
6	58	46
6	59	10
6	60	97
6	61	7
6	62	592
6	64	289
6	65	7
6	67	261
6	69	46
6	70	292
6	71	7
6	72	253
6	73	38
6	76	530
6	77	2
6	78	1140
7	0	124
7	1	6
7	2	31
7	3	234
7	4	3
7	5	196
7	6	218
7	7	1092
7	10	78
7	12	28
7	13	518
7	14	121
7	16	708
7	17	396
7	18	21
7	19	355
7	20	152
7	21	74
7	22	15
7	23	174
7	24	334
7	25	187
7	26	3
7	27	646
7	28	6
7	29	458
7	30	9
7	32	53
7	33	393
7	34	259
7	35	56
7	36	290
7	38	12
7	39	187
7	40	90
7	41	162
7	42	6
7	43	18
7	44	59
7	45	28
7	46	106
7	47	174
7	48	1439
7	49	37
7	50	62
7	51	99
7	52	162
7	53	21
7	54	384
7	55	121
7	56	137
7	57	62
7	58	31
7	59	18
7	60	71
7	61	6
7	62	721
7	64	412
7	65	3
7	67	471
7	69	24
7	70	99
7	71	3
7	72	274
7	73	21
7	75	3
7	76	368
7	77	9
7	78	412
8	0	40
8	3	30
8	5	90
8	6	50
8	7	20
8	8	211
8	9	10
8	10	10
8	12	30
8	13	50
8	14	30
8	16	60
8	17	20
8	18	30
8	19	30
8	20	110
8	21	60
8	24	60
8	25	20
8	27	50
8	29	30
8	30	10
8	31	20
8	32	20
8	33	30
8	34	70
8	35	10
8	39	70
8	40	10
8	41	30
8	42	120
8	44	10
8	45	20
8	46	40
8	47	20
8	48	70
8	49	20
8	50	40
8	51	20
8	52	10
8	53	40
8	54	30
8	55	20
8	56	20
8	57	10
8	60	10
8	62	40
8	64	60
8	66	60
8	67	30
8	70	30
8	75	60
8	76	10
8	77	10
8	78	40
9	0	8
9	2	2
9	3	35
9	5	302
9	6	23
9	7	26
9	8	2
9	9	220
9	10	5
9	12	5
9	13	50
9	14	14
9	16	38
9	17	32
9	18	17
9	19	26
9	20	220
9	21	170
9	24	26
9	25	5
9	27	85
9	28	2
9	29	44
9	30	11
9	32	14
9	33	23
9	34	44
9	35	8
9	36	11
9	38	2
9	39	11
9	40	2
9	41	32
9	42	67
9	43	8
9	44	11
9	46	5
9	47	14
9	48	129
9	49	2
9	50	14
9	51	26
9	52	20
9	53	350
9	54	29
9	55	32
9	56	8
9	58	47
9	60	11
9	61	2
9	62	44
9	64	97
9	67	44
9	69	2
9	70	8
9	72	20
9	73	5
9	75	11
9	76	14
9	78	41
10	0	132
10	2	11
10	3	33
10	4	2
10	5	29
10	6	175
10	7	89
10	10	98
10	12	13
10	13	65
10	14	13
10	16	155
10	17	38
10	18	2
10	19	157
10	20	17
10	21	17
10	23	29
10	24	33
10	25	47
10	27	181
10	29	134
10	31	2
10	32	15
10	33	62
10	34	20
10	35	17
10	36	67
10	38	2
10	39	40
10	40	15
10	41	38
10	43	4
10	44	35
10	45	2
10	46	22
10	47	26
10	48	159
10	49	15
10	50	15
10	51	13
10	52	24
10	53	6
10	54	262
10	55	40
10	56	65
10	57	4
10	58	4
10	59	8
10	60	4
10	62	150
10	64	47
10	67	51
10	69	11
10	70	146
10	71	4
10	72	40
10	73	8
10	75	2
10	76	71
10	78	128
11	0	41
11	2	4
11	3	4
11	4	2
11	5	9
11	6	32
11	7	32
11	10	64
11	11	6
11	12	6
11	13	39
11	14	6
11	16	62
11	17	16
11	18	2
11	19	64
11	20	6
11	21	9
11	23	9
11	24	13
11	25	11
11	27	73
11	29	78
11	30	2
11	32	4
11	33	13
11	34	20
11	35	6
11	36	34
11	39	13
11	40	9
11	41	13
11	42	2
11	44	2
11	46	16
11	47	23
11	48	112
11	49	2
11	50	13
11	51	9
11	52	4
11	53	2
11	54	145
11	55	16
11	56	34
11	57	2
11	58	6
11	59	4
11	60	4
11	61	2
11	62	101
11	64	13
11	65	2
11	67	9
11	69	11
11	70	27
11	72	48
11	73	9
11	76	43
11	77	2
11	78	52
12	0	144
12	1	32
12	2	38
12	3	836
12	4	2
12	5	332
12	6	233
12	7	341
12	8	11
12	9	6
12	10	80
12	12	2467
12	13	660
12	14	178
12	16	465
12	17	398
12	18	89
12	19	204
12	20	220
12	21	176
12	23	185
12	24	891
12	25	353
12	26	25
12	27	1178
12	28	2
12	29	440
12	30	50
12	31	9
12	32	245
12	33	190
12	34	1029
12	35	80
12	36	357
12	37	4
12	38	20
12	39	353
12	40	162
12	41	401
12	42	48
12	43	192
12	44	55
12	45	132
12	46	265
12	47	263
12	48	1169
12	49	52
12	50	515
12	51	153
12	52	128
12	53	29
12	54	460
12	55	1178
12	56	261
12	57	38
12	58	22
12	59	9
12	60	94
12	61	6
12	62	428
12	64	486
12	67	337
12	69	25
12	70	137
12	71	2
12	72	236
12	73	25
12	75	2
12	76	341
12	77	34
12	78	568
13	0	87
13	1	4
13	2	20
13	3	653
13	5	187
13	6	145
13	7	495
13	8	4
13	9	8
13	10	79
13	12	62
13	13	1414
13	14	486
13	16	441
13	17	857
13	18	37
13	19	228
13	20	145
13	21	108
13	22	24
13	23	145
13	24	669
13	25	274
13	27	628
13	28	4
13	29	332
13	30	112
13	31	8
13	32	128
13	33	137
13	34	915
13	35	124
13	36	233
13	38	29
13	39	424
13	40	104
13	41	466
13	42	16
13	43	20
13	44	37
13	45	33
13	46	162
13	47	79
13	48	603
13	49	58
13	50	133
13	51	170
13	52	245
13	53	16
13	54	395
13	55	270
13	56	108
13	57	66
13	59	20
13	60	99
13	61	8
13	62	486
13	64	445
13	65	12
13	67	611
13	69	16
13	70	91
13	71	12
13	72	208
13	73	41
13	76	303
13	77	8
13	78	332
14	0	274
14	1	46
14	2	69
14	3	1204
14	4	11
14	5	490
14	6	312
14	7	1177
14	8	3
14	9	38
14	10	185
14	12	181
14	13	1791
14	14	1304
14	16	903
14	17	1166
14	18	119
14	19	374
14	20	416
14	21	312
14	22	54
14	23	189
14	24	1239
14	25	428
14	27	1223
14	29	776
14	30	169
14	31	11
14	32	393
14	33	382
14	34	1602
14	35	301
14	36	528
14	38	50
14	39	1162
14	40	177
14	41	922
14	42	61
14	43	123
14	44	96
14	45	100
14	46	220
14	47	397
14	48	1401
14	49	108
14	50	220
14	51	362
14	52	818
14	53	61
14	54	814
14	55	517
14	56	166
14	57	189
14	58	38
14	59	11
14	60	200
14	61	23
14	62	698
14	64	1138
14	65	23
14	67	1528
14	69	57
14	70	154
14	71	30
14	72	610
14	73	73
14	75	11
14	76	397
14	77	11
14	78	675
15	0	29
15	3	44
15	4	103
15	5	14
15	6	14
15	7	29
15	13	14
15	16	44
15	17	29
15	19	58
15	21	29
15	24	14
15	25	29
15	29	58
15	31	14
15	32	14
15	33	73
15	34	44
15	35	14
15	36	29
15	37	14
15	39	14
15	41	14
15	44	29
15	46	14
15	47	14
15	48	14
15	50	29
15	51	29
15	52	14
15	54	58
15	55	58
15	56	14
15	60	14
15	62	88
15	64	58
15	65	14
15	67	29
15	70	14
15	72	14
15	76	29
15	78	73
16	0	143
16	1	4
16	2	46
16	3	134
16	4	2
16	5	150
16	6	227
16	7	691
16	8	2
16	9	11
16	10	74
16	12	51
16	13	315
16	14	34
16	16	1469
16	17	280
16	18	23
16	19	380
16	20	113
16	21	64
16	22	2
16	23	118
16	24	269
16	25	176
16	27	698
16	29	831
16	30	16
16	32	74
16	33	366
16	34	185
16	35	71
16	36	355
16	38	11
16	39	153
16	40	51
16	41	169
16	42	2
16	43	32
16	44	39
16	45	9
16	46	97
16	47	104
16	48	1501
16	49	39
16	50	55
16	51	60
16	52	97
16	53	13
16	54	429
16	55	125
16	56	136
16	57	20
16	58	46
16	59	2
16	60	64
16	61	6
16	62	798
16	64	306
16	65	11
16	67	454
16	68	2
16	69	13
16	70	153
16	71	6
16	72	220
16	73	16
16	75	4
16	76	457
16	77	6
16	78	452
17	0	211
17	1	5
17	2	60
17	3	647
17	4	2
17	5	241
17	6	466
17	7	1406
17	9	13
17	10	189
17	11	2
17	12	137
17	13	1176
17	14	167
17	16	1233
17	17	1439
17	18	46
17	19	611
17	20	227
17	21	148
17	22	8
17	23	419
17	24	1009
17	25	625
17	26	2
17	27	1768
17	29	918
17	30	19
17	32	191
17	33	455
17	34	767
17	35	123
17	36	663
17	38	41
17	39	372
17	40	189
17	41	414
17	42	16
17	43	87
17	44	123
17	45	13
17	46	356
17	47	194
17	48	1905
17	49	82
17	50	123
17	51	189
17	52	282
17	53	16
17	54	786
17	55	381
17	56	339
17	57	93
17	58	57
17	59	24
17	60	178
17	61	5
17	62	1088
17	64	627
17	65	10
17	67	600
17	69	30
17	70	246
17	71	5
17	72	438
17	73	63
17	75	2
17	76	817
17	77	16
17	78	929
18	0	32
18	2	5
18	3	137
18	5	265
18	6	60
18	7	107
18	9	15
18	10	25
18	12	77
18	13	222
18	14	57
18	16	177
18	17	150
18	18	716
18	19	72
18	20	232
18	21	162
18	23	35
18	24	112
18	25	65
18	26	2
18	27	280
18	29	155
18	30	102
18	32	47
18	33	50
18	34	182
18	35	45
18	36	85
18	38	15
18	39	130
18	40	25
18	41	155
18	42	162
18	43	52
18	44	7
18	45	77
18	46	37
18	47	120
18	48	420
18	49	37
18	50	42
18	51	145
18	52	35
18	53	50
18	54	125
18	55	102
18	56	60
18	57	17
18	58	32
18	59	2
18	60	37
18	62	212
18	64	285
18	66	2
18	67	145
18	69	5
18	70	37
18	71	2
18	72	72
18	73	12
18	75	2
18	76	67
18	78	122
19	0	532
19	1	15
19	2	109
19	3	360
19	4	65
19	5	484
19	6	986
19	7	869
19	9	30
19	10	415
19	11	5
19	12	109
19	13	654
19	14	119
19	16	1500
19	17	507
19	18	35
19	19	5711
19	20	332
19	21	207
19	22	32
19	23	225
19	24	519
19	25	585
19	27	1969
19	28	2
19	29	1434
19	30	22
19	31	35
19	32	210
19	33	357
19	34	512
19	35	147
19	36	1194
19	38	17
19	39	286
19	40	291
19	41	281
19	42	15
19	43	60
19	44	507
19	45	32
19	46	228
19	47	479
19	48	2677
19	49	147
19	50	192
19	51	169
19	52	218
19	53	43
19	54	3369
19	55	362
19	56	580
19	57	93
19	58	141
19	59	91
19	60	134
19	61	12
19	62	1660
19	64	499
19	65	93
19	66	2
19	67	534
19	69	30
19	70	2862
19	71	25
19	72	514
19	73	86
19	75	2
19	76	986
19	77	20
19	78	1815
20	0	180
20	1	2
20	2	121
20	3	391
20	5	8083
20	6	234
20	7	605
20	8	2
20	9	275
20	10	154
20	11	2
20	12	148
20	13	649
20	14	145
20	16	830
20	17	554
20	18	296
20	19	382
20	20	5659
20	21	2907
20	22	2
20	23	88
20	24	418
20	25	272
20	26	5
20	27	1142
20	28	5
20	29	1085
20	30	86
20	31	2
20	32	370
20	33	296
20	34	510
20	35	216
20	36	421
20	38	32
20	39	545
20	40	124
20	41	617
20	42	210
20	43	109
20	44	65
20	45	62
20	46	127
20	47	462
20	48	1791
20	49	189
20	50	121
20	51	471
20	52	213
20	53	480
20	54	557
20	55	293
20	56	261
20	57	53
20	58	3924
20	59	5
20	60	130
20	61	5
20	62	1228
20	64	1681
20	65	8
20	67	628
20	69	56
20	70	142
20	71	5
20	72	519
20	73	112
20	75	5
20	76	453
20	77	26
20	78	507
21	0	264
21	1	2
21	2	113
21	3	394
21	4	2
21	5	6856
21	6	307
21	7	500
21	9	161
21	10	105
21	12	119
21	13	532
21	14	185
21	16	749
21	17	376
21	18	201
21	19	288
21	20	3310
21	21	4708
21	22	7
21	23	90
21	24	405
21	25	352
21	26	2
21	27	1038
21	29	677
21	30	90
21	31	5
21	32	270
21	33	278
21	34	410
21	35	166
21	36	352
21	37	2
21	38	103
21	39	508
21	40	100
21	41	574
21	42	95
21	43	74
21	44	58
21	45	34
21	46	127
21	47	569
21	48	1292
21	49	135
21	50	113
21	51	402
21	52	148
21	53	259
21	54	360
21	55	312
21	56	174
21	57	47
21	58	3238
21	59	2
21	60	108
21	61	31
21	62	765
21	64	1543
21	65	23
21	67	479
21	69	50
21	70	95
21	71	13
21	72	646
21	73	90
21	75	7
21	76	309
21	77	18
21	78	463
22	0	80
22	2	13
22	3	58
22	5	71
22	6	125
22	7	44
22	10	85
22	12	13
22	13	44
22	14	22
22	16	85
22	17	125
22	18	4
22	19	247
22	20	58
22	21	35
22	22	485
22	23	13
22	24	85
22	25	26
22	27	197
22	29	139
22	31	94
22	32	17
22	33	35
22	34	121
22	35	35
22	36	76
22	37	17
22	38	17
22	39	53
22	40	53
22	41	8
22	43	8
22	44	22
22	46	31
22	47	94
22	48	166
22	49	8
22	50	8
22	51	4
22	52	26
22	53	17
22	54	179
22	55	58
22	56	44
22	57	13
22	59	44
22	60	31
22	62	35
22	64	107
22	65	17
22	67	130
22	69	8
22	70	98
22	71	4
22	72	125
22	73	53
22	74	4
22	76	62
22	77	350
22	78	143
23	0	127
23	1	2
23	2	35
23	3	394
23	4	2
23	5	138
23	6	212
23	7	337
23	8	2
23	9	5
23	10	78
23	12	51
23	13	453
23	14	97
23	16	540
23	17	459
23	18	10
23	19	255
23	20	133
23	21	89
23	22	2
23	23	864
23	24	535
23	25	494
23	27	959
23	28	2
23	29	394
23	30	5
23	32	76
23	33	160
23	34	388
23	35	35
23	36	396
23	38	16
23	39	228
23	40	146
23	41	184
23	42	16
23	43	46
23	44	103
23	45	10
23	46	437
23	47	59
23	48	646
23	49	40
23	50	84
23	51	125
23	52	141
23	53	8
23	54	388
23	55	320
23	56	250
23	57	43
23	58	16
23	59	21
23	60	46
23	61	2
23	62	307
23	64	260
23	65	2
23	67	222
23	69	29
23	70	100
23	71	8
23	72	157
23	73	21
23	76	377
23	77	10
23	78	530
24	0	183
24	1	10
24	2	73
24	3	958
24	4	8
24	5	342
24	6	369
24	7	536
24	9	2
24	10	106
24	11	5
24	12	238
24	13	999
24	14	191
24	16	930
24	17	933
24	18	60
24	19	344
24	20	224
24	21	147
24	22	13
24	23	823
24	24	1724
24	25	714
24	26	16
24	27	1464
24	29	722
24	30	30
24	32	153
24	33	249
24	34	1190
24	35	147
24	36	572
24	38	46
24	39	353
24	40	270
24	41	358
24	42	8
24	43	101
24	44	73
24	45	19
24	46	711
24	47	172
24	48	1190
24	49	82
24	50	191
24	51	153
24	52	194
24	53	21
24	54	854
24	55	982
24	56	312
24	57	62
24	58	68
24	59	5
24	60	95
24	61	2
24	62	520
24	64	416
24	65	2
24	67	446
24	69	30
24	70	153
24	71	2
24	72	405
24	73	49
24	75	8
24	76	500
24	77	10
24	78	706
25	0	208
25	1	18
25	2	63
25	3	549
25	4	7
25	5	285
25	6	437
25	7	685
25	8	2
25	9	16
25	10	159
25	11	2
25	12	142
25	13	725
25	14	119
25	16	1233
25	17	641
25	18	23
25	19	493
25	20	168
25	21	147
25	22	2
25	23	957
25	24	872
25	25	1734
25	27	2019
25	29	875
25	30	28
25	31	21
25	32	177
25	33	294
25	34	676
25	35	93
25	36	952
25	38	7
25	39	327
25	40	538
25	41	421
25	42	9
25	43	109
25	44	163
25	45	25
25	46	662
25	47	201
25	48	1312
25	49	67
25	50	163
25	51	205
25	52	145
25	53	16
25	54	1078
25	55	587
25	56	671
25	57	77
25	58	60
25	59	9
25	60	119
25	61	4
25	62	819
25	64	512
25	65	4
25	67	444
25	68	2
25	69	44
25	70	238
25	71	7
25	72	372
25	73	25
25	75	2
25	76	716
25	77	9
25	78	1408
26	0	10
26	3	14
26	5	7
26	6	14
26	7	10
26	10	7
26	12	17
26	13	14
26	14	3
26	16	14
26	17	25
26	18	10
26	19	3
26	20	3
26	21	7
26	23	14
26	24	28
26	25	10
26	26	14
26	27	64
26	29	17
26	32	7
26	33	7
26	34	46
26	36	7
26	39	10
26	40	3
26	41	14
26	42	7
26	43	3
26	44	3
26	45	7
26	46	17
26	47	10
26	48	50
26	50	364
26	51	10
26	52	3
26	54	25
26	55	110
26	56	7
26	57	3
26	60	3
26	62	50
26	64	25
26	69	3
26	72	7
26	73	3
26	76	35
26	77	3
26	78	28
27	0	390
27	1	4
27	2	42
27	3	616
27	4	2
27	5	316
27	6	583
27	7	1453
27	8	2
27	9	11
27	10	172
27	11	2
27	12	137
27	13	1059
27	14	189
27	16	1862
27	17	1025
27	18	42
27	19	704
27	20	276
27	21	158
27	22	4
27	23	628
27	24	919
27	25	758
27	26	2
27	27	2985
27	29	1302
27	30	33
27	31	7
27	32	205
27	33	546
27	34	692
27	35	120
27	36	886
27	38	30
27	39	406
27	40	352
27	41	489
27	42	14
27	43	82
27	44	191
27	45	37
27	46	375
27	47	231
27	48	1983
27	49	94
27	50	130
27	51	196
27	52	229
27	53	26
27	54	1023
27	55	439
27	56	501
27	57	47
27	58	66
27	59	11
27	60	153
27	61	4
27	62	1163
27	64	548
27	65	9
27	67	581
27	69	59
27	70	297
27	71	11
27	72	470
27	73	42
27	75	2
27	76	1129
27	77	16
27	78	1340
28	0	14
28	3	9
28	5	4
28	6	4
28	7	4
28	10	19
28	13	14
28	16	29
28	17	9
28	19	9
28	20	4
28	21	24
28	24	24
28	25	9
28	27	29
28	28	117
28	29	34
28	32	4
28	33	4
28	34	9
28	39	9
28	42	9
28	45	14
28	47	14
28	48	34
28	49	14
28	51	9
28	52	4
28	54	24
28	55	14
28	56	4
28	62	9
28	64	14
28	67	14
28	69	4
28	70	4
28	72	9
28	76	4
28	77	283
28	78	4
29	0	160
29	2	14
29	3	60
29	4	21
29	5	50
29	6	82
29	7	232
29	10	43
29	12	14
29	13	172
29	14	36
29	16	271
29	17	150
29	18	7
29	19	89
29	20	41
29	21	26
29	23	36
29	24	114
29	25	99
29	27	211
29	29	448
29	30	4
29	31	2
29	32	7
29	33	87
29	34	65
29	35	16
29	36	169
29	39	58
29	40	26
29	41	65
29	44	7
29	45	4
29	46	55
29	47	50
29	48	485
29	49	16
29	50	7
29	51	14
29	52	55
29	53	4
29	54	174
29	55	41
29	56	50
29	57	21
29	58	14
29	59	16
29	60	53
29	61	2
29	62	458
29	64	92
29	67	55
29	69	14
29	70	72
29	71	14
29	72	114
29	73	7
29	76	235
29	77	2
29	78	169
30	0	11
30	2	9
30	3	28
30	5	49
30	6	12
30	7	19
30	10	5
30	12	20
30	13	46
30	14	14
30	16	47
30	17	23
30	18	5
30	19	10
30	20	18
30	21	14
30	23	10
30	24	30
30	25	13
30	27	67
30	29	43
30	30	32
30	32	15
30	33	11
30	34	39
30	35	5
30	36	14
30	39	51
30	40	2
30	41	35
30	42	2
30	43	11
30	44	2
30	45	4
30	46	3
30	47	32
30	48	114
30	49	4
30	50	2
30	51	44
30	52	16
30	53	1
30	54	23
30	55	20
30	56	9
30	58	13
30	60	2
30	61	1
30	62	58
30	64	95
30	67	39
30	70	3
30	72	27
30	73	6
30	76	22
30	78	26
31	0	59
31	1	6
31	2	18
31	3	43
31	4	3
31	5	37
31	6	106
31	7	75
31	9	9
31	10	47
31	12	21
31	13	90
31	14	9
31	16	138
31	17	78
31	18	9
31	19	326
31	20	25
31	21	43
31	22	78
31	23	3
31	24	62
31	25	62
31	27	194
31	28	3
31	29	131
31	31	213
31	32	40
31	33	28
31	34	37
31	35	18
31	36	103
31	38	15
31	39	21
31	40	21
31	41	31
31	42	9
31	43	25
31	44	28
31	46	50
31	47	65
31	48	354
31	49	40
31	50	28
31	51	18
31	52	15
31	53	6
31	54	251
31	55	47
31	56	56
31	57	15
31	58	9
31	59	84
31	60	18
31	61	3
31	62	97
31	64	65
31	65	25
31	67	109
31	69	12
31	70	106
31	71	3
31	72	94
31	73	62
31	75	3
31	76	75
31	77	37
31	78	144
32	0	45
32	2	11
32	3	170
32	5	102
32	6	45
32	7	161
32	9	22
32	10	19
32	11	2
32	12	28
32	13	153
32	14	68
32	16	116
32	17	99
32	18	34
32	19	51
32	20	85
32	21	82
32	23	48
32	24	187
32	25	73
32	26	2
32	27	133
32	29	73
32	30	14
32	32	161
32	33	25
32	34	164
32	35	34
32	36	59
32	38	22
32	39	204
32	40	31
32	41	90
32	42	2
32	43	17
32	44	11
32	45	19
32	46	36
32	47	113
32	48	252
32	49	39
32	50	34
32	51	65
32	52	79
32	53	2
32	54	99
32	55	48
32	56	8
32	57	17
32	58	2
32	59	2
32	60	31
32	61	5
32	62	107
32	64	280
32	65	2
32	67	439
32	69	11
32	70	14
32	72	102
32	73	17
32	76	73
32	78	73
33	0	64
33	2	17
33	3	41
33	4	1
33	5	31
33	6	72
33	7	259
33	9	1
33	10	25
33	12	21
33	13	74
33	14	15
33	16	316
33	17	70
33	18	3
33	19	90
33	20	29
33	21	13
33	23	29
33	24	53
33	25	47
33	26	1
33	27	190
33	29	236
33	31	5
33	32	25
33	33	281
33	34	64
33	35	25
33	36	94
33	38	7
33	39	45
33	40	17
33	41	72
33	43	13
33	44	11
33	45	9
33	46	37
33	47	51
33	48	543
33	49	27
33	50	21
33	51	29
33	52	45
33	53	3
33	54	139
33	55	37
33	56	60
33	57	3
33	58	7
33	60	13
33	61	1
33	62	326
33	64	120
33	65	1
33	67	45
33	69	9
33	70	33
33	71	5
33	72	62
33	73	19
33	76	112
33	77	1
33	78	159
34	0	17
34	1	1
34	2	7
34	3	191
34	5	51
34	6	36
34	7	70
34	9	3
34	10	11
34	12	127
34	13	153
34	14	35
34	16	84
34	17	103
34	18	7
34	19	35
34	20	25
34	21	36
34	22	1
34	23	17
34	24	169
34	25	39
34	26	1
34	27	146
34	29	100
34	30	7
34	31	1
34	32	31
34	33	27
34	34	228
34	35	12
34	36	49
34	38	3
34	39	43
34	40	22
34	41	78
34	42	4
34	43	30
34	44	11
34	45	3
34	46	22
34	47	67
34	48	151
34	49	6
34	50	39
34	51	28
34	52	25
34	53	7
34	54	97
34	55	114
34	56	27
34	57	11
34	58	1
34	59	1
34	60	15
34	62	78
34	64	75
34	67	73
34	69	1
34	70	22
34	72	28
34	73	4
34	75	3
34	76	52
34	77	1
34	78	87
35	0	366
35	1	19
35	2	173
35	3	478
35	4	10
35	5	388
35	6	288
35	7	426
35	9	10
35	10	171
35	11	2
35	12	84
35	13	655
35	14	171
35	16	647
35	17	540
35	18	67
35	19	318
35	20	277
35	21	299
35	22	10
35	23	111
35	24	560
35	25	282
35	27	864
35	28	2
35	29	723
35	30	24
35	31	10
35	32	315
35	33	222
35	34	568
35	35	978
35	36	426
35	38	48
35	39	380
35	40	116
35	41	312
35	42	35
35	43	62
35	44	65
35	45	13
35	46	119
35	47	579
35	48	992
35	49	241
35	50	59
35	51	225
35	52	184
35	53	19
35	54	644
35	55	244
35	56	135
35	57	86
35	58	43
35	59	29
35	60	263
35	61	16
35	62	655
35	64	725
35	65	8
35	67	921
35	69	92
35	70	133
35	71	24
35	72	1644
35	73	103
35	75	5
35	76	309
35	77	21
35	78	470
36	0	36
36	1	3
36	2	7
36	3	51
36	5	31
36	6	135
36	7	100
36	9	1
36	10	38
36	12	12
36	13	91
36	14	7
36	16	207
36	17	92
36	18	4
36	19	131
36	20	22
36	21	11
36	23	52
36	24	51
36	25	110
36	27	260
36	29	142
36	30	3
36	31	1
36	32	28
36	33	33
36	34	63
36	35	17
36	36	356
36	38	3
36	39	44
36	40	62
36	41	44
36	43	11
36	44	75
36	45	1
36	46	30
36	47	35
36	48	297
36	49	20
36	50	12
36	51	17
36	52	22
36	53	1
36	54	338
36	55	44
36	56	191
36	57	4
36	58	7
36	59	1
36	60	12
36	62	164
36	64	41
36	65	1
36	67	47
36	69	9
36	70	99
36	71	3
36	72	94
36	73	4
36	76	102
36	78	349
37	3	29
37	5	44
37	6	7
37	7	7
37	13	22
37	14	7
37	16	14
37	17	22
37	19	44
37	20	7
37	21	7
37	22	7
37	23	7
37	24	44
37	27	7
37	28	7
37	29	37
37	34	29
37	35	14
37	36	14
37	37	119
37	41	7
37	42	7
37	44	7
37	47	14
37	48	44
37	50	7
37	53	7
37	54	44
37	56	22
37	62	7
37	64	7
37	67	14
37	69	7
37	70	14
37	72	14
37	73	7
37	74	14
37	76	44
37	77	119
37	78	7
38	0	48
38	1	2
38	2	68
38	3	94
38	5	282
38	6	40
38	7	119
38	10	20
38	12	7
38	13	116
38	14	33
38	16	137
38	17	127
38	18	5
38	19	43
38	20	155
38	21	249
38	22	2
38	23	17
38	24	137
38	25	33
38	26	2
38	27	261
38	29	208
38	30	15
38	31	2
38	32	99
38	33	55
38	34	114
38	35	63
38	36	53
38	38	111
38	39	106
38	40	17
38	41	129
38	43	17
38	44	20
38	45	5
38	46	25
38	47	246
38	48	394
38	49	68
38	50	25
38	51	83
38	52	99
38	53	22
38	54	68
38	55	55
38	56	27
38	57	15
38	58	78
38	59	7
38	60	45
38	61	2
38	62	190
38	64	569
38	67	183
38	68	2
38	69	33
38	70	22
38	71	5
38	72	249
38	73	73
38	76	86
38	78	94
39	0	133
39	2	42
39	3	504
39	4	5
39	5	396
39	6	210
39	7	525
39	8	2
39	9	15
39	10	89
39	11	10
39	12	120
39	13	651
39	14	406
39	16	409
39	17	522
39	18	70
39	19	202
39	20	362
39	21	312
39	22	2
39	23	76
39	24	517
39	25	265
39	26	2
39	27	816
39	29	462
39	30	76
39	31	7
39	32	309
39	33	157
39	34	658
39	35	118
39	36	307
39	38	23
39	39	918
39	40	76
39	41	685
39	42	52
39	43	97
39	44	36
39	45	42
39	46	97
39	47	286
39	48	821
39	49	97
39	50	73
39	51	490
39	52	291
39	53	47
39	54	378
39	55	223
39	56	133
39	57	52
39	58	47
39	59	10
39	60	91
39	61	5
39	62	514
39	64	1078
39	65	2
39	66	2
39	67	735
39	69	18
39	70	73
39	71	7
39	72	341
39	73	36
39	75	5
39	76	215
39	77	2
39	78	367
40	0	269
40	1	2
40	2	47
40	3	399
40	4	15
40	5	294
40	6	573
40	7	827
40	8	2
40	9	6
40	10	255
40	12	159
40	13	552
40	14	132
40	16	1208
40	17	562
40	18	13
40	19	614
40	20	196
40	21	125
40	22	6
40	23	941
40	24	758
40	25	1021
40	26	4
40	27	2195
40	29	1018
40	30	15
40	32	180
40	33	296
40	34	584
40	35	93
40	36	1274
40	38	4
40	39	221
40	40	1016
40	41	340
40	42	11
40	43	82
40	44	249
40	45	13
40	46	372
40	47	262
40	48	1795
40	49	66
40	50	166
40	51	148
40	52	116
40	53	9
40	54	1254
40	55	450
40	56	1028
40	57	47
40	58	93
40	59	4
40	60	127
40	61	11
40	62	900
40	64	392
40	65	13
40	67	358
40	68	4
40	69	61
40	70	306
40	71	11
40	72	344
40	73	34
40	75	2
40	76	772
40	77	15
40	78	1987
41	0	263
41	1	26
41	2	54
41	3	935
41	4	5
41	5	739
41	6	315
41	7	938
41	9	41
41	10	117
41	11	5
41	12	213
41	13	1380
41	14	487
41	16	758
41	17	833
41	18	174
41	19	372
41	20	575
41	21	377
41	22	26
41	23	198
41	24	1044
41	25	409
41	26	7
41	27	1448
41	28	2
41	29	893
41	30	85
41	31	13
41	32	403
41	33	310
41	34	1349
41	35	237
41	36	536
41	38	62
41	39	1201
41	40	140
41	41	1508
41	42	49
41	43	229
41	44	67
41	45	96
41	46	198
41	47	549
41	48	1623
41	49	208
41	50	153
41	51	742
41	52	528
41	53	91
41	54	706
41	55	513
41	56	244
41	57	109
41	58	109
41	59	10
41	60	130
41	61	15
41	62	784
41	64	1448
41	65	15
41	67	1214
41	69	44
41	70	156
41	71	15
41	72	617
41	73	80
41	75	5
41	76	458
41	77	23
41	78	609
42	0	131
42	1	5
42	2	62
42	3	348
42	5	902
42	6	131
42	7	294
42	8	44
42	9	148
42	10	50
42	12	241
42	13	431
42	14	83
42	16	312
42	17	279
42	18	553
42	19	148
42	20	863
42	21	604
42	23	53
42	24	401
42	25	187
42	26	5
42	27	678
42	28	2
42	29	342
42	30	142
42	31	2
42	32	190
42	33	136
42	34	464
42	35	44
42	36	187
42	38	14
42	39	288
42	40	56
42	41	390
42	42	1929
42	43	41
42	44	44
42	45	524
42	46	98
42	47	256
42	48	967
42	49	68
42	50	211
42	51	250
42	52	110
42	53	297
42	54	223
42	55	303
42	56	119
42	57	56
42	58	276
42	59	14
42	60	65
42	61	2
42	62	413
42	64	577
42	66	5
42	67	461
42	69	23
42	70	59
42	71	8
42	72	142
42	73	20
42	75	151
42	76	253
42	77	17
42	78	330
43	0	8
43	1	3
43	2	6
43	3	69
43	5	42
43	6	24
43	7	47
43	10	8
43	12	105
43	13	66
43	14	26
43	16	52
43	17	47
43	18	10
43	19	24
43	20	18
43	21	19
43	23	3
43	24	59
43	25	27
43	27	80
43	29	47
43	30	21
43	31	2
43	32	31
43	33	25
43	34	102
43	35	8
43	36	20
43	39	42
43	40	9
43	41	64
43	42	3
43	43	30
43	44	3
43	45	6
43	46	17
43	47	26
43	48	142
43	49	4
43	50	25
43	51	26
43	52	15
43	53	1
43	54	36
43	55	36
43	56	15
43	57	2
43	58	3
43	60	18
43	62	43
43	64	61
43	67	41
43	69	3
43	70	4
43	72	12
43	73	2
43	76	19
43	78	46
44	0	323
44	1	1
44	2	92
44	3	260
44	4	26
44	5	243
44	6	684
44	7	726
44	9	3
44	10	211
44	11	1
44	12	73
44	13	444
44	14	64
44	16	1227
44	17	374
44	18	18
44	19	1450
44	20	177
44	21	94
44	22	3
44	23	207
44	24	463
44	25	431
44	26	3
44	27	1535
44	28	1
44	29	1051
44	30	17
44	31	7
44	32	102
44	33	249
44	34	361
44	35	90
44	36	1174
44	38	5
44	39	209
44	40	215
44	41	264
44	42	18
44	43	68
44	44	1157
44	45	11
44	46	175
44	47	296
44	48	1756
44	49	77
44	50	83
44	51	143
44	52	96
44	53	11
44	54	1854
44	55	372
44	56	612
44	57	35
44	58	77
44	59	11
44	60	62
44	61	3
44	62	1013
44	64	294
44	65	26
44	67	296
44	69	26
44	70	1584
44	71	18
44	72	298
44	73	39
44	76	756
44	77	11
44	78	1656
45	0	84
45	1	7
45	2	28
45	3	391
45	5	329
45	6	108
45	7	162
45	9	33
45	10	30
45	12	383
45	13	332
45	14	84
45	16	260
45	17	167
45	18	378
45	19	141
45	20	239
45	21	149
45	23	48
45	24	345
45	25	100
45	26	5
45	27	486
45	29	291
45	30	151
45	32	180
45	33	84
45	34	509
45	35	48
45	36	151
45	38	15
45	39	175
45	40	33
45	41	260
45	42	486
45	43	87
45	44	23
45	45	1210
45	46	69
45	47	195
45	48	721
45	49	23
45	50	167
45	51	123
45	52	51
45	53	51
45	54	164
45	55	257
45	56	84
45	57	59
45	58	43
45	59	5
45	60	41
45	62	216
45	64	368
45	67	280
45	69	10
45	70	48
45	71	2
45	72	115
45	73	15
45	75	51
45	76	97
45	77	30
45	78	211
46	0	150
46	1	5
46	2	42
46	3	592
46	4	10
46	5	232
46	6	267
46	7	473
46	9	10
46	10	124
46	11	2
46	12	174
46	13	674
46	14	161
46	16	672
46	17	616
46	18	71
46	19	333
46	20	148
46	21	87
46	22	5
46	23	989
46	24	1008
46	25	672
46	26	2
46	27	1278
46	29	553
46	30	37
46	31	2
46	32	140
46	33	190
46	34	793
46	35	105
46	36	484
46	38	15
46	39	217
46	40	238
46	41	304
46	42	5
46	43	82
46	44	87
46	45	29
46	46	1497
46	47	150
46	48	878
46	49	58
46	50	150
46	51	174
46	52	177
46	53	13
46	54	611
46	55	537
46	56	304
46	57	52
46	58	37
46	59	7
46	60	82
46	61	21
46	62	489
46	64	349
46	65	10
46	67	378
46	69	31
46	70	150
46	71	2
46	72	251
46	73	29
46	76	553
46	77	10
46	78	690
47	0	352
47	2	316
47	3	451
47	4	19
47	5	511
47	6	265
47	7	575
47	9	11
47	10	73
47	12	73
47	13	553
47	14	234
47	16	539
47	17	440
47	18	50
47	19	211
47	20	429
47	21	330
47	23	90
47	24	525
47	25	239
47	27	830
47	29	700
47	30	25
47	31	2
47	32	327
47	33	335
47	34	496
47	35	468
47	36	287
47	38	104
47	39	508
47	40	76
47	41	417
47	42	14
47	43	81
47	44	42
47	45	25
47	46	112
47	47	1137
47	48	1290
47	49	254
47	50	62
47	51	208
47	52	169
47	53	47
47	54	488
47	55	214
47	56	169
47	57	87
47	58	90
47	59	11
47	60	217
47	61	42
47	62	731
47	64	909
47	65	5
47	67	813
47	69	64
47	70	98
47	71	25
47	72	1422
47	73	112
47	76	293
47	77	8
47	78	395
48	0	66
48	2	7
48	3	11
48	5	44
48	6	36
48	7	180
48	10	18
48	12	22
48	13	106
48	14	22
48	16	128
48	17	62
48	18	22
48	19	66
48	20	44
48	21	18
48	23	22
48	24	44
48	25	36
48	27	169
48	29	128
48	31	3
48	32	33
48	33	125
48	34	58
48	35	11
48	36	40
48	38	3
48	39	51
48	40	14
48	41	51
48	43	3
48	44	11
48	46	40
48	47	95
48	48	993
48	49	11
48	50	22
48	51	14
48	52	40
48	53	3
48	54	117
48	55	40
48	56	62
48	58	14
48	59	7
48	60	18
48	62	279
48	64	128
48	67	77
48	70	33
48	72	47
48	75	3
48	76	73
48	77	3
48	78	58
49	0	291
49	1	26
49	2	235
49	3	238
49	5	342
49	6	246
49	7	561
49	8	2
49	9	5
49	10	117
49	12	66
49	13	462
49	14	98
49	16	524
49	17	414
49	18	21
49	19	315
49	20	189
49	21	181
49	22	21
49	23	69
49	24	366
49	25	238
49	27	834
49	29	783
49	30	32
49	31	5
49	32	147
49	33	248
49	34	371
49	35	326
49	36	328
49	38	37
49	39	328
49	40	90
49	41	326
49	42	5
49	43	58
49	44	66
49	45	18
49	46	96
49	47	433
49	48	1190
49	49	826
49	50	69
49	51	205
49	52	96
49	53	24
49	54	505
49	55	181
49	56	131
49	57	82
49	58	48
49	59	24
49	60	211
49	61	64
49	62	850
49	64	553
49	65	10
49	67	572
49	68	13
49	69	213
49	70	115
49	71	80
49	72	2425
49	73	625
49	75	2
49	76	272
49	77	16
49	78	443
50	0	65
50	1	23
50	2	19
50	3	391
50	5	246
50	6	138
50	7	157
50	9	19
50	10	26
50	11	3
50	12	309
50	13	401
50	14	98
50	16	325
50	17	246
50	18	39
50	19	174
50	20	134
50	21	98
50	22	3
50	23	72
50	24	691
50	25	250
50	26	180
50	27	569
50	28	3
50	29	358
50	30	16
50	32	72
50	33	138
50	34	493
50	35	69
50	36	207
50	37	3
50	38	23
50	39	151
50	40	62
50	41	125
50	42	39
50	43	32
50	44	59
50	45	98
50	46	177
50	47	141
50	48	454
50	49	46
50	50	7423
50	51	69
50	52	59
50	53	39
50	54	266
50	55	1079
50	56	177
50	57	65
50	58	13
50	60	49
50	61	3
50	62	184
50	64	259
50	67	161
50	69	19
50	70	69
50	71	6
50	72	164
50	73	23
50	75	3
50	76	332
50	77	23
50	78	638
51	0	235
51	1	27
51	2	188
51	3	646
51	5	1590
51	6	387
51	7	874
51	8	4
51	9	23
51	10	191
51	12	172
51	13	993
51	14	310
51	16	912
51	17	716
51	18	242
51	19	394
51	20	963
51	21	830
51	22	4
51	23	167
51	24	739
51	25	328
51	27	1826
51	28	2
51	29	1010
51	30	151
51	31	4
51	32	538
51	33	354
51	34	816
51	35	200
51	36	368
51	38	58
51	39	1012
51	40	118
51	41	1280
51	42	97
51	43	230
51	44	83
51	45	51
51	46	172
51	47	832
51	48	2603
51	49	165
51	50	104
51	51	1607
51	52	340
51	53	111
51	54	513
51	55	340
51	56	312
51	57	58
51	58	263
51	59	27
51	60	116
51	61	46
51	62	1296
51	64	3853
51	65	4
51	67	1033
51	69	65
51	70	123
51	71	9
51	72	783
51	73	74
51	74	2
51	75	16
51	76	573
51	77	23
51	78	706
52	0	219
52	1	33
52	2	37
52	3	646
52	4	3
52	5	401
52	6	234
52	7	891
52	9	26
52	10	104
52	11	3
52	12	107
52	13	951
52	14	423
52	16	731
52	17	802
52	18	78
52	19	308
52	20	263
52	21	189
52	22	7
52	23	152
52	24	687
52	25	282
52	26	3
52	27	809
52	29	475
52	30	55
52	31	3
52	32	208
52	33	215
52	34	943
52	35	196
52	36	334
52	38	3
52	39	720
52	40	63
52	41	564
52	42	29
52	43	63
52	44	52
52	45	70
52	46	92
52	47	248
52	48	995
52	49	85
52	50	100
52	51	226
52	52	1029
52	53	40
52	54	650
52	55	274
52	56	148
52	57	92
52	58	44
52	59	22
52	60	211
52	61	14
52	62	557
52	64	772
52	65	14
52	67	1259
52	69	29
52	70	130
52	72	408
52	73	74
52	75	7
52	76	278
52	77	7
52	78	371
53	0	60
53	1	3
53	2	20
53	3	87
53	4	3
53	5	817
53	6	46
53	7	63
53	9	482
53	10	23
53	12	40
53	13	160
53	14	26
53	16	177
53	17	97
53	18	127
53	19	56
53	20	740
53	21	512
53	23	13
53	24	87
53	25	90
53	27	164
53	28	3
53	29	207
53	30	50
53	31	3
53	32	63
53	33	53
53	34	113
53	35	33
53	36	63
53	38	10
53	39	90
53	40	13
53	41	70
53	42	174
53	43	10
53	44	20
53	45	30
53	46	26
53	47	107
53	48	328
53	49	23
53	50	46
53	51	77
53	52	50
53	53	2290
53	54	103
53	55	83
53	56	50
53	57	30
53	58	184
53	60	33
53	62	147
53	64	251
53	67	157
53	69	6
53	70	40
53	72	70
53	73	20
53	75	13
53	76	50
53	77	10
53	78	160
54	0	943
54	1	6
54	2	106
54	3	397
54	4	45
54	5	390
54	6	1273
54	7	1145
54	9	15
54	10	522
54	11	10
54	12	134
54	13	776
54	14	130
54	16	1983
54	17	668
54	18	47
54	19	2857
54	20	312
54	21	212
54	22	10
54	23	427
54	24	559
54	25	724
54	27	2490
54	28	2
54	29	1813
54	30	34
54	31	21
54	32	227
54	33	431
54	34	551
54	35	164
54	36	2052
54	37	2
54	38	8
54	39	299
54	40	357
54	41	414
54	42	15
54	43	121
54	44	607
54	45	17
54	46	266
54	47	483
54	48	2972
54	49	128
54	50	197
54	51	212
54	52	199
54	53	28
54	54	4117
54	55	416
54	56	1136
54	57	78
54	58	91
54	59	45
54	60	136
54	61	17
54	62	1989
54	64	566
54	65	36
54	67	540
54	68	4
54	69	75
54	70	2373
54	71	34
54	72	661
54	73	114
54	75	8
54	76	1102
54	77	21
54	78	2534
55	0	430
55	1	23
55	2	89
55	3	1730
55	4	11
55	5	664
55	6	757
55	7	1141
55	8	1
55	9	40
55	10	236
55	11	3
55	12	1813
55	13	1728
55	14	249
55	16	1718
55	17	1404
55	18	120
55	19	901
55	20	558
55	21	325
55	22	9
55	23	982
55	24	2871
55	25	1216
55	26	54
55	27	3598
55	28	5
55	29	1656
55	30	91
55	31	11
55	32	354
55	33	515
55	34	2251
55	35	218
55	36	1497
55	38	31
55	39	695
55	40	620
55	41	784
55	42	79
55	43	246
55	44	275
55	45	108
55	46	939
55	47	598
55	48	3278
55	49	133
55	50	1689
55	51	271
55	52	300
55	53	60
55	54	1557
55	55	6534
55	56	1102
55	57	158
55	58	83
55	59	29
55	60	197
55	61	9
55	62	1647
55	64	990
55	65	7
55	67	928
55	68	1
55	69	83
55	70	364
55	71	15
55	72	666
55	73	73
55	74	3
55	75	9
55	76	1178
55	77	44
55	78	2400
56	0	101
56	2	15
56	3	140
56	5	71
56	6	269
56	7	273
56	9	11
56	10	67
56	11	1
56	12	51
56	13	277
56	14	51
56	16	551
56	17	208
56	18	15
56	19	222
56	20	87
56	21	25
56	23	208
56	24	236
56	25	351
56	26	1
56	27	914
56	29	420
56	30	13
56	32	47
56	33	128
56	34	214
56	35	23
56	36	513
56	38	3
56	39	123
56	40	279
56	41	109
56	42	5
56	43	23
56	44	144
56	45	1
56	46	160
56	47	59
56	48	658
56	49	13
56	50	45
56	51	53
56	52	41
56	53	3
56	54	446
56	55	170
56	56	579
56	57	9
56	58	31
56	59	7
56	60	33
56	62	398
56	64	126
56	67	119
56	68	1
56	69	15
56	70	178
56	71	1
56	72	111
56	73	9
56	76	347
56	77	1
56	78	862
57	0	114
57	1	7
57	2	15
57	3	48
57	4	5
57	5	12
57	6	48
57	7	167
57	9	5
57	10	17
57	12	15
57	13	86
57	14	32
57	16	144
57	17	101
57	18	5
57	19	78
57	20	32
57	21	35
57	22	2
57	23	12
57	24	93
57	25	38
57	27	136
57	29	169
57	30	2
57	32	25
57	33	43
57	34	38
57	35	35
57	36	45
57	39	60
57	40	7
57	41	53
57	42	2
57	43	5
57	44	10
57	45	10
57	46	25
57	47	50
57	48	243
57	49	27
57	50	10
57	51	5
57	52	17
57	54	93
57	55	40
57	56	35
57	57	114
57	58	17
57	59	2
57	60	30
57	61	5
57	62	114
57	64	71
57	67	63
57	69	20
57	70	25
57	72	126
57	73	7
57	75	2
57	76	50
57	77	2
57	78	81
59	0	103
59	2	33
59	3	61
59	5	36
59	6	136
59	7	131
59	10	69
59	11	2
59	12	25
59	13	195
59	14	44
59	16	229
59	17	128
59	18	5
59	19	262
59	20	41
59	21	36
59	22	16
59	23	36
59	24	97
59	25	86
59	27	220
59	28	2
59	29	209
59	30	13
59	31	64
59	32	27
59	33	50
59	34	109
59	35	53
59	36	95
59	38	8
59	39	92
59	40	36
59	41	81
59	42	8
59	43	8
59	44	36
59	45	8
59	46	13
59	47	89
59	48	396
59	49	44
59	50	25
59	51	30
59	52	44
59	53	8
59	54	315
59	55	47
59	56	61
59	57	22
59	58	13
59	59	396
59	60	22
59	61	16
59	62	176
59	63	2
59	64	81
59	65	39
59	67	156
59	69	55
59	70	134
59	71	27
59	72	223
59	73	170
59	76	139
59	77	2
59	78	237
60	0	152
60	1	2
60	2	19
60	3	132
60	4	8
60	5	50
60	6	76
60	7	268
60	10	42
60	12	22
60	13	195
60	14	48
60	16	226
60	17	164
60	18	8
60	19	104
60	20	31
60	21	45
60	22	5
60	23	53
60	24	155
60	25	65
60	27	246
60	29	237
60	30	11
60	32	45
60	33	93
60	34	93
60	35	104
60	36	110
60	38	11
60	39	62
60	40	33
60	41	70
60	44	14
60	45	2
60	46	53
60	47	62
60	48	330
60	49	36
60	50	22
60	51	33
60	52	59
60	53	5
60	54	147
60	55	90
60	56	39
60	57	33
60	58	16
60	60	186
60	61	2
60	62	314
60	64	99
60	67	124
60	69	14
60	70	39
60	71	2
60	72	166
60	73	22
60	76	107
60	78	158
61	0	42
61	2	71
61	3	68
61	5	79
61	6	42
61	7	88
61	10	34
61	12	11
61	13	133
61	14	25
61	16	105
61	17	110
61	18	11
61	19	62
61	20	56
61	21	71
61	22	2
61	23	34
61	24	105
61	25	34
61	27	215
61	29	119
61	32	48
61	33	31
61	34	85
61	35	110
61	36	79
61	38	25
61	39	85
61	40	17
61	41	48
61	43	17
61	44	5
61	45	11
61	46	8
61	47	255
61	48	309
61	49	107
61	50	31
61	51	25
61	52	48
61	53	2
61	54	85
61	55	31
61	56	53
61	57	11
61	58	22
61	59	11
61	60	31
61	61	59
61	62	150
61	64	107
61	65	8
61	67	122
61	69	31
61	70	48
61	71	11
61	72	642
61	73	176
61	76	48
61	77	5
61	78	68
62	0	25
62	2	8
62	3	27
62	4	1
62	5	42
62	6	22
62	7	63
62	10	10
62	12	2
62	13	35
62	14	12
62	16	63
62	17	38
62	18	2
62	19	41
62	20	12
62	21	10
62	23	12
62	24	15
62	25	30
62	27	80
62	29	83
62	30	1
62	32	1
62	33	27
62	34	24
62	35	15
62	36	24
62	39	27
62	40	5
62	41	24
62	43	2
62	44	10
62	45	4
62	46	24
62	47	35
62	48	232
62	49	7
62	50	11
62	51	4
62	52	12
62	53	1
62	54	40
62	55	30
62	56	20
62	57	4
62	58	25
62	60	10
62	62	197
62	64	38
62	65	1
62	67	17
62	69	2
62	70	22
62	71	1
62	72	31
62	73	2
62	76	32
62	78	40
63	0	10
63	3	10
63	5	10
63	6	40
63	7	10
63	16	20
63	17	10
63	19	10
63	21	30
63	22	30
63	25	10
63	27	20
63	28	80
63	29	50
63	33	10
63	34	10
63	38	10
63	39	10
63	47	20
63	48	40
63	54	30
63	55	10
63	56	10
63	62	10
63	67	10
63	72	10
63	76	10
63	77	180
64	0	480
64	1	27
64	2	298
64	3	1151
64	4	2
64	5	2875
64	6	454
64	7	1209
64	9	65
64	10	226
64	11	6
64	12	305
64	13	1612
64	14	403
64	16	1304
64	17	953
64	18	321
64	19	466
64	20	1927
64	21	1736
64	23	209
64	24	1120
64	25	494
64	26	6
64	27	2090
64	28	2
64	29	1589
64	30	186
64	31	4
64	32	1130
64	33	568
64	34	1388
64	35	496
64	36	666
64	38	212
64	39	1561
64	40	132
64	41	1286
64	42	90
64	43	251
64	44	79
64	45	88
64	46	281
64	47	1526
64	48	2943
64	49	319
64	50	125
64	51	1216
64	52	521
64	53	153
64	54	713
64	55	431
64	56	356
64	57	114
64	58	526
64	59	18
64	60	307
64	61	34
64	62	1782
64	64	7540
64	65	4
64	67	1833
64	69	100
64	70	156
64	71	30
64	72	1428
64	73	188
64	75	2
64	76	636
64	77	51
64	78	834
65	0	39
65	2	2
65	3	12
65	4	7
65	5	31
65	6	49
65	7	49
65	10	39
65	12	4
65	13	31
65	14	4
65	16	73
65	17	36
65	18	4
65	19	299
65	20	29
65	21	4
65	22	12
65	23	9
65	24	24
65	25	12
65	27	110
65	29	88
65	31	27
65	32	14
65	33	22
65	34	36
65	35	2
65	36	61
65	38	4
65	39	19
65	40	17
65	41	7
65	42	4
65	43	4
65	44	31
65	46	9
65	47	24
65	48	130
65	49	12
65	50	22
65	51	9
65	52	19
65	54	135
65	55	19
65	56	29
65	57	2
65	59	12
65	60	9
65	62	100
65	64	19
65	65	19
65	67	56
65	70	108
65	72	24
65	73	4
65	76	44
65	78	125
66	2	10
66	3	41
66	5	51
66	6	10
66	7	10
66	8	61
66	13	10
66	14	10
66	16	10
66	18	10
66	19	41
66	20	41
66	21	30
66	24	10
66	25	20
66	27	41
66	29	10
66	32	30
66	34	30
66	35	10
66	36	20
66	38	10
66	40	10
66	42	61
66	45	41
66	46	10
66	48	41
66	50	61
66	51	10
66	52	20
66	53	10
66	54	20
66	55	41
66	62	10
66	64	41
66	66	41
66	67	30
66	70	30
66	72	20
66	78	30
67	0	202
67	1	3
67	2	49
67	3	515
67	4	3
67	5	381
67	6	263
67	7	637
67	9	30
67	10	156
67	12	80
67	13	820
67	14	301
67	16	515
67	17	664
67	18	84
67	19	336
67	20	274
67	21	278
67	22	45
67	23	133
67	24	652
67	25	240
67	27	931
67	28	3
67	29	504
67	30	61
67	31	3
67	32	320
67	33	221
67	34	656
67	35	339
67	36	324
67	38	64
67	39	714
67	40	64
67	41	454
67	42	30
67	43	57
67	44	45
67	45	19
67	46	114
67	47	278
67	48	946
67	49	106
67	50	110
67	51	229
67	52	374
67	53	64
67	54	637
67	55	271
67	56	106
67	57	57
67	58	61
67	59	15
67	60	232
67	61	7
67	62	637
67	64	874
67	65	7
67	67	1974
67	69	80
67	70	95
67	71	19
67	72	515
67	73	99
67	75	3
67	76	347
67	77	7
67	78	355
68	0	6
68	2	3
68	3	13
68	5	3
68	6	3
68	7	16
68	13	6
68	16	3
68	17	10
68	18	3
68	19	3
68	20	10
68	21	6
68	24	3
68	27	26
68	29	16
68	32	3
68	33	10
68	34	10
68	35	10
68	36	3
68	39	3
68	41	6
68	46	6
68	47	3
68	48	23
68	49	26
68	51	3
68	54	6
68	55	3
68	60	3
68	62	23
68	64	6
68	67	3
68	69	6
68	71	6
68	72	60
68	73	33
68	76	6
68	78	10
69	0	43
69	2	31
69	3	43
69	5	34
69	6	15
69	7	74
69	10	28
69	12	3
69	13	81
69	14	21
69	16	74
69	17	71
69	19	40
69	20	21
69	21	40
69	23	9
69	24	81
69	25	49
69	27	102
69	29	106
69	32	18
69	33	21
69	34	53
69	35	31
69	36	59
69	38	3
69	39	53
69	40	18
69	41	65
69	43	9
69	44	6
69	46	28
69	47	62
69	48	168
69	49	102
69	50	9
69	51	28
69	52	21
69	53	3
69	54	49
69	55	49
69	56	31
69	57	9
69	59	9
69	60	31
69	61	3
69	62	118
69	64	65
69	67	71
69	68	3
69	69	93
69	70	15
69	71	12
69	72	237
69	73	62
69	76	43
69	77	6
69	78	71
70	0	266
70	1	4
70	2	42
70	3	252
70	4	39
70	5	238
70	6	584
70	7	528
70	8	2
70	9	7
70	10	250
70	12	65
70	13	371
70	14	44
70	16	888
70	17	257
70	18	18
70	19	1847
70	20	173
70	21	114
70	22	9
70	23	133
70	24	257
70	25	254
70	26	2
70	27	919
70	28	2
70	29	755
70	30	11
70	31	14
70	32	105
70	33	208
70	34	283
70	35	70
70	36	781
70	38	4
70	39	182
70	40	175
70	41	222
70	42	11
70	43	16
70	44	449
70	45	9
70	46	142
70	47	252
70	48	1106
70	49	77
70	50	95
70	51	112
70	52	81
70	53	7
70	54	1866
70	55	163
70	56	407
70	57	51
70	58	30
70	59	18
70	60	72
70	62	711
70	64	304
70	65	25
70	67	247
70	69	23
70	70	2130
70	71	16
70	72	257
70	73	44
70	76	439
70	77	7
70	78	1043
71	0	166
71	2	27
71	3	112
71	4	9
71	5	81
71	6	63
71	7	342
71	9	3
71	10	54
71	12	21
71	13	139
71	14	97
71	16	257
71	17	145
71	18	12
71	19	121
71	20	48
71	21	75
71	22	12
71	23	21
71	24	157
71	25	87
71	27	333
71	29	263
71	30	12
71	31	12
71	32	48
71	33	69
71	34	106
71	35	87
71	36	142
71	38	9
71	39	100
71	40	54
71	41	97
71	42	6
71	43	21
71	44	27
71	45	3
71	46	36
71	47	100
71	48	482
71	49	109
71	50	45
71	51	60
71	52	60
71	54	181
71	55	106
71	56	42
71	57	39
71	58	15
71	59	124
71	60	81
71	61	9
71	62	279
71	64	151
71	65	18
71	67	100
71	69	124
71	70	48
71	71	66
71	72	412
71	73	130
71	76	90
71	77	6
71	78	139
72	0	580
72	1	18
72	2	351
72	3	629
72	4	21
72	5	624
72	6	448
72	7	769
72	9	27
72	10	216
72	12	86
72	13	780
72	14	245
72	16	894
72	17	740
72	18	67
72	19	697
72	20	380
72	21	397
72	22	35
72	23	132
72	24	815
72	25	407
72	27	1467
72	28	2
72	29	1210
72	30	59
72	31	29
72	32	383
72	33	456
72	34	626
72	35	710
72	36	659
72	38	67
72	39	540
72	40	181
72	41	516
72	42	29
72	43	99
72	44	105
72	45	27
72	46	164
72	47	707
72	48	1912
72	49	799
72	50	105
72	51	289
72	52	313
72	53	35
72	54	886
72	55	367
72	56	272
72	57	164
72	58	83
72	59	91
72	60	356
72	61	45
72	62	1391
72	64	921
72	65	8
72	67	802
72	68	2
72	69	305
72	70	213
72	71	64
72	72	4209
72	73	370
72	75	2
72	76	405
72	77	21
72	78	807
73	0	301
73	1	16
73	2	278
73	3	237
73	4	2
73	5	318
73	6	278
73	7	451
73	8	5
73	9	8
73	10	86
73	11	5
73	12	72
73	13	426
73	14	133
73	16	569
73	17	340
73	18	50
73	19	292
73	20	178
73	21	239
73	22	30
73	23	75
73	24	376
73	25	170
73	27	797
73	28	2
73	29	725
73	30	27
73	31	22
73	32	212
73	33	320
73	34	398
73	35	334
73	36	340
73	38	39
73	39	248
73	40	83
73	41	312
73	42	5
73	43	108
73	44	53
73	45	16
73	46	103
73	47	717
73	48	1456
73	49	552
73	50	86
73	51	108
73	52	200
73	53	30
73	54	491
73	55	161
73	56	178
73	57	72
73	58	83
73	59	203
73	60	214
73	61	131
73	62	806
73	64	569
73	65	13
73	67	624
73	68	13
73	69	178
73	70	147
73	71	55
73	72	1972
73	73	1863
73	76	343
73	77	19
73	78	407
74	0	34
74	3	42
74	5	17
74	6	8
74	7	8
74	10	8
74	12	17
74	13	25
74	16	25
74	18	8
74	19	42
74	21	25
74	22	34
74	24	17
74	25	8
74	27	51
74	28	8
74	29	8
74	30	17
74	31	8
74	33	42
74	34	17
74	36	34
74	37	85
74	39	8
74	40	17
74	44	42
74	46	8
74	47	8
74	48	68
74	50	17
74	51	8
74	54	51
74	55	8
74	64	34
74	67	17
74	70	8
74	72	25
74	73	8
74	74	17
74	76	34
74	77	154
74	78	25
75	0	3
75	2	3
75	3	18
75	5	22
75	6	3
75	7	26
75	10	3
75	12	7
75	13	18
75	14	7
75	16	7
75	17	26
75	18	22
75	20	30
75	21	22
75	23	3
75	24	15
75	27	37
75	29	15
75	32	7
75	33	15
75	34	26
75	36	15
75	38	3
75	39	18
75	41	7
75	42	124
75	43	15
75	44	3
75	45	67
75	47	11
75	48	41
75	50	18
75	51	3
75	52	7
75	53	11
75	54	22
75	55	3
75	57	3
75	58	3
75	60	3
75	62	15
75	64	15
75	70	7
75	72	11
75	75	30
75	76	22
75	78	22
76	0	70
76	2	21
76	3	105
76	4	2
76	5	67
76	6	214
76	7	338
76	9	7
76	10	72
76	11	2
76	12	35
76	13	196
76	14	39
76	16	668
76	17	214
76	18	11
76	19	175
76	20	81
76	21	44
76	22	16
76	23	114
76	24	156
76	25	184
76	26	2
76	27	897
76	29	471
76	30	11
76	31	4
76	32	42
76	33	116
76	34	121
76	35	14
76	36	301
76	38	2
76	39	116
76	40	77
76	41	100
76	42	9
76	43	11
76	44	70
76	45	4
76	46	84
76	47	56
76	48	864
76	49	14
76	50	37
76	51	53
76	52	51
76	53	9
76	54	282
76	55	95
76	56	142
76	57	2
76	58	35
76	59	7
76	60	25
76	62	397
76	64	156
76	65	4
76	67	109
76	69	7
76	70	102
76	71	7
76	72	119
76	73	21
76	75	2
76	76	824
76	77	4
76	78	506
77	0	112
77	1	4
77	2	12
77	3	90
77	5	120
77	6	60
77	7	38
77	9	4
77	10	56
77	12	21
77	13	86
77	14	25
77	16	133
77	17	56
77	19	190
77	20	56
77	21	82
77	22	207
77	23	12
77	24	86
77	25	34
77	27	112
77	28	410
77	29	164
77	30	8
77	31	17
77	32	60
77	33	60
77	34	64
77	35	17
77	36	60
77	37	43
77	38	17
77	39	25
77	40	56
77	41	56
77	42	12
77	43	12
77	44	21
77	45	4
77	46	8
77	47	34
77	48	276
77	49	30
77	50	47
77	51	17
77	52	47
77	53	25
77	54	172
77	55	43
77	56	38
77	57	17
77	58	21
77	59	8
77	60	51
77	62	146
77	64	138
77	67	90
77	68	4
77	70	51
77	71	4
77	72	90
77	73	17
77	74	21
77	76	112
77	77	3209
77	78	138
78	0	413
78	2	67
78	3	476
78	4	18
78	5	338
78	6	874
78	7	1371
78	9	22
78	10	248
78	11	9
78	12	151
78	13	772
78	14	158
78	16	1849
78	17	779
78	18	36
78	19	1011
78	20	293
78	21	144
78	23	395
78	24	697
78	25	822
78	26	4
78	27	2274
78	28	2
78	29	1608
78	30	29
78	31	18
78	32	171
78	33	354
78	34	614
78	35	99
78	36	1653
78	37	2
78	38	20
78	39	377
78	40	424
78	41	406
78	42	22
78	43	65
78	44	282
78	45	22
78	46	243
78	47	239
78	48	2522
78	49	117
78	50	128
78	51	182
78	52	214
78	53	36
78	54	1725
78	55	521
78	56	799
78	57	119
78	58	110
78	59	24
78	60	117
78	61	22
78	62	1244
78	64	573
78	65	13
78	67	501
78	69	79
78	70	639
78	71	13
78	72	503
78	73	60
78	75	11
78	76	1294
78	77	27
78	78	3327
