78	4240
0	0	2989
0	2	11
0	3	1724
0	4	266
0	5	174
0	6	3
0	7	23
0	8	197
0	9	425
0	10	324
0	12	7
0	13	150
0	14	46
0	15	54
0	16	2428
0	17	7
0	18	823
0	19	96
0	20	320
0	21	27
0	22	42
0	23	201
0	24	23
0	25	1129
0	26	19
0	27	3
0	28	436
0	29	61
0	30	614
0	31	7
0	32	46
0	33	143
0	34	3155
0	35	251
0	36	112
0	37	614
0	38	27
0	40	46
0	41	7
0	43	193
0	44	3
0	45	116
0	46	351
0	47	11
0	48	50
0	50	1179
0	52	1341
0	53	11
0	54	498
0	55	2231
0	56	436
0	57	1090
0	58	3
0	59	301
0	62	727
0	63	239
0	64	255
0	67	448
0	68	27
0	69	224
0	73	119
0	74	27
0	75	123
0	76	73
1	0	11
1	3	77
1	4	14
1	5	7
1	9	37
1	10	7
1	12	3
1	15	3
1	16	3
1	18	14
1	20	48
1	21	66
1	23	7
1	25	29
1	27	11
1	28	3
1	29	18
1	30	40
1	31	3
1	32	18
1	33	7
1	34	18
1	35	11
1	36	3
1	37	11
1	40	7
1	41	3
1	43	74
1	46	18
1	50	18
1	52	40
1	54	7
1	55	29
1	56	7
1	57	7
1	59	3
1	62	37
1	63	11
1	64	14
1	68	3
1	69	25
1	76	7
2	0	121
2	2	94
2	3	366
2	4	58
2	5	34
2	6	2
2	7	4
2	8	2
2	9	68
2	10	21
2	13	14
2	14	26
2	15	9
2	16	160
2	17	4
2	18	765
2	19	24
2	20	58
2	21	9
2	22	7
2	23	24
2	24	9
2	25	490
2	27	4
2	28	21
2	29	9
2	30	85
2	32	7
2	33	7
2	34	512
2	35	41
2	36	77
2	37	240
2	40	29
2	43	70
2	46	53
2	47	4
2	48	41
2	50	252
2	52	298
2	54	1008
2	55	804
2	56	102
2	57	196
2	58	2
2	59	41
2	60	2
2	62	174
2	63	36
2	64	48
2	65	7
2	66	2
2	67	12
2	68	140
2	69	114
2	73	7
2	74	17
2	75	172
2	76	140
3	0	18
3	3	985
3	4	94
3	5	27
3	7	6
3	8	15
3	9	21
3	10	21
3	12	3
3	13	18
3	14	18
3	15	9
3	16	64
3	18	61
3	19	30
3	20	55
3	21	6
3	22	3
3	23	39
3	25	153
3	28	33
3	29	15
3	30	88
3	33	21
3	34	339
3	35	18
3	36	12
3	37	94
3	40	21
3	42	6
3	43	30
3	46	36
3	47	3
3	50	100
3	52	431
3	53	21
3	54	18
3	55	220
3	56	21
3	57	91
3	59	21
3	62	281
3	63	61
3	64	18
3	67	12
3	68	6
3	69	82
3	73	12
3	74	12
3	75	6
3	76	3
4	0	40
4	3	1353
4	4	355
4	5	42
4	7	4
4	8	9
4	9	96
4	10	67
4	13	20
4	14	51
4	15	13
4	16	105
4	18	117
4	19	38
4	20	76
4	22	4
4	23	90
4	25	355
4	26	2
4	27	2
4	28	33
4	29	74
4	30	288
4	32	11
4	33	47
4	34	767
4	35	74
4	36	18
4	37	357
4	38	2
4	39	2
4	40	9
4	41	2
4	42	2
4	43	81
4	45	9
4	46	96
4	48	2
4	50	252
4	52	911
4	53	33
4	54	42
4	55	387
4	56	69
4	57	173
4	58	2
4	59	40
4	62	594
4	63	209
4	64	40
4	67	11
4	68	9
4	69	317
4	71	2
4	73	13
4	74	11
4	75	22
4	76	11
5	0	178
5	3	1776
5	4	343
5	5	1257
5	8	28
5	9	423
5	10	152
5	11	15
5	12	64
5	13	43
5	14	43
5	15	134
5	16	139
5	17	5
5	18	227
5	19	397
5	20	247
5	21	15
5	22	51
5	23	126
5	24	7
5	25	568
5	26	7
5	27	5
5	28	82
5	29	46
5	30	485
5	31	10
5	32	23
5	33	64
5	34	1275
5	35	193
5	36	20
5	37	464
5	38	25
5	39	5
5	40	49
5	41	64
5	42	7
5	43	315
5	45	41
5	46	581
5	47	61
5	48	15
5	50	526
5	51	2
5	52	1505
5	53	23
5	54	211
5	55	694
5	56	108
5	57	441
5	58	103
5	59	196
5	62	676
5	63	193
5	64	237
5	67	38
5	68	15
5	69	340
5	71	7
5	72	7
5	73	54
5	74	123
5	75	43
5	76	7
6	0	68
6	2	34
6	3	48
6	4	6
6	5	13
6	6	130
6	9	13
6	16	34
6	18	116
6	19	13
6	20	6
6	24	41
6	25	68
6	28	6
6	29	6
6	34	109
6	35	6
6	36	6
6	37	34
6	40	13
6	46	13
6	48	54
6	50	41
6	52	34
6	54	164
6	55	68
6	56	6
6	57	20
6	59	6
6	66	6
6	68	247
6	75	130
7	0	67
7	2	2
7	3	302
7	4	69
7	5	20
7	7	59
7	8	5
7	9	69
7	10	15
7	13	12
7	14	43
7	15	2
7	16	87
7	18	261
7	19	12
7	20	82
7	21	7
7	22	10
7	23	25
7	24	10
7	25	1068
7	26	2
7	27	2
7	28	12
7	29	113
7	30	147
7	31	2
7	32	38
7	33	18
7	34	401
7	35	23
7	36	219
7	37	382
7	40	54
7	43	62
7	44	10
7	45	2
7	46	59
7	48	23
7	50	219
7	52	194
7	53	2
7	54	90
7	55	419
7	56	85
7	57	121
7	59	5
7	62	116
7	63	67
7	64	38
7	65	2
7	66	2
7	67	2
7	68	31
7	69	137
7	73	10
7	74	2
7	75	64
7	76	33
8	0	163
8	3	427
8	4	107
8	5	68
8	8	88
8	9	88
8	10	104
8	13	55
8	14	9
8	15	6
8	16	137
8	18	150
8	19	29
8	20	62
8	21	3
8	23	29
8	25	176
8	26	6
8	28	84
8	29	9
8	30	120
8	32	3
8	33	62
8	34	659
8	35	62
8	36	9
8	37	146
8	40	6
8	41	3
8	43	39
8	45	16
8	46	68
8	47	3
8	48	6
8	50	228
8	52	306
8	53	13
8	54	81
8	55	313
8	56	62
8	57	235
8	59	78
8	62	182
8	63	52
8	64	48
8	67	81
8	69	65
8	73	45
8	75	16
8	76	6
9	0	769
9	2	17
9	3	4797
9	4	937
9	5	592
9	7	8
9	8	108
9	9	3095
9	10	598
9	11	8
9	12	17
9	13	253
9	14	48
9	15	353
9	16	678
9	17	37
9	18	832
9	19	373
9	20	1790
9	21	128
9	22	74
9	23	715
9	24	8
9	25	2086
9	26	11
9	27	28
9	28	364
9	29	601
9	30	2271
9	31	8
9	32	236
9	33	715
9	34	4215
9	35	832
9	36	122
9	37	1322
9	38	37
9	39	8
9	40	205
9	41	28
9	42	5
9	43	1544
9	44	2
9	45	57
9	46	1718
9	47	31
9	48	39
9	50	1499
9	51	5
9	52	3397
9	53	39
9	54	473
9	55	2491
9	56	421
9	57	1091
9	58	22
9	59	504
9	62	1716
9	63	570
9	64	555
9	67	199
9	68	54
9	69	684
9	71	8
9	73	159
9	74	122
9	75	122
9	76	65
10	0	275
10	2	3
10	3	1164
10	4	246
10	5	114
10	7	3
10	8	57
10	9	317
10	10	410
10	12	3
10	13	100
10	14	3
10	15	17
10	16	221
10	17	3
10	18	171
10	19	100
10	20	160
10	22	7
10	23	182
10	25	450
10	28	142
10	29	28
10	30	346
10	31	3
10	32	14
10	33	92
10	34	1078
10	35	210
10	36	35
10	37	228
10	40	14
10	43	78
10	45	28
10	46	196
10	48	14
10	50	367
10	52	821
10	53	53
10	54	132
10	55	564
10	56	117
10	57	417
10	58	7
10	59	214
10	62	467
10	63	128
10	64	150
10	65	3
10	67	96
10	68	14
10	69	132
10	72	3
10	73	64
10	74	10
10	75	35
10	76	3
11	0	6
11	3	41
11	4	6
11	5	9
11	8	3
11	9	3
11	10	6
11	11	3
11	13	3
11	15	3
11	16	12
11	18	12
11	19	3
11	20	6
11	21	3
11	22	15
11	23	15
11	25	9
11	28	3
11	30	12
11	34	34
11	35	12
11	37	9
11	43	9
11	45	6
11	46	3
11	50	9
11	52	37
11	54	3
11	55	18
11	56	9
11	57	9
11	59	22
11	62	6
11	63	9
11	64	15
11	67	3
11	69	3
11	73	9
12	0	31
12	3	317
12	4	24
12	5	185
12	8	4
12	9	74
12	10	21
12	12	55
12	13	7
12	14	7
12	15	26
12	16	21
12	18	40
12	19	31
12	20	69
12	22	7
12	23	14
12	24	4
12	25	81
12	26	4
12	28	19
12	29	7
12	30	81
12	31	4
12	32	14
12	33	14
12	34	214
12	35	33
12	36	2
12	37	81
12	40	9
12	41	48
12	42	7
12	43	55
12	45	2
12	46	178
12	47	7
12	48	2
12	50	79
12	52	230
12	53	4
12	54	45
12	55	96
12	56	31
12	57	55
12	58	12
12	59	31
12	62	113
12	63	19
12	64	36
12	67	7
12	69	50
12	71	4
12	73	21
12	74	55
12	75	4
12	76	2
13	0	380
13	3	1849
13	4	297
13	5	141
13	8	72
13	9	314
13	10	363
13	11	6
13	13	287
13	14	38
13	15	6
13	16	494
13	18	363
13	19	107
13	20	204
13	21	13
13	22	17
13	23	117
13	25	577
13	27	3
13	28	238
13	29	41
13	30	449
13	32	20
13	33	145
13	34	1777
13	35	248
13	36	24
13	37	376
13	38	17
13	39	10
13	40	24
13	43	110
13	45	34
13	46	242
13	47	27
13	50	605
13	52	1026
13	53	17
13	54	186
13	55	916
13	56	134
13	57	608
13	58	3
13	59	318
13	62	601
13	63	204
13	64	214
13	67	210
13	69	155
13	71	3
13	73	155
13	74	3
13	75	31
13	76	10
14	0	8
14	3	138
14	4	53
14	5	4
14	9	8
14	10	16
14	13	4
14	14	16
14	15	4
14	16	12
14	19	4
14	20	8
14	25	40
14	29	8
14	30	16
14	33	4
14	34	183
14	35	12
14	37	49
14	45	4
14	46	16
14	48	4
14	50	24
14	52	81
14	54	8
14	55	57
14	56	8
14	57	12
14	59	20
14	62	65
14	63	12
14	67	4
14	68	4
14	69	20
14	76	4
15	0	201
15	1	5
15	2	2
15	3	1940
15	4	573
15	5	342
15	7	5
15	8	31
15	9	1170
15	10	167
15	11	2
15	12	28
15	13	60
15	14	52
15	15	827
15	16	227
15	17	5
15	18	340
15	19	219
15	20	1128
15	21	86
15	22	34
15	23	290
15	24	5
15	25	947
15	26	2
15	27	47
15	28	89
15	29	274
15	30	947
15	31	36
15	32	157
15	33	214
15	34	1565
15	35	311
15	36	60
15	37	678
15	38	15
15	39	2
15	40	130
15	41	47
15	42	28
15	43	1180
15	44	2
15	45	34
15	46	1055
15	47	41
15	48	20
15	50	604
15	51	26
15	52	1395
15	53	31
15	54	204
15	55	1026
15	56	162
15	57	392
15	58	26
15	59	183
15	62	788
15	63	230
15	64	298
15	67	23
15	68	26
15	69	363
15	70	2
15	71	15
15	72	2
15	73	62
15	74	136
15	75	60
15	76	18
16	0	910
16	2	5
16	3	1726
16	4	231
16	5	80
16	6	2
16	7	8
16	8	94
16	9	172
16	10	208
16	11	8
16	12	8
16	13	55
16	14	80
16	15	44
16	16	1542
16	17	8
16	18	646
16	19	66
16	20	128
16	21	30
16	22	22
16	23	103
16	24	2
16	25	1069
16	26	16
16	27	8
16	28	245
16	29	52
16	30	253
16	31	2
16	32	13
16	33	80
16	34	1952
16	35	161
16	36	50
16	37	726
16	38	13
16	40	27
16	41	8
16	42	2
16	43	161
16	45	47
16	46	242
16	47	11
16	48	16
16	50	871
16	51	2
16	52	1091
16	53	33
16	54	353
16	55	2160
16	56	456
16	57	579
16	58	2
16	59	147
16	62	657
16	63	114
16	64	164
16	65	2
16	66	5
16	67	114
16	68	66
16	69	356
16	73	55
16	74	27
16	75	108
16	76	158
17	0	3
17	3	7
17	4	3
17	5	7
17	14	3
17	16	3
17	17	3
17	18	11
17	20	7
17	21	3
17	23	7
17	27	7
17	29	35
17	30	15
17	32	11
17	34	7
17	37	3
17	40	27
17	43	23
17	46	3
17	50	3
17	52	15
17	55	19
17	57	3
17	62	19
17	69	7
18	0	240
18	2	40
18	3	1479
18	4	250
18	5	119
18	6	10
18	7	25
18	8	20
18	9	202
18	10	91
18	11	7
18	12	2
18	13	25
18	14	103
18	15	55
18	16	433
18	18	2690
18	19	43
18	20	197
18	21	12
18	22	12
18	23	78
18	24	43
18	25	1854
18	26	5
18	27	7
18	28	83
18	29	106
18	30	440
18	32	53
18	33	60
18	34	2087
18	35	162
18	36	240
18	37	1170
18	38	12
18	40	68
18	41	5
18	43	187
18	45	12
18	46	184
18	47	10
18	48	78
18	50	1165
18	52	1142
18	53	27
18	54	1180
18	55	3057
18	56	331
18	57	587
18	58	2
18	59	88
18	62	701
18	63	200
18	64	86
18	65	22
18	67	27
18	68	164
18	69	468
18	73	53
18	74	30
18	75	326
18	76	336
19	0	96
19	1	2
19	3	786
19	4	145
19	5	325
19	7	2
19	8	23
19	9	197
19	10	91
19	11	2
19	12	10
19	13	13
19	14	23
19	15	46
19	16	85
19	17	2
19	18	98
19	19	294
19	20	140
19	22	36
19	23	67
19	24	2
19	25	283
19	26	2
19	27	2
19	28	49
19	29	31
19	30	221
19	31	7
19	32	26
19	33	36
19	34	710
19	35	117
19	36	13
19	37	265
19	38	2
19	39	2
19	40	39
19	41	18
19	42	5
19	43	111
19	45	15
19	46	315
19	47	13
19	48	5
19	50	177
19	52	578
19	53	13
19	54	114
19	55	343
19	56	65
19	57	218
19	58	7
19	59	122
19	62	312
19	63	85
19	64	148
19	67	28
19	68	10
19	69	125
19	73	26
19	74	41
19	75	15
19	76	2
20	0	259
20	2	5
20	3	2050
20	4	496
20	5	174
20	6	2
20	7	2
20	8	43
20	9	871
20	10	197
20	12	12
20	13	79
20	14	41
20	15	182
20	16	208
20	17	15
20	18	362
20	19	102
20	20	886
20	21	51
20	22	17
20	23	285
20	25	935
20	27	10
20	28	123
20	29	321
20	30	961
20	31	7
20	32	110
20	33	275
20	34	1624
20	35	259
20	36	64
20	37	786
20	38	10
20	40	82
20	41	10
20	42	7
20	43	1061
20	45	17
20	46	514
20	47	7
20	48	28
20	50	478
20	51	7
20	52	1410
20	53	17
20	54	156
20	55	1177
20	56	169
20	57	416
20	58	10
20	59	197
20	62	891
20	63	269
20	64	187
20	67	53
20	68	17
20	69	280
20	71	7
20	73	53
20	74	46
20	75	48
20	76	12
21	0	79
21	1	27
21	2	6
21	3	760
21	4	206
21	5	58
21	8	10
21	9	288
21	10	41
21	12	6
21	13	13
21	14	27
21	15	141
21	16	103
21	17	10
21	18	230
21	19	20
21	20	567
21	21	674
21	22	24
21	23	141
21	25	457
21	27	240
21	28	41
21	29	237
21	30	643
21	31	13
21	32	354
21	33	55
21	34	681
21	35	168
21	36	6
21	37	354
21	39	10
21	40	251
21	41	3
21	42	10
21	43	980
21	45	13
21	46	295
21	48	10
21	50	261
21	52	615
21	53	10
21	54	99
21	55	450
21	56	79
21	57	161
21	58	3
21	59	51
21	62	309
21	63	130
21	64	141
21	67	24
21	68	13
21	69	171
21	71	41
21	73	13
21	74	44
21	75	37
21	76	17
22	0	167
22	2	6
22	3	820
22	4	180
22	5	160
22	7	6
22	8	45
22	9	174
22	10	137
22	11	55
22	12	6
22	13	62
22	14	9
22	15	29
22	16	147
22	17	3
22	18	157
22	19	98
22	20	114
22	21	13
22	22	213
22	23	75
22	25	262
22	26	13
22	28	141
22	29	62
22	30	183
22	32	19
22	33	59
22	34	761
22	35	167
22	36	3
22	37	183
22	38	32
22	39	6
22	40	36
22	41	9
22	43	118
22	45	36
22	46	259
22	47	118
22	48	13
22	50	256
22	51	3
22	52	522
22	54	124
22	55	374
22	56	114
22	57	272
22	58	22
22	59	288
22	60	6
22	62	269
22	63	68
22	64	160
22	67	65
22	68	3
22	69	134
22	71	3
22	73	39
22	74	13
22	75	16
22	76	3
23	0	185
23	3	1379
23	4	332
23	5	101
23	7	2
23	8	25
23	9	318
23	10	154
23	13	53
23	14	53
23	15	33
23	16	171
23	18	208
23	19	92
23	20	174
23	22	11
23	23	444
23	25	543
23	26	11
23	27	2
23	28	95
23	29	104
23	30	703
23	32	14
23	33	163
23	34	1137
23	35	197
23	36	36
23	37	487
23	38	2
23	40	22
23	41	2
23	43	180
23	45	5
23	46	306
23	47	8
23	48	14
23	50	354
23	52	946
23	53	25
23	54	78
23	55	554
23	56	106
23	57	247
23	58	2
23	59	109
23	62	574
23	63	284
23	64	90
23	67	70
23	68	5
23	69	197
23	73	53
23	74	8
23	75	16
23	76	25
24	0	122
24	2	20
24	3	212
24	4	110
24	5	24
24	6	44
24	7	12
24	9	61
24	10	12
24	13	4
24	14	20
24	16	106
24	18	604
24	19	36
24	20	73
24	21	8
24	22	4
24	23	16
24	24	780
24	25	371
24	27	4
24	28	12
24	29	32
24	30	130
24	32	16
24	33	32
24	34	371
24	35	85
24	36	61
24	37	167
24	38	8
24	39	4
24	40	20
24	43	81
24	45	12
24	46	65
24	48	1115
24	50	208
24	52	216
24	54	829
24	55	465
24	56	36
24	57	167
24	59	16
24	62	138
24	63	24
24	64	61
24	65	318
24	66	61
24	67	12
24	68	498
24	69	61
24	73	20
24	74	4
24	75	829
24	76	89
25	0	355
25	2	24
25	3	3952
25	4	683
25	5	195
25	6	4
25	7	71
25	8	39
25	9	449
25	10	177
25	11	9
25	12	12
25	13	91
25	14	298
25	15	123
25	16	646
25	17	7
25	18	1713
25	19	118
25	20	661
25	21	22
25	22	41
25	23	209
25	24	17
25	25	8656
25	26	9
25	27	41
25	28	133
25	29	367
25	30	1360
25	31	2
25	32	145
25	33	128
25	34	4327
25	35	315
25	36	469
25	37	4384
25	38	2
25	39	2
25	40	175
25	41	9
25	42	4
25	43	681
25	44	2
25	45	22
25	46	469
25	47	12
25	48	96
25	50	2253
25	52	2801
25	53	29
25	54	836
25	55	4924
25	56	693
25	57	933
25	58	9
25	59	120
25	62	1997
25	63	636
25	64	239
25	65	14
25	67	54
25	68	172
25	69	1416
25	71	2
25	73	96
25	74	44
25	75	298
25	76	217
26	0	113
26	3	329
26	4	93
26	5	12
26	7	6
26	8	22
26	9	35
26	10	25
26	11	9
26	12	3
26	13	16
26	14	3
26	15	9
26	16	158
26	18	103
26	19	32
26	20	6
26	21	6
26	22	16
26	23	16
26	25	93
26	26	119
26	27	3
26	28	103
26	29	19
26	30	71
26	31	3
26	32	6
26	33	9
26	34	245
26	35	51
26	36	6
26	37	67
26	38	6
26	39	9
26	40	3
26	43	45
26	45	74
26	46	32
26	47	38
26	48	16
26	50	103
26	52	207
26	53	6
26	54	32
26	55	181
26	56	45
26	57	126
26	58	3
26	59	54
26	62	113
26	63	29
26	64	58
26	67	22
26	68	3
26	69	42
26	73	32
26	74	6
26	76	19
27	0	91
27	1	45
27	3	839
27	4	274
27	5	82
27	6	3
27	7	12
27	8	18
27	9	372
27	10	58
27	11	9
27	12	6
27	13	15
27	14	45
27	15	100
27	16	143
27	17	39
27	18	256
27	19	36
27	20	500
27	21	476
27	22	18
27	23	131
27	24	12
27	25	705
27	27	427
27	28	58
27	29	680
27	30	861
27	31	9
27	32	790
27	33	64
27	34	888
27	35	146
27	36	33
27	37	439
27	38	3
27	39	3
27	40	519
27	41	3
27	42	9
27	43	983
27	44	6
27	45	9
27	46	287
27	47	18
27	48	12
27	50	342
27	51	6
27	52	717
27	53	18
27	54	112
27	55	638
27	56	67
27	57	238
27	58	9
27	59	64
27	62	384
27	63	100
27	64	125
27	65	12
27	67	9
27	68	21
27	69	232
27	71	6
27	73	45
27	74	39
27	75	70
27	76	30
28	0	488
28	2	3
28	3	1250
28	4	206
28	5	75
28	8	97
28	9	191
28	10	266
28	13	131
28	14	30
28	15	15
28	16	367
28	18	236
28	19	67
28	20	120
28	22	18
28	23	116
28	25	349
28	26	3
28	28	529
28	29	30
28	30	322
28	31	3
28	32	11
28	33	123
28	34	1389
28	35	161
28	36	22
28	37	341
28	40	11
28	43	93
28	45	63
28	46	180
28	47	11
28	48	11
28	50	427
28	52	897
28	53	22
28	54	146
28	55	758
28	56	116
28	57	439
28	58	7
28	59	198
28	62	454
28	63	116
28	64	127
28	67	172
28	68	7
28	69	116
28	73	56
28	74	15
28	75	26
28	76	7
29	0	101
29	1	5
29	2	2
29	3	887
29	4	219
29	5	90
29	7	28
29	8	2
29	9	259
29	10	84
29	11	2
29	12	5
29	13	36
29	14	22
29	15	47
29	16	140
29	17	39
29	18	273
29	19	36
29	20	323
29	21	87
29	22	50
29	23	87
29	24	2
29	25	1284
29	26	2
29	27	78
29	28	42
29	29	1731
29	30	971
29	31	5
29	32	639
29	33	101
29	34	991
29	35	149
29	36	76
29	37	698
29	39	2
29	40	185
29	43	543
29	44	8
29	45	11
29	46	230
29	47	14
29	48	11
29	50	357
29	51	2
29	52	647
29	53	33
29	54	152
29	55	749
29	56	121
29	57	194
29	58	2
29	59	50
29	62	436
29	63	157
29	64	157
29	67	19
29	68	25
29	69	335
29	71	2
29	73	25
29	74	19
29	75	73
29	76	28
30	0	122
30	1	2
30	3	1553
30	4	292
30	5	103
30	6	5
30	7	8
30	8	8
30	9	256
30	10	131
30	12	2
30	13	24
30	14	54
30	15	70
30	16	155
30	17	2
30	18	212
30	19	57
30	20	286
30	21	19
30	22	10
30	23	150
30	25	715
30	26	2
30	27	13
30	28	46
30	29	215
30	30	1108
30	32	43
30	33	68
30	34	1354
30	35	141
30	36	16
30	37	879
30	40	43
30	41	2
30	43	365
30	44	5
30	45	13
30	46	305
30	48	8
30	50	475
30	51	2
30	52	1070
30	53	30
30	54	131
30	55	813
30	56	158
30	57	267
30	58	8
30	59	84
30	62	750
30	63	431
30	64	84
30	65	2
30	67	30
30	68	13
30	69	638
30	72	2
30	73	27
30	74	10
30	75	27
30	76	5
31	0	45
31	3	225
31	4	126
31	5	84
31	9	255
31	10	45
31	12	3
31	13	11
31	14	19
31	15	95
31	16	61
31	18	87
31	19	34
31	20	160
31	21	30
31	23	34
31	24	7
31	25	110
31	26	7
31	27	7
31	28	15
31	29	26
31	30	129
31	31	57
31	32	57
31	33	19
31	34	187
31	35	84
31	36	7
31	37	91
31	38	11
31	40	26
31	41	15
31	42	76
31	43	225
31	45	7
31	46	274
31	50	72
31	51	87
31	52	213
31	53	3
31	54	11
31	55	91
31	56	7
31	57	91
31	58	7
31	59	42
31	62	168
31	63	34
31	64	99
31	67	7
31	68	7
31	69	72
31	71	42
31	73	7
31	74	34
31	75	15
31	76	19
32	0	68
32	1	12
32	3	807
32	4	162
32	5	76
32	7	2
32	8	4
32	9	228
32	10	51
32	12	4
32	13	7
32	14	24
32	15	71
32	16	118
32	17	19
32	18	209
32	19	34
32	20	383
32	21	150
32	22	29
32	23	100
32	25	634
32	26	2
32	27	140
32	28	27
32	29	733
32	30	711
32	32	622
32	33	51
32	34	600
32	35	113
32	36	22
32	37	371
32	38	2
32	40	346
32	41	2
32	42	2
32	43	637
32	44	4
32	46	179
32	47	14
32	48	14
32	50	268
32	51	7
32	52	610
32	53	24
32	54	98
32	55	506
32	56	46
32	57	159
32	58	4
32	59	54
32	62	329
32	63	105
32	64	123
32	65	7
32	67	2
32	68	14
32	69	167
32	73	17
32	74	14
32	75	41
32	76	14
33	0	209
33	2	8
33	3	1956
33	4	421
33	5	260
33	7	11
33	8	74
33	9	739
33	10	218
33	13	38
33	14	32
33	15	50
33	16	254
33	17	2
33	18	275
33	19	137
33	20	577
33	21	11
33	22	8
33	23	397
33	25	858
33	28	137
33	29	164
33	30	1169
33	32	47
33	33	508
33	34	1510
33	35	278
33	36	44
33	37	577
33	39	2
33	40	38
33	41	5
33	43	433
33	44	5
33	45	11
33	46	445
33	47	8
33	48	17
33	50	583
33	51	2
33	52	1214
33	53	29
33	54	113
33	55	825
33	56	128
33	57	409
33	58	2
33	59	146
33	62	771
33	63	287
33	64	155
33	67	86
33	68	38
33	69	275
33	73	50
33	74	32
33	75	38
33	76	17
34	0	281
34	2	5
34	3	3829
34	4	540
34	5	188
34	7	5
34	8	50
34	9	295
34	10	214
34	11	8
34	12	2
34	13	73
34	14	326
34	15	47
34	16	360
34	17	8
34	18	597
34	19	146
34	20	292
34	21	14
34	22	16
34	23	115
34	24	8
34	25	1500
34	26	11
34	27	16
34	28	149
34	29	67
34	30	720
34	32	45
34	33	87
34	34	5559
34	35	177
34	36	64
34	37	1464
34	38	16
34	39	2
34	40	67
34	41	2
34	42	5
34	43	273
34	45	22
34	46	261
34	47	14
34	48	22
34	50	1343
34	52	2441
34	53	109
34	54	309
34	55	2092
34	56	388
34	57	827
34	58	19
34	59	166
34	62	1782
34	63	535
34	64	137
34	65	5
34	67	81
34	68	59
34	69	1033
34	71	5
34	73	78
34	74	36
34	75	70
34	76	30
35	0	105
35	3	890
35	4	156
35	5	74
35	8	7
35	9	121
35	10	211
35	11	19
35	13	78
35	14	7
35	15	15
35	16	62
35	17	3
35	18	101
35	19	62
35	20	78
35	21	11
35	22	7
35	23	85
35	25	211
35	28	58
35	29	62
35	30	277
35	31	3
35	32	31
35	33	70
35	34	664
35	35	207
35	36	23
35	37	179
35	38	19
35	40	11
35	41	3
35	43	66
35	46	140
35	47	3
35	48	3
35	50	254
35	52	597
35	54	50
35	55	289
35	56	35
35	57	175
35	59	105
35	62	293
35	63	93
35	64	93
35	67	74
35	68	3
35	69	62
35	73	11
35	74	11
35	75	7
35	76	7
36	0	60
36	2	12
36	3	629
36	4	73
36	5	42
36	6	5
36	7	45
36	8	7
36	9	73
36	10	32
36	13	2
36	14	37
36	15	12
36	16	108
36	17	2
36	18	573
36	19	15
36	20	93
36	21	10
36	22	5
36	23	32
36	24	7
36	25	1608
36	26	2
36	28	32
36	29	63
36	30	222
36	32	17
36	33	17
36	34	713
36	35	70
36	36	442
36	37	500
36	38	12
36	40	50
36	41	2
36	43	65
36	44	2
36	45	10
36	46	98
36	47	5
36	48	25
36	50	313
36	51	2
36	52	366
36	53	7
36	54	439
36	55	895
36	56	108
36	57	161
36	59	37
36	62	237
36	63	80
36	64	50
36	65	10
36	67	10
36	68	80
36	69	202
36	73	12
36	74	10
36	75	214
36	76	139
37	0	83
37	2	2
37	3	1980
37	4	304
37	5	74
37	6	2
37	7	11
37	8	23
37	9	134
37	10	65
37	12	9
37	13	25
37	14	127
37	15	30
37	16	199
37	18	399
37	19	44
37	20	183
37	21	11
37	22	11
37	23	86
37	24	6
37	25	1369
37	27	4
37	28	41
37	29	74
37	30	509
37	32	32
37	33	65
37	34	1852
37	35	127
37	36	37
37	37	1998
37	38	4
37	39	4
37	40	27
37	41	6
37	43	197
37	45	18
37	46	167
37	47	4
37	48	4
37	50	1032
37	51	4
37	52	1352
37	53	30
37	54	197
37	55	1252
37	56	220
37	57	353
37	58	13
37	59	81
37	62	1108
37	63	369
37	64	39
37	65	2
37	66	2
37	67	18
37	68	20
37	69	694
37	73	37
37	74	20
37	75	62
37	76	41
38	0	270
38	3	592
38	4	180
38	5	105
38	7	7
38	8	60
38	9	123
38	10	127
38	11	11
38	13	63
38	14	11
38	15	26
38	16	202
38	17	3
38	18	165
38	19	45
38	20	108
38	21	7
38	22	30
38	23	45
38	25	225
38	26	33
38	28	123
38	29	30
38	30	187
38	32	3
38	33	41
38	34	660
38	35	112
38	36	11
38	37	168
38	38	41
38	39	7
38	40	15
38	43	97
38	45	41
38	46	90
38	47	15
38	48	18
38	50	217
38	52	397
38	53	3
38	54	82
38	55	273
38	56	56
38	57	213
38	58	3
38	59	153
38	62	198
38	63	33
38	64	75
38	66	3
38	67	60
38	68	3
38	69	67
38	73	90
38	74	7
38	75	22
38	76	15
39	0	35
39	3	163
39	4	28
39	5	6
39	9	41
39	10	15
39	11	6
39	13	15
39	14	3
39	15	3
39	16	38
39	18	9
39	19	15
39	20	6
39	22	6
39	23	22
39	25	51
39	28	51
39	29	12
39	30	25
39	32	6
39	33	12
39	34	179
39	35	28
39	36	3
39	37	54
39	38	6
39	39	3
39	43	9
39	45	31
39	46	6
39	47	3
39	48	6
39	50	38
39	52	86
39	53	3
39	54	9
39	55	108
39	56	22
39	57	70
39	59	35
39	62	44
39	63	6
39	64	41
39	67	19
39	68	9
39	69	22
39	73	22
39	74	3
39	75	6
39	76	3
40	0	96
40	3	434
40	4	129
40	5	66
40	7	8
40	9	175
40	10	45
40	12	4
40	13	20
40	14	20
40	15	41
40	16	71
40	17	37
40	18	200
40	19	41
40	20	326
40	21	100
40	22	16
40	23	129
40	24	4
40	25	535
40	26	4
40	27	83
40	28	45
40	29	480
40	30	489
40	32	459
40	33	45
40	34	606
40	35	112
40	36	45
40	37	330
40	38	4
40	40	2587
40	43	309
40	46	146
40	47	12
40	48	20
40	50	225
40	52	405
40	54	117
40	55	367
40	56	104
40	57	146
40	58	8
40	59	50
40	62	296
40	63	96
40	64	71
40	69	154
40	74	29
40	75	54
40	76	33
41	0	38
41	3	413
41	4	120
41	5	227
41	7	2
41	8	5
41	9	200
41	10	32
41	12	49
41	13	8
41	14	16
41	15	74
41	16	57
41	18	74
41	19	101
41	20	112
41	21	8
41	22	27
41	23	38
41	24	2
41	25	145
41	26	5
41	27	2
41	28	16
41	29	10
41	30	120
41	32	16
41	33	16
41	34	304
41	35	41
41	36	2
41	37	101
41	38	5
41	39	2
41	40	5
41	41	68
41	42	5
41	43	104
41	45	5
41	46	224
41	47	8
41	48	2
41	50	126
41	52	320
41	53	10
41	54	43
41	55	139
41	56	46
41	57	90
41	58	13
41	59	57
41	60	2
41	62	238
41	63	27
41	64	82
41	65	2
41	67	8
41	69	82
41	71	5
41	73	19
41	74	76
41	75	10
41	76	5
42	0	39
42	3	198
42	4	79
42	5	56
42	9	168
42	10	29
42	11	6
42	12	19
42	13	3
42	15	76
42	16	29
42	17	3
42	18	62
42	19	36
42	20	145
42	21	23
42	22	6
42	23	6
42	25	92
42	27	3
42	28	9
42	29	29
42	30	155
42	31	33
42	32	16
42	33	9
42	34	208
42	35	59
42	36	3
42	37	92
42	40	19
42	41	13
42	42	62
42	43	125
42	45	3
42	46	228
42	47	3
42	50	69
42	51	43
42	52	152
42	53	3
42	54	43
42	55	69
42	56	9
42	57	49
42	59	29
42	62	112
42	63	9
42	64	79
42	67	13
42	69	46
42	71	23
42	74	62
42	76	3
43	0	218
43	1	9
43	2	9
43	3	2211
43	4	497
43	5	201
43	7	14
43	8	22
43	9	752
43	10	146
43	11	7
43	12	9
43	13	52
43	14	101
43	15	412
43	16	198
43	17	19
43	18	449
43	19	106
43	20	1331
43	21	253
43	22	29
43	23	278
43	24	4
43	25	1192
43	26	4
43	27	111
43	28	62
43	29	387
43	30	1570
43	31	9
43	32	372
43	33	188
43	34	1679
43	35	191
43	36	64
43	37	1120
43	38	4
43	39	4
43	40	196
43	41	17
43	42	4
43	43	2668
43	44	14
43	45	39
43	46	621
43	47	14
43	48	32
43	50	700
43	51	9
43	52	1811
43	53	47
43	54	211
43	55	1349
43	56	188
43	57	402
43	58	17
43	59	154
43	62	974
43	63	345
43	64	213
43	65	2
43	67	32
43	68	14
43	69	574
43	71	9
43	73	42
43	74	44
43	75	74
43	76	32
44	0	3
44	3	62
44	4	27
44	7	6
44	9	6
44	13	3
44	15	6
44	16	13
44	18	52
44	19	6
44	20	27
44	21	3
44	22	3
44	23	6
44	25	156
44	27	3
44	29	55
44	30	27
44	32	34
44	33	10
44	34	69
44	36	10
44	37	55
44	40	3
44	43	27
44	44	10
44	46	6
44	48	3
44	50	24
44	52	38
44	54	17
44	55	24
44	57	17
44	59	6
44	62	13
44	63	17
44	64	3
44	65	3
44	67	3
44	68	3
44	69	13
44	75	10
44	76	10
45	0	477
45	2	2
45	3	1210
45	4	207
45	5	74
45	7	2
45	8	56
45	9	130
45	10	139
45	11	2
45	12	5
45	13	38
45	14	11
45	15	20
45	16	409
45	18	181
45	19	68
45	20	80
45	21	11
45	22	38
45	23	100
45	25	370
45	26	41
45	28	249
45	29	38
45	30	240
45	32	11
45	33	65
45	34	1106
45	35	127
45	36	8
45	37	344
45	38	35
45	39	26
45	40	35
45	41	2
45	43	91
45	45	175
45	46	160
45	47	29
45	48	20
45	50	293
45	52	768
45	53	11
45	54	130
45	55	685
45	56	145
45	57	430
45	58	8
45	59	100
45	62	388
45	63	86
45	64	183
45	67	121
45	68	5
45	69	142
45	73	47
45	74	23
45	75	41
45	76	23
46	0	198
46	3	1002
46	4	234
46	5	349
46	7	3
46	8	10
46	9	652
46	10	241
46	11	3
46	13	90
46	14	18
46	15	57
46	16	194
46	17	3
46	18	263
46	19	241
46	20	328
46	21	7
46	22	28
46	23	227
46	24	3
46	25	555
46	26	3
46	27	10
46	28	111
46	29	104
46	30	796
46	32	18
46	33	248
46	34	1312
46	35	364
46	36	25
46	37	439
46	38	21
46	39	7
46	40	72
46	41	7
46	42	3
46	43	230
46	45	25
46	46	1006
46	47	21
46	48	18
46	50	569
46	51	7
46	52	815
46	53	36
46	54	126
46	55	703
46	56	115
46	57	241
46	58	21
46	59	144
46	62	548
46	63	191
46	64	191
46	67	86
46	68	7
46	69	180
46	71	3
46	72	3
46	73	72
46	74	43
46	75	39
46	76	14
47	0	59
47	3	203
47	4	65
47	5	78
47	7	3
47	8	6
47	9	69
47	10	36
47	11	3
47	12	3
47	13	6
47	14	9
47	15	9
47	16	29
47	18	32
47	19	42
47	20	19
47	21	6
47	22	85
47	23	13
47	25	78
47	26	6
47	28	26
47	29	16
47	30	62
47	33	16
47	34	276
47	35	52
47	36	3
47	37	39
47	38	9
47	41	3
47	42	3
47	43	32
47	45	13
47	46	95
47	47	65
47	48	6
47	50	72
47	52	184
47	54	23
47	55	125
47	56	9
47	57	75
47	58	6
47	59	101
47	62	55
47	63	9
47	64	46
47	67	6
47	69	23
47	72	3
47	73	23
47	74	6
47	75	3
47	76	9
48	0	136
48	2	17
48	3	519
48	4	184
48	5	22
48	6	17
48	7	13
48	8	13
48	9	118
48	10	44
48	13	26
48	14	13
48	15	35
48	16	118
48	17	8
48	18	748
48	19	30
48	20	154
48	21	13
48	22	17
48	23	35
48	24	691
48	25	510
48	27	4
48	28	22
48	29	114
48	30	154
48	32	17
48	33	35
48	34	365
48	35	83
48	36	88
48	37	101
48	39	4
48	40	92
48	42	4
48	43	167
48	45	30
48	46	83
48	47	4
48	48	5326
48	50	268
48	52	171
48	53	4
48	54	911
48	55	673
48	56	48
48	57	268
48	58	8
48	59	44
48	62	255
48	63	44
48	64	101
48	65	638
48	66	26
48	67	35
48	68	272
48	69	118
48	73	8
48	74	8
48	75	695
48	76	74
49	3	18
49	4	3
49	5	15
49	9	3
49	19	3
49	25	3
49	28	3
49	30	3
49	34	15
49	35	3
49	37	7
49	50	7
49	52	11
49	54	7
49	55	11
49	56	3
49	57	11
49	59	3
49	62	7
49	67	3
50	0	342
50	2	10
50	3	3821
50	4	502
50	5	154
50	7	29
50	8	50
50	9	361
50	10	209
50	11	7
50	12	5
50	13	95
50	14	273
50	15	63
50	16	773
50	17	13
50	18	946
50	19	85
50	20	345
50	21	37
50	22	15
50	23	252
50	24	5
50	25	2394
50	26	10
50	27	7
50	28	164
50	29	132
50	30	778
50	31	2
50	32	53
50	33	175
50	34	4796
50	35	209
50	36	138
50	37	2253
50	38	5
50	39	7
50	40	95
50	41	2
50	43	313
50	45	34
50	46	342
50	47	10
50	48	39
50	50	3226
50	52	2452
50	53	90
50	54	645
50	55	3882
50	56	749
50	57	863
50	58	13
50	59	193
50	62	1570
50	63	510
50	64	164
50	65	5
50	67	85
50	68	98
50	69	1070
50	71	2
50	73	100
50	74	15
50	75	164
50	76	124
51	0	22
51	3	126
51	4	55
51	5	33
51	9	89
51	10	11
51	12	7
51	13	11
51	14	3
51	15	63
51	16	14
51	18	33
51	19	18
51	20	74
51	21	18
51	23	18
51	25	29
51	28	7
51	29	14
51	30	85
51	31	44
51	32	7
51	33	7
51	34	119
51	35	29
51	37	37
51	38	3
51	40	7
51	42	33
51	43	74
51	45	3
51	46	182
51	50	18
51	51	29
51	52	108
51	54	7
51	55	44
51	56	7
51	57	18
51	59	29
51	62	33
51	63	14
51	64	37
51	67	3
51	68	7
51	69	33
51	71	14
51	74	22
51	75	14
51	76	7
52	3	319
52	4	46
52	9	23
52	14	7
52	18	23
52	19	15
52	20	23
52	23	7
52	25	62
52	30	38
52	34	155
52	37	109
52	43	7
52	46	15
52	47	7
52	50	46
52	52	179
52	54	7
52	55	62
52	56	15
52	57	7
52	59	7
52	62	70
52	63	15
52	64	7
52	69	23
53	0	14
53	3	163
53	4	14
53	5	7
53	9	21
53	10	71
53	13	7
53	15	7
53	16	14
53	18	35
53	19	7
53	20	7
53	25	64
53	27	7
53	28	7
53	30	78
53	33	28
53	34	156
53	35	7
53	36	7
53	37	28
53	40	14
53	43	7
53	44	7
53	46	7
53	50	42
53	52	99
53	53	142
53	54	14
53	55	99
53	57	35
53	59	49
53	62	35
53	63	14
53	64	21
53	67	35
53	73	7
53	76	14
54	0	312
54	2	185
54	3	1348
54	4	294
54	5	121
54	6	15
54	7	25
54	8	36
54	9	183
54	10	72
54	11	2
54	12	5
54	13	51
54	14	108
54	15	54
54	16	562
54	17	15
54	18	2555
54	19	56
54	20	226
54	21	15
54	22	28
54	23	79
54	24	41
54	25	1929
54	27	2
54	28	113
54	29	110
54	30	407
54	32	25
54	33	59
54	34	2091
54	35	134
54	36	224
54	37	949
54	38	2
54	39	10
54	40	61
54	41	5
54	42	2
54	43	211
54	45	15
54	46	190
54	47	12
54	48	136
54	50	1060
54	52	1098
54	53	10
54	54	3427
54	55	3216
54	56	363
54	57	577
54	58	10
54	59	82
54	62	626
54	63	162
54	64	118
54	65	20
54	67	46
54	68	443
54	69	438
54	73	59
54	74	28
54	75	894
54	76	441
55	0	570
55	1	2
55	2	19
55	3	2715
55	4	334
55	5	166
55	6	2
55	7	24
55	8	49
55	9	312
55	10	171
55	11	4
55	12	12
55	13	62
55	14	156
55	15	71
55	16	937
55	17	9
55	18	1371
55	19	111
55	20	248
55	21	24
55	22	17
55	23	126
55	24	19
55	25	2333
55	27	22
55	28	158
55	29	114
55	30	577
55	32	49
55	33	104
55	34	3067
55	35	171
55	36	124
55	37	1917
55	38	9
55	40	84
55	42	2
55	43	272
55	45	52
55	46	290
55	47	14
55	48	74
55	50	1961
55	51	2
55	52	1991
55	53	37
55	54	753
55	55	5716
55	56	848
55	57	806
55	58	14
55	59	124
55	62	1200
55	63	292
55	64	143
55	65	4
55	66	2
55	67	81
55	68	111
55	69	669
55	73	104
55	74	42
55	75	235
55	76	257
56	0	310
56	2	4
56	3	3422
56	4	503
56	5	152
56	6	4
56	7	11
56	8	73
56	9	224
56	10	169
56	11	2
56	12	9
56	13	124
56	14	314
56	15	57
56	16	646
56	17	9
56	18	890
56	19	54
56	20	248
56	21	11
56	22	45
56	23	131
56	25	1909
56	26	7
56	27	14
56	28	169
56	29	93
56	30	567
56	32	47
56	33	69
56	34	3851
56	35	157
56	36	83
56	37	1799
56	38	11
56	39	9
56	40	62
56	41	4
56	43	241
56	45	16
56	46	272
56	47	7
56	48	28
56	50	2049
56	52	2472
56	53	90
56	54	489
56	55	3498
56	56	1319
56	57	1071
56	58	11
56	59	145
56	62	1443
56	63	424
56	64	159
56	66	2
56	67	62
56	68	109
56	69	878
56	73	66
56	74	33
56	75	188
56	76	104
57	0	629
57	3	3024
57	4	513
57	5	195
57	8	185
57	9	440
57	10	601
57	11	9
57	12	9
57	13	384
57	14	69
57	15	25
57	16	670
57	17	3
57	18	607
57	19	141
57	20	286
57	21	15
57	22	37
57	23	292
57	25	1029
57	26	6
57	27	3
57	28	343
57	29	100
57	30	730
57	31	6
57	32	9
57	33	157
57	34	3594
57	35	352
57	36	50
57	37	834
57	38	9
57	39	9
57	40	59
57	41	3
57	43	229
57	45	50
57	46	393
57	47	12
57	48	12
57	50	1067
57	52	1885
57	53	37
57	54	308
57	55	1702
57	56	349
57	57	1498
57	58	3
57	59	321
57	62	1419
57	63	336
57	64	236
57	67	229
57	68	28
57	69	361
57	71	6
57	73	195
57	74	9
57	75	50
57	76	47
58	0	104
58	3	533
58	4	138
58	5	521
58	8	5
58	9	129
58	10	50
58	12	22
58	13	5
58	14	28
58	15	33
58	16	59
58	18	76
58	19	121
58	20	95
58	21	5
58	22	45
58	23	39
58	25	186
58	26	5
58	27	2
58	28	31
58	29	8
58	30	155
58	31	2
58	32	28
58	33	28
58	34	459
58	35	56
58	36	16
58	37	186
58	38	5
58	39	2
58	40	8
58	41	33
58	42	5
58	43	95
58	45	25
58	46	177
58	47	42
58	48	2
58	50	129
58	51	2
58	52	454
58	53	8
58	54	31
58	55	228
58	56	47
58	57	121
58	58	50
58	59	62
58	62	228
58	63	50
58	64	112
58	67	14
58	69	143
58	71	2
58	72	19
58	73	14
58	74	47
58	75	11
59	0	416
59	3	2425
59	4	397
59	5	382
59	7	3
59	8	131
59	9	307
59	10	457
59	11	28
59	12	6
59	13	172
59	14	37
59	15	72
59	16	485
59	17	3
59	18	278
59	19	191
59	20	234
59	21	15
59	22	81
59	23	209
59	24	12
59	25	789
59	26	6
59	27	9
59	28	241
59	29	62
59	30	617
59	31	6
59	32	31
59	33	175
59	34	2096
59	35	272
59	36	37
59	37	548
59	38	28
59	39	3
59	40	50
59	41	9
59	42	3
59	43	153
59	45	50
59	46	391
59	47	59
59	48	31
59	50	720
59	52	1648
59	53	21
59	54	228
59	55	1231
59	56	222
59	57	645
59	58	25
59	59	748
59	62	842
59	63	216
59	64	328
59	67	169
59	68	12
59	69	272
59	72	15
59	73	106
59	74	40
59	75	34
59	76	34
60	3	7
60	4	1
60	5	3
60	10	1
60	16	5
60	18	5
60	19	5
60	20	1
60	25	1
60	28	3
60	30	1
60	33	1
60	34	9
60	37	3
60	43	1
60	47	1
60	50	3
60	52	11
60	55	9
60	56	1
60	57	3
60	59	1
60	62	5
60	64	11
60	68	1
60	69	1
60	74	1
61	18	8
61	34	4
61	54	8
61	68	8
61	75	4
62	0	200
62	2	2
62	3	3345
62	4	621
62	5	107
62	7	5
62	8	20
62	9	191
62	10	136
62	12	2
62	13	61
62	14	101
62	15	26
62	16	226
62	17	8
62	18	354
62	19	69
62	20	310
62	21	17
62	22	14
62	23	168
62	25	947
62	26	5
62	28	75
62	29	81
62	30	514
62	31	2
62	32	49
62	33	133
62	34	2322
62	35	188
62	36	40
62	37	1075
62	38	5
62	40	49
62	41	5
62	43	194
62	45	14
62	46	165
62	47	2
62	48	14
62	50	653
62	52	2249
62	53	116
62	54	162
62	55	935
62	56	200
62	57	389
62	58	11
62	59	93
62	62	1633
62	63	508
62	64	87
62	67	75
62	68	14
62	69	520
62	73	52
62	74	23
62	75	43
62	76	26
63	0	60
63	1	2
63	2	2
63	3	1981
63	4	320
63	5	63
63	7	5
63	9	124
63	10	68
63	11	2
63	12	2
63	13	26
63	14	108
63	15	21
63	16	103
63	17	2
63	18	158
63	19	26
63	20	135
63	21	5
63	22	15
63	23	129
63	25	651
63	26	2
63	28	31
63	29	108
63	30	519
63	32	15
63	33	23
63	34	1599
63	35	87
63	36	18
63	37	717
63	38	2
63	40	37
63	41	2
63	43	164
63	45	15
63	46	132
63	47	2
63	48	7
63	50	384
63	52	1115
63	53	55
63	54	119
63	55	651
63	56	74
63	57	291
63	58	10
63	59	47
63	62	1085
63	63	656
63	64	37
63	66	2
63	67	15
63	68	34
63	69	990
63	73	31
63	74	21
63	75	26
63	76	21
64	0	206
64	2	3
64	3	950
64	4	216
64	5	234
64	8	24
64	9	292
64	10	210
64	13	89
64	14	10
64	15	24
64	16	137
64	18	151
64	19	179
64	20	151
64	21	6
64	22	3
64	23	154
64	25	292
64	28	96
64	29	58
64	30	344
64	32	34
64	33	75
64	34	943
64	35	268
64	36	20
64	37	292
64	38	10
64	40	27
64	41	3
64	43	117
64	45	13
64	46	292
64	47	3
64	48	6
64	50	351
64	52	588
64	53	6
64	54	92
64	55	537
64	56	68
64	57	244
64	58	6
64	59	161
64	62	368
64	63	103
64	64	268
64	67	68
64	68	6
64	69	96
64	73	37
64	74	6
64	75	24
64	76	20
65	0	16
65	2	8
65	3	80
65	4	36
65	5	8
65	6	4
65	9	24
65	10	12
65	13	4
65	14	4
65	15	4
65	16	40
65	18	165
65	19	12
65	20	36
65	21	4
65	22	4
65	23	8
65	24	315
65	25	133
65	28	8
65	29	16
65	30	48
65	32	4
65	34	141
65	35	28
65	36	20
65	37	32
65	40	12
65	43	24
65	46	20
65	48	593
65	50	76
65	52	60
65	54	290
65	55	165
65	56	36
65	57	32
65	59	4
65	62	48
65	63	8
65	64	24
65	65	193
65	66	12
65	67	8
65	68	105
65	69	24
65	73	4
65	75	282
65	76	32
66	0	10
66	2	5
66	3	25
66	4	5
66	5	15
66	6	35
66	9	5
66	10	5
66	13	5
66	14	5
66	16	25
66	18	71
66	19	5
66	20	15
66	22	5
66	24	71
66	25	51
66	28	5
66	30	20
66	34	61
66	36	10
66	37	5
66	43	10
66	46	5
66	48	71
66	50	15
66	52	15
66	54	117
66	55	112
66	57	15
66	63	5
66	64	5
66	65	30
66	66	10
66	67	5
66	68	142
66	69	10
66	73	5
66	75	117
66	76	10
67	0	481
67	3	1075
67	4	181
67	5	86
67	7	3
67	8	114
67	9	213
67	10	213
67	13	156
67	14	9
67	15	12
67	16	424
67	17	3
67	18	245
67	19	35
67	20	108
67	22	15
67	23	89
67	25	408
67	26	3
67	27	3
67	28	220
67	29	47
67	30	280
67	32	3
67	33	98
67	34	1253
67	35	140
67	36	22
67	37	213
67	38	6
67	39	3
67	40	25
67	41	3
67	43	108
67	45	63
67	46	124
67	47	6
67	48	19
67	50	376
67	52	778
67	53	3
67	54	118
67	55	701
67	56	86
67	57	510
67	58	3
67	59	204
67	62	354
67	63	114
67	64	185
67	67	216
67	68	6
67	69	130
67	71	3
67	73	47
67	74	3
67	75	31
67	76	15
68	0	122
68	2	101
68	3	476
68	4	97
68	5	72
68	6	65
68	7	3
68	8	14
68	9	130
68	10	36
68	13	28
68	14	14
68	15	28
68	16	252
68	17	10
68	18	1167
68	19	65
68	20	140
68	21	21
68	22	32
68	23	18
68	24	267
68	25	719
68	27	3
68	28	21
68	29	83
68	30	213
68	32	32
68	33	18
68	34	737
68	35	61
68	36	126
68	37	263
68	38	18
68	39	10
68	40	54
68	43	184
68	45	18
68	46	90
68	48	220
68	50	379
68	52	372
68	54	2081
68	55	1102
68	56	101
68	57	321
68	59	72
68	62	191
68	63	46
68	64	61
68	65	83
68	66	57
68	67	32
68	68	1669
68	69	155
68	73	32
68	74	10
68	75	1040
68	76	260
69	0	81
69	3	1543
69	4	209
69	5	39
69	7	13
69	8	10
69	9	115
69	10	70
69	13	18
69	14	112
69	15	34
69	16	96
69	17	5
69	18	172
69	19	26
69	20	96
69	21	2
69	22	5
69	23	57
69	25	762
69	27	5
69	28	23
69	29	57
69	30	468
69	32	7
69	33	18
69	34	1220
69	35	99
69	36	7
69	37	757
69	38	2
69	40	34
69	43	133
69	44	5
69	46	144
69	47	2
69	50	272
69	52	909
69	53	39
69	54	102
69	55	563
69	56	99
69	57	214
69	58	2
69	59	20
69	62	893
69	63	479
69	64	47
69	67	5
69	68	20
69	69	854
69	73	15
69	74	10
69	75	18
69	76	10
70	0	6
70	3	12
70	29	12
70	30	18
70	34	6
70	48	42
70	54	18
70	59	6
70	65	6
70	68	12
71	0	60
71	3	200
71	4	100
71	5	60
71	8	5
71	9	200
71	10	25
71	13	5
71	14	30
71	15	80
71	16	50
71	18	110
71	19	20
71	20	180
71	21	30
71	22	15
71	23	30
71	24	10
71	25	125
71	26	15
71	29	15
71	30	225
71	31	50
71	32	25
71	33	15
71	34	125
71	35	125
71	36	5
71	37	135
71	40	35
71	41	5
71	42	40
71	43	190
71	45	15
71	46	220
71	47	5
71	50	80
71	51	85
71	52	170
71	54	45
71	55	105
71	56	20
71	57	80
71	58	15
71	59	20
71	62	135
71	63	60
71	64	140
71	67	10
71	68	5
71	69	50
71	71	270
71	73	5
71	74	80
71	75	30
72	0	5
72	3	24
72	4	5
72	5	24
72	9	16
72	15	2
72	16	2
72	18	2
72	19	5
72	25	5
72	30	5
72	33	2
72	34	32
72	35	2
72	37	13
72	40	2
72	41	2
72	43	10
72	45	2
72	46	10
72	50	5
72	52	24
72	54	2
72	55	16
72	56	2
72	57	10
72	58	2
72	59	18
72	62	10
72	64	8
72	67	5
72	69	5
72	73	2
72	75	2
73	0	167
73	3	748
73	4	206
73	5	114
73	8	32
73	9	188
73	10	192
73	11	3
73	13	117
73	14	14
73	15	10
73	16	231
73	18	174
73	19	49
73	20	78
73	21	7
73	22	21
73	23	71
73	25	281
73	26	3
73	27	3
73	28	99
73	29	35
73	30	274
73	32	14
73	33	71
73	34	773
73	35	153
73	36	21
73	37	220
73	40	17
73	43	71
73	45	17
73	46	121
73	48	7
73	50	292
73	52	630
73	53	14
73	54	96
73	55	352
73	56	96
73	57	295
73	58	3
73	59	178
73	62	292
73	63	89
73	64	57
73	67	92
73	68	7
73	69	78
73	73	124
73	74	7
73	75	17
73	76	10
74	0	154
74	2	3
74	3	1275
74	4	277
74	5	674
74	7	3
74	8	38
74	9	406
74	10	148
74	11	9
74	12	96
74	13	38
74	14	25
74	15	151
74	16	151
74	17	3
74	18	261
74	19	187
74	20	335
74	21	35
74	22	100
74	23	61
74	25	355
74	26	3
74	27	22
74	28	93
74	29	80
74	30	397
74	31	38
74	32	64
74	33	77
74	34	1055
74	35	229
74	36	25
74	37	406
74	38	9
74	39	12
74	40	58
74	41	109
74	42	25
74	43	290
74	44	3
74	45	19
74	46	668
74	47	100
74	48	25
74	50	364
74	51	51
74	52	868
74	53	25
74	54	167
74	55	468
74	56	90
74	57	284
74	58	67
74	59	293
74	62	587
74	63	116
74	64	384
74	67	9
74	68	16
74	69	232
74	71	35
74	72	3
74	73	16
74	74	1004
74	75	58
74	76	29
75	0	125
75	2	42
75	3	798
75	4	144
75	5	80
75	6	14
75	7	14
75	8	14
75	9	127
75	10	71
75	13	23
75	14	26
75	15	21
75	16	265
75	17	16
75	18	1142
75	19	47
75	20	123
75	21	18
75	22	18
75	23	56
75	24	130
75	25	1037
75	26	4
75	27	4
75	28	61
75	29	52
75	30	255
75	32	14
75	33	18
75	34	945
75	35	80
75	36	170
75	37	592
75	38	7
75	39	7
75	40	80
75	41	2
75	43	125
75	45	14
75	46	118
75	47	9
75	48	177
75	50	563
75	52	599
75	53	9
75	54	1736
75	55	1559
75	56	199
75	57	364
75	59	56
75	60	2
75	62	277
75	63	75
75	64	47
75	65	40
75	66	21
75	67	26
75	68	471
75	69	210
75	73	30
75	74	26
75	75	1310
75	76	229
76	0	264
76	2	45
76	3	1105
76	4	156
76	5	71
76	7	6
76	8	21
76	9	127
76	10	54
76	12	6
76	13	28
76	14	49
76	15	23
76	16	416
76	17	2
76	18	1222
76	19	39
76	20	119
76	21	8
76	22	13
76	23	60
76	24	6
76	25	1192
76	26	2
76	28	65
76	29	52
76	30	201
76	32	36
76	33	41
76	34	1344
76	35	91
76	36	104
76	37	728
76	38	4
76	39	4
76	40	34
76	41	8
76	43	121
76	45	19
76	46	127
76	47	13
76	48	49
76	50	774
76	52	826
76	53	6
76	54	934
76	55	2296
76	56	260
76	57	431
76	58	2
76	59	58
76	62	516
76	63	130
76	64	54
76	65	8
76	66	2
76	67	28
76	68	143
76	69	310
76	71	2
76	73	36
76	74	6
76	75	288
76	76	670
77	3	17
77	15	8
77	18	8
77	27	8
77	30	17
77	36	8
77	43	8
77	52	8
77	57	17
77	63	8
77	71	8
