68	4228
0	0	514
0	1	14
0	3	150
0	4	79
0	5	7
0	7	44
0	8	206
0	11	21
0	12	7
0	13	446
0	14	51
0	15	68
0	16	171
0	17	110
0	19	16
0	20	56
0	21	18
0	22	263
0	23	4
0	25	28
0	26	138
0	27	70
0	28	126
0	29	338
0	30	61
0	31	89
0	32	265
0	33	4
0	34	9
0	35	96
0	36	211
0	37	42
0	38	39
0	39	2
0	40	25
0	41	129
0	42	169
0	43	96
0	44	23
0	45	2
0	46	9
0	47	192
0	48	237
0	49	469
0	50	293
0	51	394
0	52	68
0	53	16
0	54	7
0	55	169
0	56	488
0	57	35
0	58	79
0	59	77
0	61	9
0	62	176
0	63	439
0	64	44
0	65	112
0	66	68
0	67	143
1	0	9
1	1	6762
1	2	2
1	3	64
1	4	52
1	5	1007
1	6	4
1	7	308
1	8	78
1	11	19
1	12	7
1	13	415
1	14	710
1	15	133
1	16	581
1	17	80
1	18	40
1	19	64
1	20	26
1	21	152
1	22	344
1	23	19
1	24	2451
1	25	819
1	26	130
1	27	213
1	28	28
1	29	315
1	30	292
1	31	187
1	32	239
1	33	142
1	34	21
1	35	182
1	36	353
1	37	19
1	38	85
1	39	415
1	40	137
1	41	434
1	42	275
1	43	199
1	44	49
1	45	572
1	46	508
1	47	315
1	48	1890
1	49	603
1	50	484
1	51	277
1	52	57
1	53	427
1	54	7
1	55	194
1	56	935
1	57	1232
1	58	453
1	59	38
1	61	261
1	62	365
1	63	287
1	64	28
1	65	159
1	66	116
1	67	38
2	0	2
2	1	8
2	2	139
2	3	11
2	4	16
2	5	2
2	7	44
2	8	27
2	11	36
2	13	50
2	14	19
2	15	111
2	16	16
2	17	8
2	19	86
2	21	2
2	22	237
2	24	2
2	26	11
2	27	8
2	28	2
2	29	22
2	30	19
2	31	13
2	32	16
2	34	2
2	35	19
2	36	296
2	37	2
2	38	11
2	39	5
2	40	100
2	41	22
2	42	89
2	43	36
2	44	16
2	46	2
2	47	30
2	48	86
2	49	103
2	50	67
2	51	36
2	52	5
2	54	61
2	55	13
2	56	83
2	57	13
2	58	8
2	59	8
2	60	2
2	61	2
2	62	162
2	63	97
2	64	5
2	65	5
2	66	2
3	0	302
3	1	65
3	3	1260
3	4	355
3	5	20
3	7	153
3	8	760
3	11	88
3	12	55
3	13	1309
3	14	237
3	15	155
3	16	483
3	17	709
3	18	9
3	19	39
3	20	141
3	21	69
3	22	788
3	23	4
3	24	30
3	25	86
3	26	544
3	27	230
3	28	462
3	29	1454
3	30	369
3	31	348
3	32	1302
3	33	6
3	34	90
3	35	625
3	36	530
3	37	146
3	38	130
3	39	16
3	40	67
3	41	449
3	42	511
3	43	439
3	44	153
3	45	9
3	46	34
3	47	977
3	48	802
3	49	1961
3	50	974
3	51	1146
3	52	225
3	53	39
3	54	2
3	55	558
3	56	1295
3	57	118
3	58	281
3	59	421
3	60	9
3	61	6
3	62	365
3	63	1074
3	64	123
3	65	344
3	66	116
3	67	400
4	0	299
4	1	63
4	2	8
4	3	785
4	4	882
4	5	17
4	7	256
4	8	914
4	9	2
4	11	98
4	12	70
4	13	2304
4	14	277
4	15	203
4	16	599
4	17	680
4	18	6
4	19	67
4	20	157
4	21	61
4	22	1068
4	23	21
4	24	21
4	25	118
4	26	748
4	27	363
4	28	319
4	29	1849
4	30	394
4	31	481
4	32	1643
4	33	4
4	34	85
4	35	949
4	36	656
4	37	118
4	38	216
4	39	26
4	40	89
4	41	527
4	42	691
4	43	555
4	44	238
4	45	13
4	46	37
4	47	1433
4	48	1094
4	49	2517
4	50	1352
4	51	1674
4	52	221
4	53	63
4	54	6
4	55	711
4	56	1854
4	57	168
4	58	391
4	59	345
4	60	15
4	61	17
4	62	507
4	63	1414
4	64	168
4	65	429
4	66	111
4	67	378
5	0	1
5	1	963
5	3	17
5	4	31
5	5	685
5	6	1
5	7	156
5	8	17
5	11	21
5	12	1
5	13	172
5	14	325
5	15	13
5	16	281
5	17	21
5	18	5
5	19	25
5	20	27
5	21	89
5	22	158
5	23	15
5	24	247
5	25	277
5	26	43
5	27	101
5	29	116
5	30	99
5	31	109
5	32	71
5	33	49
5	34	3
5	35	67
5	36	112
5	37	3
5	38	35
5	39	116
5	40	77
5	41	224
5	42	93
5	43	73
5	44	13
5	45	204
5	46	285
5	47	124
5	48	862
5	49	263
5	50	233
5	51	142
5	52	23
5	53	128
5	54	7
5	55	101
5	56	414
5	57	604
5	58	233
5	59	9
5	60	3
5	61	182
5	62	158
5	63	103
5	64	7
5	65	93
5	66	69
5	67	21
6	1	8
6	3	10
6	5	2
6	6	8
6	7	19
6	8	2
6	13	16
6	14	8
6	15	10
6	16	5
6	17	5
6	19	30
6	20	5
6	22	65
6	25	2
6	26	2
6	27	5
6	29	13
6	31	10
6	32	16
6	35	5
6	36	41
6	39	2
6	40	65
6	41	2
6	42	21
6	43	2
6	44	2
6	45	2
6	47	10
6	48	57
6	49	24
6	50	24
6	51	5
6	52	2
6	55	10
6	56	30
6	57	8
6	58	8
6	59	5
6	60	5
6	61	8
6	62	49
6	63	27
6	64	2
6	65	8
6	66	5
7	0	40
7	1	60
7	2	6
7	3	143
7	4	81
7	5	96
7	6	15
7	7	1988
7	8	113
7	9	2
7	11	55
7	12	15
7	13	485
7	14	206
7	15	180
7	16	508
7	17	85
7	18	34
7	19	154
7	20	126
7	21	55
7	22	964
7	23	124
7	24	19
7	25	40
7	26	156
7	27	238
7	28	47
7	29	210
7	30	182
7	31	214
7	32	165
7	33	73
7	34	15
7	35	208
7	36	964
7	37	10
7	38	66
7	39	21
7	40	526
7	41	296
7	42	684
7	43	154
7	44	81
7	45	60
7	46	27
7	47	223
7	48	2026
7	49	614
7	50	918
7	51	328
7	52	77
7	53	12
7	54	32
7	55	236
7	56	1052
7	57	635
7	58	343
7	59	40
7	60	47
7	61	135
7	62	1032
7	63	502
7	64	23
7	65	94
7	66	118
7	67	60
8	0	142
8	1	86
8	2	8
8	3	538
8	4	292
8	5	35
8	7	177
8	8	2853
8	11	96
8	12	101
8	13	1257
8	14	338
8	15	105
8	16	587
8	17	818
8	19	53
8	20	94
8	21	88
8	22	732
8	23	8
8	24	14
8	25	98
8	26	1222
8	27	257
8	28	230
8	29	2311
8	30	626
8	31	400
8	32	1488
8	33	6
8	34	119
8	35	1020
8	36	393
8	37	313
8	38	187
8	39	22
8	40	76
8	41	740
8	42	433
8	43	1045
8	44	257
8	45	4
8	46	59
8	47	1915
8	48	736
8	49	4590
8	50	989
8	51	707
8	52	233
8	53	61
8	54	4
8	55	793
8	56	1523
8	57	202
8	58	257
8	59	678
8	60	8
8	61	16
8	62	342
8	63	855
8	64	245
8	65	940
8	66	111
8	67	185
9	3	5
9	4	5
9	8	7
9	13	18
9	14	2
9	16	15
9	17	13
9	26	21
9	27	2
9	28	2
9	29	34
9	30	5
9	31	2
9	32	15
9	34	2
9	35	10
9	37	2
9	38	2
9	39	5
9	41	7
9	42	2
9	43	13
9	44	13
9	47	34
9	48	5
9	49	29
9	50	5
9	51	2
9	53	2
9	55	18
9	56	13
9	57	2
9	58	7
9	62	5
9	63	13
9	65	2
10	7	2
10	15	2
10	22	5
10	23	2
10	36	5
10	38	2
10	42	2
10	45	2
10	48	2
10	49	2
10	56	2
10	57	2
10	62	5
10	63	2
11	0	55
11	1	31
11	2	2
11	3	112
11	4	57
11	5	10
11	6	2
11	7	85
11	8	136
11	11	223
11	12	8
11	13	331
11	14	38
11	15	199
11	16	102
11	17	63
11	18	4
11	19	34
11	20	36
11	21	12
11	22	578
11	23	2
11	24	8
11	25	42
11	26	91
11	27	68
11	28	51
11	29	165
11	30	61
11	31	63
11	32	182
11	33	2
11	34	6
11	35	59
11	36	469
11	37	21
11	38	14
11	39	4
11	40	82
11	41	63
11	42	327
11	43	61
11	44	31
11	45	2
11	46	12
11	47	131
11	48	287
11	49	378
11	50	367
11	51	291
11	52	31
11	53	4
11	54	2
11	55	165
11	56	336
11	57	55
11	58	82
11	59	70
11	60	12
11	61	2
11	62	282
11	63	757
11	64	17
11	65	61
11	66	29
11	67	63
12	0	72
12	1	65
12	3	295
12	4	164
12	5	10
12	7	154
12	8	483
12	11	41
12	12	610
12	13	1245
12	14	459
12	15	109
12	16	981
12	17	415
12	19	41
12	20	61
12	21	61
12	22	453
12	23	10
12	24	27
12	25	164
12	26	912
12	27	799
12	28	140
12	29	2258
12	30	521
12	31	669
12	32	912
12	33	6
12	34	346
12	35	1053
12	36	257
12	37	65
12	38	816
12	39	27
12	40	48
12	41	1115
12	42	253
12	43	1118
12	44	881
12	45	6
12	46	30
12	47	1458
12	48	525
12	49	1472
12	50	480
12	51	387
12	52	442
12	53	51
12	54	6
12	55	888
12	56	1842
12	57	188
12	58	483
12	59	185
12	60	10
12	61	6
12	62	212
12	63	401
12	64	144
12	65	590
12	66	89
12	67	164
13	0	191
13	1	84
13	2	11
13	3	575
13	4	647
13	5	37
13	7	417
13	8	649
13	11	127
13	12	51
13	13	3165
13	14	325
13	15	270
13	16	692
13	17	495
13	18	2
13	19	62
13	20	225
13	21	58
13	22	1238
13	23	26
13	24	15
13	25	98
13	26	676
13	27	448
13	28	225
13	29	1571
13	30	424
13	31	486
13	32	1225
13	33	20
13	34	116
13	35	759
13	36	743
13	37	82
13	38	171
13	39	22
13	40	107
13	41	560
13	42	846
13	43	627
13	44	279
13	45	6
13	46	64
13	47	1234
13	48	1234
13	49	1989
13	50	1593
13	51	1857
13	52	209
13	53	31
13	54	24
13	55	1084
13	56	2160
13	57	185
13	58	515
13	59	290
13	60	11
13	61	37
13	62	627
13	63	1598
13	64	136
13	65	471
13	66	158
13	67	334
14	0	27
14	1	197
14	3	42
14	4	32
14	5	39
14	6	2
14	7	93
14	8	76
14	9	2
14	11	24
14	12	32
14	13	328
14	14	3276
14	15	49
14	16	788
14	17	66
14	18	9
14	19	39
14	20	44
14	21	560
14	22	279
14	23	2
14	24	37
14	25	600
14	26	336
14	27	222
14	28	37
14	29	605
14	30	1136
14	31	185
14	32	195
14	33	27
14	34	14
14	35	264
14	36	150
14	37	19
14	38	180
14	39	116
14	40	88
14	41	761
14	42	286
14	43	390
14	44	177
14	45	37
14	46	412
14	47	536
14	48	773
14	49	2179
14	50	462
14	51	237
14	52	128
14	53	182
14	54	2
14	55	494
14	56	699
14	57	397
14	58	402
14	59	27
14	60	4
14	61	27
14	62	160
14	63	205
14	64	27
14	65	723
14	66	34
14	67	17
15	0	128
15	1	138
15	2	123
15	3	221
15	4	136
15	5	24
15	6	7
15	7	388
15	8	179
15	9	2
15	11	272
15	12	14
15	13	765
15	14	157
15	15	1433
15	16	306
15	17	150
15	18	12
15	19	323
15	20	143
15	21	38
15	22	3280
15	23	9
15	24	24
15	25	102
15	26	191
15	27	223
15	28	133
15	29	364
15	30	157
15	31	274
15	32	420
15	33	7
15	34	14
15	35	252
15	36	3489
15	37	14
15	38	65
15	39	17
15	40	483
15	41	216
15	42	899
15	43	208
15	44	94
15	45	26
15	46	41
15	47	308
15	48	989
15	49	899
15	50	1331
15	51	702
15	52	80
15	53	34
15	54	172
15	55	405
15	56	1190
15	57	196
15	58	277
15	59	87
15	60	60
15	61	26
15	62	1462
15	63	1552
15	64	48
15	65	126
15	66	60
15	67	228
16	0	25
16	1	139
16	2	2
16	3	173
16	4	132
16	5	70
16	6	4
16	7	193
16	8	321
16	11	22
16	12	125
16	13	896
16	14	1021
16	15	109
16	16	2105
16	17	200
16	18	4
16	19	45
16	20	63
16	21	175
16	22	460
16	23	4
16	24	45
16	25	437
16	26	629
16	27	770
16	28	109
16	29	1674
16	30	873
16	31	620
16	32	650
16	33	27
16	34	166
16	35	725
16	36	346
16	37	63
16	38	656
16	39	61
16	40	66
16	41	1505
16	42	360
16	43	816
16	44	629
16	46	180
16	47	935
16	48	1546
16	49	1648
16	50	807
16	51	499
16	52	328
16	53	159
16	54	6
16	55	613
16	56	1605
16	57	522
16	58	1028
16	59	120
16	60	6
16	61	38
16	62	360
16	63	383
16	64	68
16	65	581
16	66	155
16	67	95
17	0	304
17	1	81
17	2	10
17	3	1093
17	4	503
17	5	30
17	6	2
17	7	273
17	8	1837
17	11	74
17	12	143
17	13	1545
17	14	316
17	15	196
17	16	626
17	17	1650
17	18	5
17	19	71
17	20	143
17	21	45
17	22	881
17	23	15
17	24	7
17	25	143
17	26	794
17	27	339
17	28	444
17	29	2736
17	30	490
17	31	398
17	32	2299
17	33	7
17	34	178
17	35	1129
17	36	480
17	37	232
17	38	247
17	39	33
17	40	135
17	41	628
17	42	536
17	43	651
17	44	288
17	45	10
17	46	58
17	47	1972
17	48	925
17	49	3334
17	50	1001
17	51	1037
17	52	268
17	53	71
17	54	7
17	55	608
17	56	1729
17	57	212
17	58	393
17	59	909
17	60	40
17	61	25
17	62	401
17	63	1213
17	64	316
17	65	528
17	66	247
17	67	324
18	0	6
18	1	147
18	2	2
18	3	15
18	4	15
18	5	82
18	6	2
18	7	225
18	8	15
18	11	10
18	12	2
18	13	132
18	14	144
18	15	28
18	16	186
18	17	10
18	18	45
18	19	34
18	20	17
18	21	36
18	22	157
18	23	32
18	24	45
18	25	43
18	26	56
18	27	75
18	28	12
18	29	84
18	30	58
18	31	84
18	32	49
18	33	151
18	34	2
18	35	69
18	36	194
18	37	4
18	38	21
18	39	15
18	40	90
18	41	97
18	42	175
18	43	41
18	44	43
18	45	82
18	46	34
18	47	69
18	48	625
18	49	205
18	50	177
18	51	75
18	52	19
18	53	21
18	54	8
18	55	88
18	56	313
18	57	387
18	58	112
18	59	6
18	60	12
18	61	168
18	62	177
18	63	77
18	64	2
18	65	45
18	66	41
18	67	15
19	0	11
19	1	33
19	2	30
19	3	39
19	4	28
19	5	30
19	6	44
19	7	131
19	8	53
19	11	30
19	12	2
19	13	201
19	14	44
19	15	131
19	16	95
19	17	44
19	18	5
19	19	697
19	20	42
19	21	11
19	22	548
19	23	11
19	24	8
19	25	33
19	26	56
19	27	64
19	28	22
19	29	100
19	30	70
19	31	72
19	32	117
19	33	2
19	34	8
19	35	61
19	36	798
19	37	8
19	38	11
19	39	5
19	40	616
19	41	50
19	42	299
19	43	58
19	44	25
19	45	14
19	46	5
19	47	106
19	48	294
19	49	263
19	50	448
19	51	117
19	52	22
19	53	2
19	54	182
19	55	148
19	56	266
19	57	86
19	58	70
19	59	14
19	60	142
19	61	8
19	62	562
19	63	257
19	64	22
19	65	36
19	66	16
19	67	47
20	0	22
20	1	19
20	3	49
20	4	47
20	5	17
20	7	32
20	8	44
20	11	12
20	12	7
20	13	194
20	14	99
20	15	29
20	16	74
20	17	12
20	19	17
20	20	248
20	21	24
20	22	206
20	23	4
20	24	4
20	25	14
20	26	99
20	27	57
20	28	27
20	29	191
20	30	62
20	31	72
20	32	156
20	33	2
20	34	2
20	35	97
20	36	121
20	37	7
20	38	17
20	39	2
20	40	59
20	41	87
20	42	338
20	43	84
20	44	27
20	45	2
20	46	17
20	47	129
20	48	238
20	49	535
20	50	487
20	51	156
20	52	44
20	53	14
20	54	2
20	55	457
20	56	577
20	57	52
20	58	89
20	59	12
20	60	2
20	62	121
20	63	169
20	64	12
20	65	84
20	66	24
20	67	47
21	0	2
21	1	72
21	3	12
21	4	19
21	5	34
21	6	2
21	7	47
21	8	22
21	11	7
21	12	12
21	13	132
21	14	818
21	15	22
21	16	314
21	17	22
21	18	4
21	20	29
21	21	356
21	22	64
21	24	19
21	25	177
21	26	117
21	27	77
21	28	7
21	29	244
21	30	259
21	31	64
21	32	52
21	33	22
21	34	7
21	35	77
21	36	69
21	37	4
21	38	54
21	39	39
21	40	32
21	41	207
21	42	74
21	43	112
21	44	37
21	45	4
21	46	187
21	47	142
21	48	329
21	49	441
21	50	137
21	51	112
21	52	42
21	53	74
21	55	144
21	56	244
21	57	204
21	58	124
21	59	14
21	60	2
21	61	19
21	62	47
21	63	64
21	64	4
21	65	187
21	66	17
21	67	7
22	0	125
22	1	171
22	2	85
22	3	287
22	4	179
22	5	39
22	7	670
22	8	221
22	11	270
22	12	31
22	13	960
22	14	206
22	15	1203
22	16	415
22	17	206
22	18	9
22	19	331
22	20	149
22	21	51
22	22	5473
22	23	24
22	24	39
22	25	105
22	26	289
22	27	309
22	28	140
22	29	552
22	30	289
22	31	343
22	32	511
22	33	12
22	34	24
22	35	280
22	36	3525
22	37	27
22	38	71
22	39	17
22	40	616
22	41	334
22	42	1429
22	43	235
22	44	137
22	45	27
22	46	54
22	47	466
22	48	1279
22	49	1415
22	50	1923
22	51	692
22	52	130
22	53	41
22	54	88
22	55	631
22	56	1525
22	57	243
22	58	343
22	59	135
22	60	41
22	61	46
22	62	1685
22	63	1822
22	64	66
22	65	196
22	66	122
22	67	199
23	0	1
23	1	3
23	2	1
23	3	5
23	4	1
23	7	50
23	8	9
23	11	5
23	12	1
23	13	31
23	14	19
23	15	5
23	16	43
23	17	3
23	18	1
23	19	7
23	20	7
23	21	3
23	22	54
23	23	25
23	24	1
23	25	7
23	26	11
23	27	13
23	28	5
23	29	13
23	30	21
23	31	11
23	32	15
23	33	1
23	35	13
23	36	39
23	37	1
23	38	1
23	40	3
23	41	29
23	42	45
23	43	17
23	44	11
23	45	7
23	46	1
23	47	7
23	48	162
23	49	56
23	50	39
23	51	15
23	52	5
23	55	21
23	56	58
23	57	37
23	58	23
23	59	7
23	60	1
23	61	5
23	62	47
23	63	25
23	65	9
23	66	7
23	67	1
24	0	14
24	1	5271
24	3	35
24	4	47
24	5	706
24	6	4
24	7	248
24	8	102
24	11	35
24	12	4
24	13	367
24	14	488
24	15	54
24	16	472
24	17	59
24	18	23
24	19	40
24	20	52
24	21	126
24	22	331
24	23	16
24	24	2478
24	25	770
24	26	104
24	27	240
24	28	33
24	29	269
24	30	188
24	31	131
24	32	224
24	33	81
24	34	19
24	35	159
24	36	212
24	37	16
24	38	50
24	39	326
24	40	83
24	41	271
24	42	205
24	43	131
24	44	52
24	45	486
24	46	374
24	47	202
24	48	1381
24	49	412
24	50	453
24	51	212
24	52	47
24	53	353
24	54	7
24	55	195
24	56	665
24	57	1144
24	58	355
24	59	35
24	60	7
24	61	252
24	62	240
24	63	243
24	64	28
24	65	107
24	66	81
24	67	26
25	0	12
25	1	445
25	3	25
25	4	21
25	5	157
25	6	2
25	7	58
25	8	75
25	11	6
25	12	12
25	13	300
25	14	1387
25	15	35
25	16	493
25	17	48
25	18	6
25	19	35
25	20	35
25	21	380
25	22	174
25	23	2
25	24	149
25	25	2687
25	26	235
25	27	166
25	28	23
25	29	359
25	30	466
25	31	128
25	32	113
25	33	12
25	34	2
25	35	147
25	36	155
25	37	4
25	38	56
25	39	489
25	40	79
25	41	462
25	42	109
25	43	256
25	44	67
25	45	46
25	46	1393
25	47	281
25	48	672
25	49	880
25	50	311
25	51	184
25	52	50
25	53	748
25	54	6
25	55	153
25	56	380
25	57	367
25	58	357
25	59	23
25	60	6
25	61	54
25	62	136
25	63	189
25	64	10
25	65	334
25	66	50
25	67	50
26	0	2
26	1	5
26	3	17
26	4	15
26	7	2
26	8	5
26	13	32
26	14	17
26	16	5
26	17	5
26	22	10
26	26	55
26	27	7
26	28	5
26	29	65
26	30	5
26	31	7
26	32	12
26	34	7
26	35	30
26	36	10
26	38	2
26	41	27
26	42	10
26	43	27
26	44	20
26	46	2
26	47	22
26	48	25
26	49	259
26	50	30
26	51	10
26	53	5
26	55	47
26	56	57
26	57	5
26	58	10
26	59	7
26	62	7
26	63	15
26	64	5
26	65	10
26	67	5
27	0	43
27	1	127
27	3	223
27	4	199
27	5	88
27	7	269
27	8	283
27	11	36
27	12	124
27	13	812
27	14	490
27	15	132
27	16	1261
27	17	233
27	18	9
27	19	52
27	20	81
27	21	112
27	22	579
27	23	26
27	24	24
27	25	175
27	26	459
27	27	1151
27	28	100
27	29	1379
27	30	497
27	31	689
27	32	596
27	33	16
27	34	175
27	35	612
27	36	360
27	37	28
27	38	634
27	39	28
27	40	84
27	41	766
27	42	435
27	43	641
27	44	572
27	45	12
27	46	100
27	47	716
27	48	1658
27	49	1237
27	50	942
27	51	572
27	52	382
27	53	93
27	54	14
27	55	685
27	56	1680
27	57	555
27	58	709
27	59	108
27	60	4
27	61	55
27	62	367
27	63	509
27	64	43
27	65	324
27	66	216
27	67	96
28	0	193
28	1	48
28	2	2
28	3	420
28	4	131
28	5	7
28	7	82
28	8	376
28	11	38
28	12	10
28	13	600
28	14	108
28	15	67
28	16	219
28	17	332
28	18	2
28	19	51
28	20	105
28	21	33
28	22	430
28	24	5
28	25	56
28	26	337
28	27	128
28	28	1054
28	29	662
28	30	180
28	31	118
28	32	711
28	34	69
28	35	229
28	36	273
28	37	59
28	38	43
28	40	51
28	41	244
28	42	247
28	43	201
28	44	87
28	45	5
28	46	7
28	47	420
28	48	350
28	49	1183
28	50	500
28	51	518
28	52	74
28	53	20
28	54	7
28	55	311
28	56	701
28	57	74
28	58	123
28	59	252
28	60	2
28	61	12
28	62	201
28	63	546
28	64	131
28	65	242
28	66	25
28	67	231
29	0	46
29	1	46
29	3	181
29	4	116
29	5	32
29	7	83
29	8	261
29	11	18
29	12	65
29	13	676
29	14	214
29	15	93
29	16	456
29	17	191
29	19	41
29	20	69
29	21	37
29	22	298
29	23	4
29	24	13
29	25	107
29	26	969
29	27	237
29	28	83
29	29	1613
29	30	270
29	31	242
29	32	554
29	33	9
29	34	135
29	35	503
29	36	331
29	37	37
29	38	279
29	39	60
29	40	46
29	41	428
29	42	172
29	43	466
29	44	321
29	46	41
29	47	853
29	48	414
29	49	1636
29	50	424
29	51	209
29	52	121
29	53	51
29	54	4
29	55	475
29	56	918
29	57	111
29	58	223
29	59	116
29	60	4
29	61	9
29	62	158
29	63	256
29	64	69
29	65	335
29	66	102
29	67	88
30	0	60
30	1	141
30	3	168
30	4	90
30	5	46
30	7	124
30	8	247
30	11	13
30	12	76
30	13	601
30	14	1172
30	15	57
30	16	931
30	17	159
30	18	4
30	19	50
30	20	39
30	21	242
30	22	363
30	24	27
30	25	337
30	26	749
30	27	184
30	28	85
30	29	1542
30	30	3339
30	31	291
30	32	672
30	33	23
30	34	90
30	35	467
30	36	261
30	37	34
30	38	152
30	39	92
30	40	83
30	41	1394
30	42	393
30	43	867
30	44	261
30	45	30
30	46	208
30	47	869
30	48	1049
30	49	4109
30	50	818
30	51	393
30	52	171
30	53	136
30	54	6
30	55	864
30	56	1285
30	57	233
30	58	446
30	59	120
30	60	6
30	61	27
30	62	258
30	63	351
30	64	62
30	65	1704
30	66	36
30	67	55
31	0	86
31	1	98
31	3	256
31	4	120
31	5	45
31	6	1
31	7	215
31	8	301
31	11	49
31	12	80
31	13	960
31	14	347
31	15	112
31	16	808
31	17	230
31	18	5
31	19	29
31	20	110
31	21	82
31	22	591
31	23	25
31	24	37
31	25	193
31	26	526
31	27	524
31	28	122
31	29	1469
31	30	424
31	31	964
31	32	583
31	33	17
31	34	102
31	35	741
31	36	416
31	37	41
31	38	311
31	39	35
31	40	86
31	41	641
31	42	528
31	43	593
31	44	386
31	45	15
31	46	88
31	47	787
31	48	1096
31	49	1958
31	50	1197
31	51	599
31	52	299
31	53	67
31	54	5
31	55	978
31	56	2069
31	57	349
31	58	546
31	59	104
31	60	9
31	61	29
31	62	435
31	63	530
31	64	39
31	65	435
31	66	84
31	67	120
32	0	235
32	1	137
32	2	36
32	3	1081
32	4	969
32	5	78
32	7	511
32	8	2758
32	9	9
32	11	150
32	12	167
32	13	3298
32	14	583
32	15	376
32	16	1297
32	17	1818
32	18	3
32	19	131
32	20	176
32	21	75
32	22	1565
32	23	62
32	24	45
32	25	258
32	26	1284
32	27	769
32	28	530
32	29	3026
32	30	851
32	31	674
32	32	4989
32	33	16
32	34	255
32	35	1834
32	36	769
32	37	343
32	38	481
32	39	85
32	40	245
32	41	1156
32	42	661
32	43	1326
32	44	661
32	45	29
32	46	124
32	47	5460
32	48	1385
32	49	3315
32	50	1346
32	51	1444
32	52	307
32	53	189
32	54	22
32	55	1044
32	56	3259
32	57	474
32	58	743
32	59	1673
32	60	65
32	61	26
32	62	504
32	63	1755
32	64	330
32	65	858
32	66	412
32	67	379
33	0	2
33	1	98
33	2	2
33	3	8
33	4	8
33	5	69
33	7	63
33	8	17
33	11	15
33	13	139
33	14	106
33	15	26
33	16	167
33	17	17
33	18	45
33	19	19
33	20	15
33	21	23
33	22	119
33	23	8
33	24	45
33	25	71
33	26	43
33	27	65
33	28	2
33	29	89
33	30	52
33	31	74
33	32	50
33	33	167
33	35	43
33	36	170
33	37	6
33	38	19
33	39	15
33	40	74
33	41	91
33	42	117
33	43	37
33	44	30
33	45	54
33	46	50
33	47	50
33	48	632
33	49	183
33	50	172
33	51	56
33	52	17
33	53	15
33	54	2
33	55	69
33	56	242
33	57	414
33	58	119
33	59	6
33	60	6
33	61	191
33	62	161
33	63	69
33	64	4
33	65	58
33	66	52
33	67	6
34	0	18
34	1	12
34	3	112
34	4	96
34	5	15
34	7	46
34	8	183
34	11	6
34	12	149
34	13	357
34	14	115
34	15	18
34	16	304
34	17	186
34	19	3
34	20	28
34	21	12
34	22	180
34	23	3
34	25	46
34	26	301
34	27	248
34	28	37
34	29	902
34	30	202
34	31	242
34	32	444
34	33	3
34	34	177
34	35	342
34	36	74
34	37	28
34	38	233
34	39	6
34	40	6
34	41	360
34	42	140
34	43	370
34	44	273
34	46	15
34	47	544
34	48	211
34	49	609
34	50	189
34	51	217
34	52	202
34	53	6
34	54	3
34	55	301
34	56	584
34	57	49
34	58	177
34	59	68
34	62	49
34	63	196
34	64	34
34	65	174
34	66	46
34	67	71
35	0	104
35	1	84
35	3	385
35	4	316
35	5	35
35	7	188
35	8	639
35	11	56
35	12	206
35	13	1282
35	14	392
35	15	63
35	16	897
35	17	392
35	19	45
35	20	124
35	21	50
35	22	492
35	23	10
35	24	7
35	25	140
35	26	986
35	27	619
35	28	178
35	29	2330
35	30	581
35	31	553
35	32	1313
35	33	5
35	34	221
35	35	1647
35	36	377
35	37	81
35	38	515
35	39	35
35	40	63
35	41	665
35	42	410
35	43	976
35	44	731
35	45	5
35	46	58
35	47	1563
35	48	882
35	49	2246
35	50	948
35	51	670
35	52	423
35	53	73
35	54	12
35	55	1167
35	56	1948
35	57	234
35	58	469
35	59	265
35	60	25
35	61	20
35	62	288
35	63	589
35	64	96
35	65	568
35	66	201
35	67	160
36	0	101
36	1	167
36	2	96
36	3	209
36	4	178
36	5	40
36	6	18
36	7	680
36	8	268
36	11	235
36	12	11
36	13	983
36	14	263
36	15	1320
36	16	433
36	17	145
36	18	4
36	19	635
36	20	171
36	21	51
36	22	4612
36	23	42
36	24	47
36	25	115
36	26	291
36	27	275
36	28	178
36	29	529
36	30	258
36	31	308
36	32	404
36	33	21
36	34	63
36	35	251
36	36	5518
36	37	25
36	38	65
36	39	21
36	40	875
36	41	320
36	42	1308
36	43	310
36	44	89
36	45	28
36	46	49
36	47	374
36	48	1343
36	49	1169
36	50	1786
36	51	656
36	52	110
36	53	16
36	54	258
36	55	487
36	56	1416
36	57	294
36	58	324
36	59	82
36	60	77
36	61	30
36	62	2664
36	63	1522
36	64	75
36	65	164
36	66	164
36	67	141
37	0	34
37	1	16
37	2	2
37	3	181
37	4	74
37	5	6
37	7	34
37	8	609
37	11	34
37	12	27
37	13	337
37	14	102
37	15	58
37	16	132
37	17	281
37	19	16
37	20	58
37	21	18
37	22	181
37	23	9
37	24	4
37	25	9
37	26	337
37	27	90
37	28	62
37	29	464
37	30	141
37	31	111
37	32	450
37	34	25
37	35	181
37	36	123
37	37	518
37	38	32
37	39	13
37	40	32
37	41	134
37	42	120
37	43	213
37	44	51
37	45	2
37	46	11
37	47	420
37	48	181
37	49	876
37	50	316
37	51	204
37	52	46
37	53	11
37	54	2
37	55	153
37	56	357
37	57	46
37	58	74
37	59	464
37	62	125
37	63	251
37	64	141
37	65	165
37	66	34
37	67	41
38	0	58
38	1	140
38	3	342
38	4	225
38	5	71
38	7	278
38	8	565
38	11	40
38	12	255
38	13	1437
38	14	838
38	15	189
38	16	2301
38	17	424
38	19	74
38	20	132
38	21	76
38	22	736
38	23	17
38	24	33
38	25	288
38	26	1048
38	27	1488
38	28	135
38	29	2629
38	30	892
38	31	1184
38	32	1273
38	33	23
38	34	329
38	35	1138
38	36	457
38	37	84
38	38	1600
38	39	63
38	40	117
38	41	1503
38	42	498
38	43	1194
38	44	1191
38	45	5
38	46	104
38	47	1465
38	48	1769
38	49	1636
38	50	1012
38	51	741
38	52	595
38	53	109
38	54	7
38	55	994
38	56	2345
38	57	618
38	58	1288
38	59	176
38	60	15
38	61	48
38	62	462
38	63	664
38	64	99
38	65	590
38	66	248
38	67	232
39	0	6
39	1	248
39	3	11
39	4	11
39	5	66
39	7	23
39	8	27
39	11	2
39	12	2
39	13	71
39	14	375
39	15	16
39	16	163
39	17	9
39	18	2
39	19	11
39	20	9
39	21	108
39	22	53
39	24	122
39	25	666
39	26	46
39	27	32
39	28	6
39	29	73
39	30	126
39	31	39
39	32	50
39	33	2
39	35	48
39	36	39
39	37	2
39	38	13
39	39	733
39	40	25
39	41	124
39	42	39
39	43	73
39	44	13
39	45	25
39	46	302
39	47	64
39	48	191
39	49	202
39	50	59
39	51	87
39	52	13
39	53	638
39	55	41
39	56	103
39	57	163
39	58	76
39	59	9
39	60	2
39	61	23
39	62	41
39	63	41
39	64	2
39	65	117
39	66	2
39	67	2
40	0	41
40	1	107
40	2	15
40	3	102
40	4	128
40	5	71
40	6	30
40	7	799
40	8	138
40	11	92
40	12	2
40	13	564
40	14	123
40	15	199
40	16	302
40	17	84
40	18	23
40	19	602
40	20	130
40	21	46
40	22	1145
40	23	33
40	24	33
40	25	74
40	26	141
40	27	212
40	28	33
40	29	207
40	30	92
40	31	225
40	32	207
40	33	43
40	34	12
40	35	146
40	36	1717
40	37	15
40	38	71
40	39	12
40	40	3273
40	41	141
40	42	707
40	43	115
40	44	43
40	45	64
40	46	23
40	47	279
40	48	1240
40	49	720
40	50	1015
40	51	374
40	52	53
40	53	10
40	54	87
40	55	407
40	56	969
40	57	361
40	58	217
40	59	61
40	60	220
40	61	97
40	62	1425
40	63	612
40	64	48
40	65	74
40	66	64
40	67	53
41	0	67
41	1	139
41	2	2
41	3	351
41	4	266
41	5	80
41	7	284
41	8	620
41	11	41
41	12	351
41	13	1650
41	14	1053
41	15	157
41	16	2282
41	17	473
41	18	2
41	19	69
41	20	80
41	21	271
41	22	750
41	23	7
41	24	38
41	25	393
41	26	1231
41	27	1166
41	28	191
41	29	3130
41	30	1945
41	31	1027
41	32	1234
41	33	18
41	34	385
41	35	1260
41	36	416
41	37	72
41	38	1272
41	39	46
41	40	129
41	41	2729
41	42	501
41	43	1772
41	44	1223
41	45	31
41	46	209
41	47	2075
41	48	1557
41	49	3019
41	50	1034
41	51	786
41	52	706
41	53	163
41	54	2
41	55	1120
41	56	2318
41	57	551
41	58	1107
41	59	209
41	60	10
41	61	28
41	62	434
41	63	626
41	64	129
41	65	1200
41	66	225
41	67	173
42	0	66
42	1	98
42	2	11
42	3	190
42	4	121
42	5	34
42	7	305
42	8	144
42	11	71
42	12	9
42	13	619
42	14	300
42	15	151
42	16	339
42	17	142
42	19	91
42	20	245
42	21	87
42	22	1168
42	23	11
42	24	22
42	25	78
42	26	323
42	27	192
42	28	75
42	29	583
42	30	302
42	31	323
42	32	417
42	33	18
42	34	29
42	35	337
42	36	1081
42	37	45
42	38	59
42	39	27
42	40	234
42	41	335
42	42	1767
42	43	238
42	44	80
42	45	20
42	46	48
42	47	385
42	48	1122
42	49	1666
42	50	1948
42	51	463
42	52	169
42	53	41
42	54	25
42	55	1042
42	56	1514
42	57	190
42	58	252
42	59	66
42	60	11
42	61	27
42	62	826
42	63	697
42	64	39
42	65	234
42	66	43
42	67	59
43	0	85
43	1	73
43	2	2
43	3	257
43	4	196
43	5	14
43	7	134
43	8	735
43	9	4
43	11	52
43	12	208
43	13	1007
43	14	442
43	15	63
43	16	839
43	17	269
43	18	4
43	19	40
43	20	37
43	21	80
43	22	423
43	23	9
43	24	16
43	25	115
43	26	1361
43	27	444
43	28	151
43	29	1903
43	30	865
43	31	543
43	32	992
43	34	200
43	35	1028
43	36	210
43	37	54
43	38	401
43	39	40
43	40	52
43	41	921
43	42	349
43	43	2179
43	44	543
43	45	4
43	46	61
43	47	1446
43	48	813
43	49	4094
43	50	680
43	51	439
43	52	288
43	53	37
43	54	4
43	55	744
43	56	1522
43	57	156
43	58	390
43	59	132
43	60	2
43	61	9
43	62	203
43	63	439
43	64	104
43	65	1290
43	66	94
43	67	94
44	0	52
44	1	80
44	3	315
44	4	203
44	5	27
44	7	173
44	8	481
44	11	37
44	12	283
44	13	1256
44	14	398
44	15	100
44	16	1314
44	17	381
44	18	2
44	19	37
44	20	90
44	21	75
44	22	458
44	23	17
44	24	27
44	25	157
44	26	832
44	27	830
44	28	117
44	29	2407
44	30	576
44	31	927
44	32	1035
44	33	7
44	34	315
44	35	1248
44	36	356
44	37	50
44	38	902
44	39	15
44	40	85
44	41	1283
44	42	376
44	43	1176
44	44	1291
44	45	2
44	46	27
44	47	1441
44	48	980
44	49	1815
44	50	812
44	51	616
44	52	757
44	53	75
44	54	12
44	55	880
44	56	1983
44	57	336
44	58	734
44	59	122
44	60	5
44	61	32
44	62	308
44	63	499
44	64	100
44	65	624
44	66	165
44	67	117
45	0	11
45	1	751
45	3	18
45	4	30
45	5	241
45	7	194
45	8	32
45	11	13
45	12	4
45	13	167
45	14	129
45	15	25
45	16	257
45	17	30
45	18	34
45	19	30
45	20	11
45	21	69
45	22	176
45	23	20
45	24	246
45	25	162
45	26	69
45	27	113
45	28	11
45	29	111
45	30	69
45	31	113
45	32	78
45	33	118
45	34	4
45	35	46
45	36	215
45	37	4
45	38	34
45	39	74
45	40	97
45	41	120
45	42	113
45	43	83
45	44	20
45	45	958
45	46	97
45	47	104
45	48	823
45	49	150
45	50	220
45	51	88
45	52	32
45	53	37
45	54	2
45	55	55
45	56	290
45	57	408
45	58	146
45	59	16
45	60	6
45	61	229
45	62	190
45	63	78
45	64	13
45	65	53
45	66	55
45	67	27
46	0	8
46	1	506
46	3	48
46	4	39
46	5	312
46	6	2
46	7	89
46	8	78
46	11	13
46	12	15
46	13	349
46	14	1438
46	15	32
46	16	611
46	17	30
46	18	15
46	19	50
46	20	21
46	21	406
46	22	198
46	23	6
46	24	146
46	25	1572
46	26	198
46	27	137
46	28	15
46	29	338
46	30	607
46	31	131
46	32	137
46	33	32
46	34	10
46	35	179
46	36	185
46	37	8
46	38	72
46	39	272
46	40	63
46	41	454
46	42	213
46	43	255
46	44	69
46	45	93
46	46	2701
46	47	281
46	48	810
46	49	1072
46	50	384
46	51	216
46	52	48
46	53	556
46	54	4
46	55	198
46	56	471
46	57	534
46	58	382
46	59	34
46	60	13
46	61	80
46	62	161
46	63	159
46	64	15
46	65	414
46	66	48
46	67	34
47	0	147
47	1	60
47	2	26
47	3	616
47	4	616
47	5	52
47	7	238
47	8	1785
47	9	7
47	11	71
47	12	102
47	13	2008
47	14	529
47	15	162
47	16	828
47	17	907
47	19	64
47	20	52
47	21	41
47	22	904
47	23	94
47	24	7
47	25	261
47	26	1115
47	27	548
47	28	208
47	29	1932
47	30	472
47	31	548
47	32	2454
47	33	3
47	34	151
47	35	1206
47	36	385
47	37	162
47	38	408
47	39	94
47	40	109
47	41	786
47	42	556
47	43	1062
47	44	427
47	45	11
47	46	124
47	47	5851
47	48	1025
47	49	2871
47	50	896
47	51	745
47	52	249
47	53	208
47	54	11
47	55	832
47	56	2905
47	57	302
47	58	624
47	59	824
47	60	3
47	61	37
47	62	321
47	63	994
47	64	181
47	65	593
47	66	283
47	67	226
48	0	71
48	1	196
48	2	2
48	3	220
48	4	137
48	5	188
48	6	2
48	7	775
48	8	280
48	11	89
48	12	42
48	13	1018
48	14	758
48	15	190
48	16	1257
48	17	179
48	18	53
48	19	149
48	20	175
48	21	161
48	22	1122
48	23	122
48	24	30
48	25	314
48	26	368
48	27	607
48	28	114
48	29	736
48	30	621
48	31	507
48	32	513
48	33	92
48	34	38
48	35	509
48	36	848
48	37	40
48	38	202
48	39	42
48	40	269
48	41	865
48	42	1038
48	43	384
48	44	192
48	45	100
48	46	239
48	47	603
48	48	6605
48	49	1793
48	50	1666
48	51	662
48	52	226
48	53	65
48	54	22
48	55	756
48	56	2218
48	57	1337
48	58	1002
48	59	92
48	60	12
48	61	141
48	62	842
48	63	809
48	64	51
48	65	398
48	66	321
48	67	145
49	0	87
49	1	57
49	3	155
49	4	121
49	5	28
49	7	65
49	8	383
49	11	18
49	12	48
49	13	671
49	14	394
49	15	50
49	16	493
49	17	170
49	18	5
49	19	24
49	20	43
49	21	91
49	22	403
49	23	9
49	24	14
49	25	97
49	26	1104
49	27	194
49	28	114
49	29	1110
49	30	557
49	31	215
49	32	676
49	33	16
49	34	71
49	35	478
49	36	321
49	37	31
49	38	78
49	39	39
49	40	56
49	41	418
49	42	377
49	43	654
49	44	115
49	45	7
49	46	86
49	47	867
49	48	1007
49	49	5968
49	50	774
49	51	325
49	52	100
49	53	48
49	54	1
49	55	884
49	56	1093
49	57	112
49	58	267
49	59	117
49	60	5
49	61	14
49	62	211
49	63	430
49	64	41
49	65	815
49	66	82
49	67	52
50	0	60
50	1	99
50	2	2
50	3	178
50	4	114
50	5	28
50	7	180
50	8	198
50	11	66
50	12	28
50	13	626
50	14	180
50	15	122
50	16	420
50	17	152
50	18	8
50	19	68
50	20	323
50	21	58
50	22	824
50	23	28
50	24	21
50	25	73
50	26	290
50	27	200
50	28	73
50	29	616
50	30	267
50	31	340
50	32	368
50	33	15
50	34	17
50	35	262
50	36	792
50	37	30
50	38	75
50	39	17
50	40	168
50	41	301
50	42	1042
50	43	252
50	44	105
50	45	12
50	46	68
50	47	357
50	48	1102
50	49	1402
50	50	2121
50	51	432
50	52	137
50	53	21
50	54	10
50	55	775
50	56	1529
50	57	221
50	58	325
50	59	64
50	60	17
50	61	36
50	62	577
50	63	624
50	64	47
50	65	234
50	66	107
50	67	90
51	0	168
51	1	48
51	2	10
51	3	386
51	4	334
51	5	10
51	6	2
51	7	196
51	8	402
51	11	76
51	12	34
51	13	1719
51	14	187
51	15	201
51	16	502
51	17	364
51	18	2
51	19	39
51	20	139
51	21	48
51	22	909
51	23	8
51	24	17
51	25	69
51	26	443
51	27	321
51	28	179
51	29	1046
51	30	340
51	31	338
51	32	821
51	33	2
51	34	37
51	35	388
51	36	570
51	37	78
51	38	117
51	39	6
51	40	56
51	41	369
51	42	552
51	43	356
51	44	133
51	46	32
51	47	725
51	48	924
51	49	1278
51	50	1151
51	51	1855
51	52	161
51	53	17
51	54	6
51	55	642
51	56	1315
51	57	104
51	58	373
51	59	211
51	60	4
51	61	6
51	62	421
51	63	1260
51	64	104
51	65	277
51	66	93
51	67	340
52	0	72
52	1	72
52	3	336
52	4	204
52	5	45
52	7	201
52	8	438
52	11	35
52	12	258
52	13	1190
52	14	433
52	15	75
52	16	977
52	17	336
52	18	2
52	19	53
52	20	99
52	21	72
52	22	503
52	23	10
52	24	18
52	25	169
52	26	799
52	27	705
52	28	137
52	29	2019
52	30	484
52	31	678
52	32	945
52	33	8
52	34	250
52	35	1136
52	36	266
52	37	67
52	38	705
52	39	29
52	40	51
52	41	915
52	42	393
52	43	850
52	44	877
52	45	10
52	46	45
52	47	1300
52	48	823
52	49	1744
52	50	691
52	51	549
52	52	700
52	53	53
52	54	5
52	55	1015
52	56	1723
52	57	239
52	58	506
52	59	145
52	60	13
52	61	16
52	62	298
52	63	449
52	64	86
52	65	546
52	66	96
52	67	129
53	0	13
53	1	430
53	3	13
53	4	28
53	5	68
53	7	35
53	8	64
53	11	11
53	12	8
53	13	158
53	14	763
53	15	35
53	16	364
53	17	28
53	18	2
53	19	24
53	20	19
53	21	218
53	22	145
53	24	165
53	25	1361
53	26	152
53	27	90
53	28	17
53	29	165
53	30	311
53	31	88
53	32	99
53	33	15
53	34	4
53	35	75
53	36	68
53	37	6
53	38	37
53	39	856
53	40	41
53	41	258
53	42	119
53	43	178
53	44	28
53	45	35
53	46	531
53	47	209
53	48	399
53	49	478
53	50	145
53	51	112
53	52	64
53	53	3111
53	54	4
53	55	86
53	56	214
53	57	233
53	58	150
53	59	17
53	61	28
53	62	81
53	63	90
53	64	11
53	65	267
53	66	15
53	67	13
54	0	15
54	1	15
54	2	7
54	3	10
54	4	18
54	5	2
54	6	5
54	7	38
54	8	12
54	11	18
54	13	90
54	14	20
54	15	140
54	16	28
54	17	18
54	19	129
54	20	7
54	22	280
54	23	2
54	24	7
54	25	5
54	26	18
54	27	25
54	28	5
54	29	33
54	30	23
54	31	5
54	32	28
54	33	5
54	34	7
54	35	12
54	36	415
54	38	5
54	39	2
54	40	88
54	41	28
54	42	129
54	43	5
54	44	18
54	45	2
54	47	44
54	48	106
54	49	90
54	50	106
54	51	51
54	52	15
54	54	72
54	55	28
54	56	103
54	57	33
54	58	25
54	59	10
54	60	10
54	61	5
54	62	184
54	63	135
54	64	10
54	65	18
54	66	12
54	67	5
55	0	54
55	1	142
55	2	4
55	3	214
55	4	158
55	5	42
55	7	214
55	8	324
55	9	4
55	11	70
55	12	42
55	13	1083
55	14	298
55	15	102
55	16	461
55	17	166
55	18	4
55	19	58
55	20	166
55	21	78
55	22	593
55	23	6
55	24	48
55	25	134
55	26	593
55	27	302
55	28	190
55	29	1307
55	30	447
55	31	553
55	32	691
55	33	16
55	34	74
55	35	637
55	36	559
55	37	50
55	38	118
55	39	26
55	40	116
55	41	465
55	42	603
55	43	491
55	44	170
55	45	8
55	46	90
55	47	659
55	48	1157
55	49	2495
55	50	1131
55	51	585
55	52	212
55	53	46
55	54	14
55	55	2567
55	56	2619
55	57	212
55	58	342
55	59	100
55	60	12
55	61	32
55	62	433
55	63	625
55	64	72
55	65	481
55	66	128
55	67	102
56	0	81
56	1	136
56	2	4
56	3	132
56	4	93
56	5	29
56	7	113
56	8	168
56	11	25
56	12	17
56	13	757
56	14	226
56	15	61
56	16	422
56	17	110
56	18	4
56	19	46
56	20	187
56	21	57
56	22	546
56	23	2
56	24	25
56	25	115
56	26	358
56	27	164
56	28	104
56	29	868
56	30	268
56	31	426
56	32	439
56	33	12
56	34	34
56	35	305
56	36	458
56	37	25
56	38	49
56	39	23
56	40	95
56	41	294
56	42	509
56	43	249
56	44	110
56	45	6
56	46	70
56	47	430
56	48	810
56	49	1642
56	50	1064
56	51	550
56	52	145
56	53	59
56	54	10
56	55	1305
56	56	2097
56	57	198
56	58	249
56	59	100
56	60	6
56	61	27
56	62	362
56	63	514
56	64	53
56	65	332
56	66	74
56	67	89
57	0	12
57	1	419
57	3	46
57	4	54
57	5	202
57	6	6
57	7	306
57	8	85
57	11	32
57	12	18
57	13	502
57	14	717
57	15	68
57	16	772
57	17	34
57	18	56
57	19	77
57	20	36
57	21	166
57	22	403
57	23	32
57	24	107
57	25	245
57	26	141
57	27	273
57	28	18
57	29	320
57	30	360
57	31	277
57	32	147
57	33	85
57	34	16
57	35	156
57	36	338
57	37	16
57	38	141
57	39	52
57	40	129
57	41	468
57	42	348
57	43	229
57	44	89
57	45	81
57	46	245
57	47	285
57	48	2454
57	49	969
57	50	630
57	51	298
57	52	125
57	53	117
57	54	14
57	55	340
57	56	1076
57	57	2428
57	58	531
57	59	26
57	60	6
57	61	194
57	62	281
57	63	308
57	64	16
57	65	243
57	66	156
57	67	70
58	0	35
58	1	98
58	3	191
58	4	138
58	5	50
58	6	2
58	7	141
58	8	249
58	11	20
58	12	78
58	13	651
58	14	386
58	15	80
58	16	1239
58	17	204
58	18	2
58	19	27
58	20	63
58	21	85
58	22	350
58	23	7
58	24	22
58	25	191
58	26	502
58	27	626
58	28	50
58	29	1411
58	30	406
58	31	492
58	32	502
58	33	12
58	34	126
58	35	618
58	36	302
58	37	17
58	38	631
58	39	27
58	40	53
58	41	739
58	42	254
58	43	537
58	44	419
58	45	5
58	46	98
58	47	694
58	48	1413
58	49	1294
58	50	656
58	51	360
58	52	212
58	53	73
58	54	7
58	55	512
58	56	1158
58	57	492
58	58	999
58	59	83
58	60	5
58	61	47
58	62	275
58	63	313
58	64	37
58	65	313
58	66	108
58	67	68
59	0	88
59	1	31
59	3	284
59	4	200
59	5	22
59	7	95
59	8	862
59	9	2
59	11	41
59	12	24
59	13	786
59	14	124
59	15	93
59	16	286
59	17	570
59	18	7
59	19	41
59	20	71
59	21	24
59	22	362
59	23	2
59	24	2
59	25	71
59	26	543
59	27	169
59	28	139
59	29	771
59	30	291
59	31	166
59	32	1122
59	33	4
59	34	51
59	35	303
59	36	183
59	37	384
59	38	102
59	39	17
59	40	58
59	41	308
59	42	279
59	43	330
59	44	88
59	45	4
59	46	17
59	47	803
59	48	423
59	49	1386
59	50	438
59	51	399
59	52	120
59	53	22
59	54	7
59	55	303
59	56	673
59	57	100
59	58	191
59	59	2199
59	60	4
59	61	12
59	62	191
59	63	504
59	64	440
59	65	418
59	66	80
59	67	156
60	0	8
60	1	8
60	2	8
60	3	20
60	5	5
60	6	28
60	7	118
60	8	17
60	11	23
60	12	2
60	13	83
60	14	5
60	15	54
60	16	40
60	17	11
60	18	2
60	19	158
60	20	25
60	21	2
60	22	233
60	24	8
60	25	8
60	26	17
60	27	37
60	28	8
60	29	40
60	30	17
60	31	17
60	32	31
60	33	5
60	35	31
60	36	297
60	38	11
60	39	11
60	40	306
60	41	28
60	42	161
60	43	40
60	44	5
60	45	11
60	46	2
60	47	49
60	48	190
60	49	86
60	50	147
60	51	43
60	52	8
60	54	43
60	55	40
60	56	138
60	57	37
60	58	25
60	59	11
60	60	92
60	61	5
60	62	222
60	63	98
60	64	11
60	65	5
60	66	8
60	67	8
61	1	135
61	3	6
61	4	10
61	5	87
61	7	94
61	8	15
61	11	6
61	13	87
61	14	109
61	15	21
61	16	120
61	17	6
61	18	46
61	19	10
61	20	4
61	21	26
61	22	105
61	23	21
61	24	52
61	25	48
61	26	43
61	27	50
61	28	4
61	29	65
61	30	43
61	31	59
61	32	35
61	33	124
61	34	2
61	35	26
61	36	100
61	38	24
61	39	17
61	40	21
61	41	63
61	42	61
61	43	19
61	44	10
61	45	100
61	46	48
61	47	41
61	48	423
61	49	116
61	50	118
61	51	41
61	52	28
61	53	26
61	54	2
61	55	26
61	56	157
61	57	263
61	58	76
61	59	2
61	60	4
61	61	162
61	62	109
61	63	52
61	64	2
61	65	28
61	66	17
61	67	2
62	0	37
62	1	159
62	2	22
62	3	139
62	4	121
62	5	62
62	6	24
62	7	589
62	8	168
62	11	117
62	12	19
62	13	637
62	14	190
62	15	336
62	16	469
62	17	128
62	18	24
62	19	491
62	20	148
62	21	33
62	22	1512
62	23	28
62	24	22
62	25	95
62	26	172
62	27	210
62	28	90
62	29	314
62	30	188
62	31	272
62	32	316
62	33	24
62	34	28
62	35	274
62	36	2152
62	37	6
62	38	68
62	39	15
62	40	1280
62	41	252
62	42	1131
62	43	168
62	44	99
62	45	44
62	46	19
62	47	276
62	48	1426
62	49	1060
62	50	1499
62	51	456
62	52	101
62	53	26
62	54	73
62	55	493
62	56	1220
62	57	241
62	58	296
62	59	55
62	60	95
62	61	44
62	62	2537
62	63	890
62	64	50
62	65	128
62	66	128
62	67	88
63	0	230
63	1	164
63	2	8
63	3	366
63	4	268
63	5	33
63	6	6
63	7	301
63	8	496
63	9	2
63	11	392
63	12	55
63	13	1488
63	14	295
63	15	299
63	16	463
63	17	397
63	18	2
63	19	130
63	20	315
63	21	37
63	22	1535
63	23	6
63	24	28
63	25	128
63	26	468
63	27	297
63	28	237
63	29	889
63	30	330
63	31	470
63	32	1087
63	33	8
63	34	33
63	35	434
63	36	1297
63	37	59
63	38	82
63	39	35
63	40	224
63	41	359
63	42	1058
63	43	403
63	44	157
63	45	17
63	46	64
63	47	725
63	48	1178
63	49	2103
63	50	1817
63	51	1455
63	52	175
63	53	33
63	54	31
63	55	774
63	56	2058
63	57	239
63	58	388
63	59	210
63	60	11
63	61	31
63	62	891
63	63	3458
63	64	144
63	65	388
63	66	93
63	67	301
64	0	118
64	1	70
64	2	7
64	3	378
64	4	178
64	5	26
64	6	2
64	7	86
64	8	1058
64	11	39
64	12	42
64	13	780
64	14	178
64	15	91
64	16	341
64	17	635
64	18	2
64	19	49
64	20	112
64	21	52
64	22	383
64	23	10
64	24	26
64	25	68
64	26	436
64	27	186
64	28	220
64	29	1071
64	30	317
64	31	191
64	32	1124
64	33	5
64	34	55
64	35	307
64	36	315
64	37	239
64	38	68
64	39	21
64	40	78
64	41	394
64	42	241
64	43	367
64	44	149
64	45	13
64	46	18
64	47	837
64	48	496
64	49	1670
64	50	459
64	51	541
64	52	154
64	53	23
64	55	273
64	56	827
64	57	131
64	58	210
64	59	1363
64	60	7
64	61	10
64	62	262
64	63	580
64	64	2156
64	65	386
64	66	57
64	67	136
65	0	75
65	1	167
65	2	2
65	3	320
65	4	112
65	5	47
65	7	107
65	8	531
65	11	27
65	12	100
65	13	899
65	14	716
65	15	122
65	16	789
65	17	197
65	18	15
65	19	90
65	20	75
65	21	187
65	22	506
65	23	7
65	24	62
65	25	245
65	26	1363
65	27	215
65	28	142
65	29	1862
65	30	1809
65	31	393
65	32	774
65	33	17
65	34	90
65	35	751
65	36	405
65	37	37
65	38	145
65	39	75
65	40	120
65	41	1019
65	42	443
65	43	1258
65	44	195
65	45	15
65	46	200
65	47	1207
65	48	957
65	49	6250
65	50	894
65	51	443
65	52	172
65	53	95
65	54	12
65	55	1222
65	56	1217
65	57	258
65	58	438
65	59	175
65	60	7
65	61	12
65	62	320
65	63	496
65	64	62
65	65	4227
65	66	62
65	67	120
66	0	2
66	1	4
66	3	20
66	4	12
66	5	8
66	6	2
66	7	46
66	8	26
66	11	10
66	12	2
66	13	64
66	14	42
66	15	12
66	16	42
66	17	10
66	18	4
66	19	6
66	20	18
66	22	88
66	23	8
66	25	10
66	26	32
66	27	68
66	28	8
66	29	36
66	30	40
66	31	46
66	32	26
66	35	26
66	36	28
66	37	2
66	38	16
66	39	4
66	40	20
66	41	32
66	42	58
66	43	22
66	44	12
66	45	2
66	46	8
66	47	46
66	48	233
66	49	66
66	50	106
66	51	40
66	52	10
66	55	48
66	56	62
66	57	26
66	58	34
66	59	2
66	60	4
66	61	6
66	62	22
66	63	42
66	65	18
66	66	133
66	67	8
67	0	285
67	1	31
67	2	4
67	3	461
67	4	201
67	5	15
67	7	79
67	8	332
67	11	52
67	12	20
67	13	819
67	14	122
67	15	92
67	16	253
67	17	282
67	19	27
67	20	74
67	21	29
67	22	459
67	23	6
67	24	4
67	25	58
67	26	282
67	27	133
67	28	205
67	29	744
67	30	196
67	31	144
67	32	581
67	34	20
67	35	307
67	36	300
67	37	40
67	38	58
67	39	4
67	40	52
67	41	230
67	42	341
67	43	199
67	44	67
67	45	4
67	46	20
67	47	438
67	48	466
67	49	988
67	50	570
67	51	721
67	52	74
67	53	27
67	54	6
67	55	332
67	56	957
67	57	52
67	58	149
67	59	171
67	61	11
67	62	230
67	63	839
67	64	65
67	65	147
67	66	45
67	67	418
