O D W
0 0 1357
0 1 105
0 2 631
0 3 14
0 4 1
0 5 62
0 6 1391
0 7 9
0 10 10
0 11 12
0 12 20
0 13 214
0 14 19
0 15 11
0 16 1
0 17 92
0 18 18
0 19 26
0 20 19
0 21 690
0 23 2
0 24 1
0 25 23
0 26 3
0 27 5
0 28 124
0 31 5
0 32 13
0 35 4
0 36 7
0 37 6
0 38 2
0 39 24
0 40 5
0 41 189
0 42 2
0 43 5
0 44 37
0 45 17
0 46 29
0 47 105
0 48 56
0 49 5
0 50 1
0 51 7
0 52 2
0 53 1
0 54 2
0 56 1
0 57 2
0 58 2
0 59 6
0 60 1
0 61 1
1 0 96
1 1 3042
1 2 129
1 3 76
1 4 6
1 5 24
1 6 890
1 7 24
1 8 11
1 9 2
1 10 371
1 11 83
1 12 7
1 13 104
1 14 94
1 15 3
1 16 26
1 17 146
1 18 7
1 19 555
1 20 16
1 21 134
1 22 18
1 23 3
1 24 4
1 25 64
1 26 6
1 27 31
1 28 121
1 29 4
1 30 4
1 31 14
1 32 6
1 33 2
1 35 8
1 36 13
1 37 56
1 38 4
1 39 10
1 40 26
1 41 266
1 42 15
1 43 61
1 44 191
1 45 17
1 46 57
1 47 399
1 48 1792
1 49 59
1 50 3
1 51 32
1 52 14
1 54 45
1 55 15
1 56 5
1 57 18
1 58 8
1 59 30
1 60 16
1 61 11
2 0 335
2 1 181
2 2 15250
2 3 65
2 4 10
2 5 79
2 6 349
2 7 21
2 8 8
2 9 2
2 10 183
2 11 106
2 12 139
2 13 472
2 14 100
2 15 720
2 16 8
2 17 254
2 18 148
2 19 119
2 20 111
2 21 2915
2 22 11
2 23 16
2 24 10
2 25 60
2 26 12
2 27 21
2 28 793
2 29 1
2 31 12
2 32 98
2 33 1
2 35 5
2 36 30
2 37 18
2 38 13
2 39 1077
2 40 22
2 41 2037
2 42 9
2 43 48
2 44 206
2 45 144
2 46 121
2 47 493
2 48 876
2 49 51
2 50 20
2 51 47
2 52 31
2 53 1
2 54 20
2 55 10
2 56 4
2 57 8
2 58 21
2 59 26
2 60 12
2 61 4
3 0 2
3 1 41
3 2 33
3 3 344610
3 4 749
3 5 31
3 6 94
3 7 496
3 8 196
3 9 16
3 10 2
3 11 10996
3 12 4
3 13 6
3 14 1968
3 15 26
3 16 4565
3 17 366
3 18 26
3 19 25
3 20 67
3 21 52
3 22 31
3 23 68
3 24 120
3 25 91
3 26 47
3 27 1414
3 28 1116
3 29 17
3 30 9
3 31 57
3 32 16
3 33 89
3 35 15
3 36 43
3 37 10263
3 38 1
3 39 35
3 40 36
3 41 1101
3 42 64
3 43 87064
3 44 58151
3 45 139
3 46 328
3 47 815
3 48 117
3 49 2174
3 50 11
3 51 83
3 52 125
3 53 318
3 54 20094
3 55 272
3 56 2228
3 57 2252
3 58 33
3 59 559
3 60 297
3 61 83
4 0 3
4 1 3
4 2 32
4 3 303
4 4 9192
4 5 5
4 6 39
4 7 795
4 8 19
4 9 3
4 10 4
4 11 575
4 12 5
4 13 2
4 14 281
4 15 15
4 16 151
4 17 108
4 18 8
4 19 18
4 20 9
4 21 39
4 22 25
4 23 13
4 24 43
4 25 19
4 26 218
4 27 653
4 28 89
4 29 5
4 30 8
4 31 30
4 32 12
4 33 37
4 35 22
4 36 23
4 37 240
4 38 14
4 39 22
4 40 19
4 41 135
4 42 21
4 43 290
4 44 1153
4 45 13
4 46 58
4 47 159
4 48 25
4 49 4059
4 50 1
4 51 24
4 52 42
4 53 54
4 54 314
4 55 50
4 56 58
4 57 430
4 58 11
4 59 112
4 60 45
4 61 27
5 0 55
5 1 20
5 2 105
5 3 106
5 4 17
5 5 4144
5 6 2255
5 7 21
5 8 12
5 9 5
5 10 25
5 11 118
5 12 10
5 13 8
5 14 113
5 15 11
5 16 20
5 17 4620
5 18 12
5 19 58
5 20 13
5 21 733
5 22 131
5 23 7
5 24 10
5 25 206
5 26 49
5 27 38
5 28 182
5 29 10
5 30 7
5 31 14
5 32 13
5 33 7
5 34 1
5 35 24
5 36 38
5 37 48
5 38 2
5 39 17
5 40 42
5 41 328
5 42 31
5 43 93
5 44 232
5 45 28
5 46 153
5 47 515
5 48 81
5 49 67
5 50 5
5 51 30
5 52 84
5 53 9
5 54 51
5 55 16
5 56 16
5 57 18
5 58 15
5 59 42
5 60 27
5 61 20
6 0 196
6 1 229
6 2 329
6 3 220
6 4 30
6 5 216
6 6 20942
6 7 45
6 8 33
6 9 6
6 10 156
6 11 247
6 12 16
6 13 67
6 14 246
6 15 26
6 16 56
6 17 431
6 18 26
6 19 450
6 20 30
6 21 591
6 22 36
6 23 14
6 24 17
6 25 929
6 26 13
6 27 125
6 28 376
6 29 16
6 30 5
6 31 35
6 32 37
6 33 14
6 35 13
6 36 62
6 37 113
6 38 9
6 39 40
6 40 65
6 41 686
6 42 61
6 43 172
6 44 574
6 45 50
6 46 165
6 47 941
6 48 364
6 49 128
6 50 10
6 51 84
6 52 53
6 53 17
6 54 97
6 55 72
6 56 28
6 57 53
6 58 26
6 59 82
6 60 52
6 61 17
7 0 2
7 1 24
7 2 32
7 3 1069
7 4 797
7 5 8
7 6 47
7 7 24110
7 8 92
7 9 21
7 10 25
7 11 1711
7 12 3
7 14 930
7 15 12
7 16 636
7 17 209
7 18 8
7 19 17
7 20 9
7 21 69
7 22 28
7 23 37
7 24 511
7 25 34
7 26 152
7 27 8230
7 28 179
7 29 12
7 30 12
7 31 35
7 32 12
7 33 614
7 35 24
7 36 33
7 37 710
7 38 4
7 39 6
7 40 22
7 41 208
7 42 59
7 43 1067
7 44 3676
7 45 25
7 46 137
7 47 340
7 48 39
7 49 6281
7 50 8
7 51 35
7 52 55
7 53 257
7 54 861
7 55 195
7 56 175
7 57 738
7 58 21
7 59 265
7 60 167
7 61 29
8 0 5
8 1 16
8 2 17
8 3 154
8 4 14
8 5 14
8 6 29
8 7 69
8 8 10113
8 9 1338
8 10 13
8 11 79
8 12 3
8 13 7
8 14 1391
8 15 8
8 16 35
8 17 95
8 18 1
8 19 20
8 20 16
8 21 24
8 22 14
8 23 40
8 24 66
8 25 10
8 26 23
8 27 89
8 28 124
8 29 205
8 30 20
8 31 155
8 32 11
8 33 40
8 34 25
8 35 44
8 36 50
8 37 58
8 38 3
8 39 7
8 40 21
8 41 201
8 42 258
8 43 103
8 44 358
8 45 14
8 46 197
8 47 235
8 48 35
8 49 97
8 50 2
8 51 21
8 52 46
8 53 10
8 54 73
8 55 364
8 56 17
8 57 41
8 58 49
8 59 3812
8 60 540
8 61 40
9 0 2
9 1 13
9 2 15
9 3 141
9 4 12
9 5 10
9 6 25
9 7 64
9 8 4325
9 9 4929
9 10 13
9 11 106
9 12 2
9 13 5
9 14 1412
9 15 3
9 16 29
9 17 90
9 18 6
9 19 21
9 20 9
9 21 31
9 22 16
9 23 46
9 24 58
9 25 15
9 26 17
9 27 85
9 28 130
9 29 154
9 30 28
9 31 133
9 32 12
9 33 38
9 34 7
9 35 30
9 36 45
9 37 49
9 38 6
9 39 4
9 40 17
9 41 220
9 42 135
9 43 104
9 44 315
9 45 11
9 46 128
9 47 210
9 48 35
9 49 103
9 50 4
9 51 22
9 52 36
9 53 8
9 54 59
9 55 558
9 56 9
9 57 29
9 58 37
9 59 3349
9 60 411
9 61 40
10 0 14
10 1 621
10 2 128
10 3 109
10 4 8
10 5 12
10 6 119
10 7 11
10 8 11
10 9 2
10 10 10040
10 11 103
10 12 20
10 13 131
10 14 139
10 15 57
10 16 8
10 17 109
10 18 38
10 19 549
10 20 84
10 21 97
10 22 14
10 23 26
10 25 47
10 26 5
10 27 22
10 28 1064
10 30 11
10 31 14
10 32 108
10 33 2
10 35 11
10 36 45
10 37 20
10 38 6
10 39 155
10 40 24
10 41 13774
10 42 9
10 43 76
10 44 344
10 45 152
10 46 103
10 47 884
10 48 3583
10 49 51
10 50 40
10 51 348
10 52 18
10 53 1
10 54 55
10 55 5
10 56 4
10 57 20
10 58 24
10 59 40
10 60 28
10 61 6
11 0 7
11 1 33
11 2 25
11 3 6850
11 4 216
11 5 15
11 6 158
11 7 456
11 8 130
11 9 15
11 10 5
11 11 137346
11 12 3
11 13 2
11 14 1311
11 15 14
11 16 22260
11 17 275
11 18 11
11 19 19
11 20 36
11 21 61
11 22 28
11 23 15
11 24 130
11 25 46
11 26 35
11 27 2878
11 28 504
11 29 10
11 30 11
11 31 19
11 32 7
11 33 63
11 34 7
11 35 18
11 36 20
11 37 6583
11 38 3
11 39 19
11 40 56
11 41 672
11 42 38
11 43 11192
11 44 84569
11 45 50
11 46 228
11 47 772
11 48 63
11 49 2440
11 51 41
11 52 93
11 53 2694
11 54 9778
11 55 336
11 56 1185
11 57 5956
11 58 17
11 59 405
11 60 222
11 61 34
12 0 15
12 1 23
12 2 133
12 3 53
12 4 2
12 5 6
12 6 46
12 7 7
12 8 4
12 10 69
12 11 59
12 12 4093
12 13 14
12 14 76
12 15 110
12 16 5
12 17 56
12 18 221
12 19 27
12 20 42
12 21 38
12 22 2
12 23 4
12 25 17
12 27 13
12 28 2642
12 30 2
12 31 7
12 32 1255
12 33 3
12 35 2
12 36 26
12 37 13
12 38 6
12 39 772
12 40 8
12 41 1592
12 42 3
12 43 38
12 44 148
12 45 105
12 46 40
12 47 192
12 48 206
12 49 17
12 50 77
12 51 19
12 52 7
12 54 35
12 55 2
12 56 6
12 57 8
12 58 13
12 59 23
12 60 8
12 61 4
13 0 186
13 1 108
13 2 287
13 3 15
13 4 3
13 5 20
13 6 88
13 7 6
13 8 3
13 9 1
13 10 43
13 11 24
13 12 44
13 13 2513
13 14 18
13 15 47
13 16 4
13 17 67
13 18 41
13 19 28
13 20 32
13 21 113
13 22 4
13 23 4
13 24 1
13 25 11
13 26 6
13 27 9
13 28 212
13 29 1
13 32 17
13 35 1
13 36 9
13 37 3
13 38 3
13 39 96
13 40 10
13 41 484
13 42 3
13 43 12
13 44 50
13 45 23
13 46 22
13 47 137
13 48 1408
13 49 14
13 50 3
13 51 18
13 52 2
13 53 2
13 54 5
13 55 5
13 56 4
13 57 2
13 58 6
13 59 7
13 60 1
13 61 1
14 0 7
14 1 27
14 2 51
14 3 1160
14 4 90
14 5 22
14 6 121
14 7 453
14 8 608
14 9 139
14 10 15
14 11 1047
14 12 3
14 13 7
14 14 59432
14 15 18
14 16 224
14 17 322
14 18 14
14 19 49
14 20 50
14 21 117
14 22 45
14 23 106
14 24 626
14 25 51
14 26 48
14 27 730
14 28 551
14 29 58
14 30 24
14 31 317
14 32 20
14 33 830
14 34 4
14 35 63
14 36 95
14 37 479
14 38 16
14 39 23
14 40 69
14 41 945
14 42 497
14 43 1202
14 44 3727
14 45 81
14 46 591
14 47 1080
14 48 104
14 49 647
14 50 11
14 51 73
14 52 178
14 53 53
14 54 601
14 55 7941
14 56 108
14 57 287
14 58 106
14 59 5913
14 60 7547
14 61 275
15 0 7
15 1 14
15 2 671
15 3 32
15 4 5
15 5 10
15 6 24
15 7 16
15 8 5
15 9 2
15 10 26
15 11 43
15 12 374
15 13 7
15 14 43
15 15 5505
15 16 3
15 17 56
15 18 1523
15 19 15
15 20 367
15 21 65
15 22 5
15 23 5
15 24 4
15 25 16
15 26 8
15 27 10
15 28 1347
15 29 3
15 31 6
15 32 79
15 35 3
15 36 11
15 37 7
15 38 7
15 39 239
15 40 7
15 41 386
15 42 5
15 43 26
15 44 79
15 45 178
15 46 54
15 47 176
15 48 95
15 49 24
15 50 33
15 51 22
15 52 7
15 54 12
15 55 12
15 56 2
15 57 7
15 58 15
15 59 21
15 60 10
15 61 4
16 0 1
16 1 1
16 2 13
16 3 7493
16 4 122
16 5 7
16 6 86
16 7 347
16 8 180
16 9 7
16 10 3
16 11 34228
16 14 947
16 15 89
16 16 104293
16 17 215
16 18 25
16 19 36
16 20 41
16 21 46
16 22 7
16 23 24
16 24 59
16 25 27
16 26 23
16 27 825
16 28 553
16 29 5
16 30 8
16 31 20
16 33 31
16 35 19
16 36 20
16 37 31884
16 38 3
16 39 25
16 40 45
16 41 396
16 42 49
16 43 14501
16 44 178680
16 45 45
16 46 151
16 47 506
16 48 45
16 49 1495
16 50 5
16 51 32
16 52 48
16 53 345
16 54 37217
16 55 95
16 56 2528
16 57 3451
16 58 44
16 59 198
16 60 125
16 61 43
17 0 63
17 1 78
17 2 316
17 3 388
17 4 62
17 5 2272
17 6 851
17 7 86
17 8 76
17 9 22
17 10 76
17 11 472
17 12 20
17 13 31
17 14 518
17 15 53
17 16 81
17 17 39329
17 18 43
17 19 168
17 20 72
17 21 732
17 22 1258
17 23 40
17 24 35
17 25 590
17 26 483
17 27 206
17 28 672
17 29 25
17 30 9
17 31 69
17 32 74
17 33 24
17 34 1
17 35 62
17 36 117
17 37 256
17 38 11
17 39 65
17 40 129
17 41 1322
17 42 93
17 43 323
17 44 1047
17 45 99
17 46 488
17 47 1937
17 48 241
17 49 277
17 50 18
17 51 146
17 52 354
17 53 28
17 54 242
17 55 86
17 56 64
17 57 103
17 58 41
17 59 166
17 60 115
17 61 62
18 0 8
18 1 18
18 2 326
18 3 57
18 4 4
18 5 10
18 6 45
18 7 24
18 8 6
18 9 1
18 10 40
18 11 73
18 12 922
18 13 18
18 14 47
18 15 658
18 16 6
18 17 113
18 18 9620
18 19 41
18 20 1315
18 21 99
18 22 6
18 23 12
18 24 5
18 25 24
18 26 21
18 27 6
18 28 4194
18 29 1
18 31 7
18 32 109
18 35 10
18 36 26
18 37 10
18 38 11
18 39 127
18 40 15
18 41 632
18 42 8
18 43 39
18 44 138
18 45 297
18 46 72
18 47 261
18 48 142
18 49 37
18 50 42
18 51 28
18 52 17
18 53 3
18 54 12
18 55 8
18 56 9
18 57 6
18 58 14
18 59 27
18 60 10
18 61 5
19 0 46
19 1 708
19 2 48
19 3 137
19 4 9
19 5 50
19 6 1746
19 7 27
19 8 22
19 9 1
19 10 558
19 11 126
19 12 3
19 13 69
19 14 263
19 15 14
19 16 25
19 17 261
19 18 16
19 19 9779
19 20 32
19 21 144
19 22 32
19 23 14
19 24 11
19 25 556
19 26 9
19 27 30
19 28 480
19 29 28
19 30 15
19 31 14
19 32 29
19 33 9
19 35 33
19 36 121
19 37 52
19 38 17
19 39 37
19 40 151
19 41 1065
19 42 28
19 43 82
19 44 372
19 45 50
19 46 306
19 47 6365
19 48 504
19 49 76
19 50 3
19 51 741
19 52 37
19 53 5
19 54 82
19 55 39
19 56 20
19 57 32
19 58 45
19 59 76
19 60 49
19 61 29
20 0 5
20 1 18
20 2 96
20 3 90
20 4 10
20 5 18
20 6 57
20 7 43
20 8 18
20 9 7
20 10 63
20 11 134
20 12 58
20 13 4
20 14 107
20 15 91
20 16 15
20 17 121
20 18 870
20 19 34
20 20 25519
20 21 71
20 22 24
20 23 16
20 24 11
20 25 39
20 26 24
20 27 28
20 28 4518
20 29 7
20 31 18
20 32 132
20 33 2
20 35 14
20 36 46
20 37 31
20 38 19
20 39 57
20 40 34
20 41 808
20 42 10
20 43 83
20 44 215
20 45 518
20 46 149
20 47 440
20 48 108
20 49 89
20 50 44
20 51 46
20 52 35
20 53 3
20 54 33
20 55 18
20 56 4
20 57 13
20 58 27
20 59 48
20 60 20
20 61 9
21 0 559
21 1 101
21 2 3526
21 3 70
21 4 5
21 5 606
21 6 1266
21 7 25
21 8 10
21 10 62
21 11 98
21 12 83
21 13 107
21 14 80
21 15 56
21 16 6
21 17 469
21 18 74
21 19 98
21 20 74
21 21 13708
21 22 11
21 23 16
21 24 12
21 25 114
21 26 16
21 27 25
21 28 579
21 29 2
21 31 11
21 32 58
21 35 6
21 36 24
21 37 20
21 38 14
21 39 84
21 40 19
21 41 895
21 42 4
21 43 52
21 44 142
21 45 90
21 46 99
21 47 538
21 48 245
21 49 43
21 50 15
21 51 55
21 52 24
21 53 3
21 54 16
21 55 12
21 56 7
21 57 5
21 58 20
21 59 32
21 60 15
21 61 11
22 0 13
22 1 21
22 2 47
22 3 104
22 4 13
22 5 78
22 6 164
22 7 20
22 8 18
22 9 7
22 10 26
22 11 115
22 12 8
22 13 15
22 14 115
22 15 17
22 16 23
22 17 1909
22 18 11
22 19 89
22 20 26
22 21 100
22 22 6423
22 23 8
22 24 13
22 25 374
22 26 834
22 27 33
22 28 193
22 29 4
22 30 6
22 31 23
22 32 17
22 33 3
22 35 44
22 36 19
22 37 43
22 38 5
22 39 14
22 40 492
22 41 329
22 42 27
22 43 99
22 44 263
22 45 31
22 46 324
22 47 950
22 48 58
22 49 61
22 50 1
22 51 72
22 52 879
22 53 7
22 54 57
22 55 18
22 56 8
22 57 19
22 58 11
22 59 46
22 60 26
22 61 17
23 0 2
23 1 8
23 2 35
23 3 81
23 4 9
23 5 5
23 6 39
23 7 57
23 8 409
23 9 65
23 10 18
23 11 28
23 12 8
23 13 5
23 14 293
23 15 7
23 16 12
23 17 68
23 18 14
23 19 30
23 20 13
23 21 26
23 22 46
23 23 16877
23 24 12
23 25 21
23 26 5
23 27 27
23 28 171
23 29 818
23 30 629
23 31 81
23 32 17
23 33 7
23 34 9
23 35 24
23 36 119
23 37 12
23 38 17
23 39 15
23 40 26
23 41 256
23 42 55
23 43 41
23 44 140
23 45 34
23 46 203
23 47 201
23 48 39
23 49 55
23 50 3
23 51 24
23 52 29
23 53 3
23 54 23
23 55 57
23 56 8
23 57 8
23 58 572
23 59 254
23 60 93
23 61 27
24 0 2
24 1 6
24 2 35
24 3 234
24 4 38
24 5 6
24 6 23
24 7 659
24 8 57
24 9 24
24 10 3
24 11 278
24 12 1
24 13 5
24 14 2417
24 15 16
24 16 74
24 17 72
24 18 5
24 19 13
24 20 11
24 21 27
24 22 9
24 23 13
24 24 7848
24 25 9
24 26 39
24 27 1561
24 28 54
24 29 8
24 30 7
24 31 39
24 32 4
24 33 485
24 34 1
24 35 25
24 36 23
24 37 200
24 38 8
24 39 10
24 40 16
24 41 106
24 42 58
24 43 181
24 44 797
24 45 9
24 46 95
24 47 166
24 48 20
24 49 231
24 51 21
24 52 47
24 53 19
24 54 182
24 55 883
24 56 43
24 57 70
24 58 11
24 59 343
24 60 376
24 61 41
25 0 21
25 1 31
25 2 34
25 3 87
25 4 27
25 5 89
25 6 2432
25 7 33
25 8 14
25 9 4
25 10 25
25 11 114
25 12 6
25 13 6
25 14 127
25 15 7
25 16 19
25 17 713
25 18 12
25 19 217
25 20 18
25 21 90
25 22 198
25 23 6
25 24 6
25 25 6616
25 26 75
25 27 39
25 28 186
25 29 8
25 30 5
25 31 13
25 32 18
25 33 5
25 35 33
25 36 24
25 37 60
25 39 12
25 40 190
25 41 352
25 42 21
25 43 86
25 44 278
25 45 25
25 46 296
25 47 1243
25 48 71
25 49 59
25 50 1
25 51 69
25 52 222
25 53 1
25 54 47
25 55 22
25 56 11
25 57 21
25 58 9
25 59 39
25 60 22
25 61 34
26 0 3
26 1 1
26 2 22
26 3 169
26 4 303
26 5 22
26 6 40
26 7 246
26 8 40
26 9 19
26 10 6
26 11 114
26 13 3
26 14 514
26 15 9
26 16 33
26 17 490
26 18 6
26 19 10
26 20 8
26 21 27
26 22 461
26 23 15
26 24 40
26 25 15
26 26 4573
26 27 71
26 28 47
26 29 5
26 30 9
26 31 65
26 32 9
26 33 129
26 34 2
26 35 81
26 36 21
26 37 125
26 38 5
26 39 4
26 40 42
26 41 98
26 42 79
26 43 153
26 44 287
26 45 9
26 46 348
26 47 131
26 48 8
26 49 94
26 50 1
26 51 14
26 52 1634
26 53 6
26 54 120
26 55 107
26 56 35
26 57 59
26 58 9
26 59 151
26 60 248
26 61 143
27 0 4
27 1 29
27 2 25
27 3 1960
27 4 248
27 5 12
27 6 73
27 7 4446
27 8 116
27 9 17
27 10 18
27 11 10470
27 12 2
27 13 3
27 14 1162
27 15 6
27 16 1193
27 17 198
27 18 11
27 19 25
27 20 15
27 21 88
27 22 40
27 23 43
27 24 768
27 25 44
27 26 30
27 27 44626
27 28 266
27 29 13
27 30 7
27 31 44
27 32 14
27 33 202
27 35 20
27 36 32
27 37 1268
27 38 1
27 39 7
27 40 24
27 41 278
27 42 57
27 43 1898
27 44 8372
27 45 44
27 46 177
27 47 450
27 48 39
27 49 5725
27 50 5
27 51 45
27 52 76
27 53 3800
27 54 1579
27 55 270
27 56 310
27 57 1141
27 58 22
27 59 418
27 60 215
27 61 38
28 0 21
28 1 167
28 2 322
28 3 988
28 4 11
28 5 44
28 6 279
28 7 81
28 8 120
28 9 22
28 10 223
28 11 522
28 12 1005
28 13 47
28 14 1144
28 15 284
28 16 136
28 17 505
28 18 1373
28 19 148
28 20 2160
28 21 410
28 22 54
28 23 80
28 24 97
28 25 98
28 26 21
28 27 110
28 28 277656
28 29 11
28 30 37
28 31 86
28 32 1396
28 33 25
28 35 40
28 36 201
28 37 202
28 38 13
28 39 309
28 40 122
28 41 9085
28 42 20
28 43 1299
28 44 2840
28 45 13338
28 46 592
28 47 2813
28 48 817
28 49 309
28 50 333
28 51 209
28 52 85
28 53 19
28 54 432
28 55 58
28 56 41
28 57 138
28 58 63
28 59 176
28 60 183
28 61 22
29 0 2
29 1 3
29 2 9
29 3 26
29 4 3
29 5 4
29 6 16
29 7 31
29 8 669
29 9 111
29 10 11
29 11 21
29 12 7
29 13 3
29 14 140
29 15 5
29 16 6
29 17 32
29 18 1
29 19 24
29 20 3
29 21 16
29 22 23
29 23 1032
29 24 3
29 25 10
29 26 2
29 27 17
29 28 50
29 29 5511
29 30 837
29 31 45
29 32 3
29 33 3
29 34 18
29 35 17
29 36 58
29 37 2
29 38 16
29 39 5
29 40 10
29 41 128
29 42 28
29 43 18
29 44 75
29 45 12
29 46 82
29 47 102
29 48 28
29 49 22
29 51 12
29 52 15
29 54 7
29 55 32
29 56 4
29 57 4
29 58 208
29 59 169
29 60 51
29 61 9
30 0 4
30 1 12
30 2 22
30 3 42
30 4 7
30 5 3
30 6 21
30 7 33
30 8 137
30 9 31
30 10 16
30 11 25
30 12 2
30 13 2
30 14 227
30 15 6
30 16 1
30 17 32
30 18 3
30 19 22
30 20 4
30 21 19
30 22 24
30 23 873
30 24 9
30 25 13
30 26 7
30 27 24
30 28 96
30 29 959
30 30 5557
30 31 48
30 32 6
30 33 5
30 34 27
30 35 18
30 36 88
30 37 7
30 38 15
30 39 4
30 40 18
30 41 155
30 42 29
30 43 20
30 44 100
30 45 21
30 46 109
30 47 120
30 48 39
30 49 24
30 50 2
30 51 21
30 52 21
30 53 3
30 54 11
30 55 34
30 56 5
30 57 6
30 58 965
30 59 161
30 60 60
30 61 14
31 0 3
31 1 20
31 2 13
31 3 126
31 4 24
31 5 14
31 6 35
31 7 65
31 8 145
31 9 48
31 10 13
31 11 82
31 12 2
31 13 4
31 14 1538
31 15 1
31 16 20
31 17 82
31 18 8
31 19 19
31 20 10
31 21 21
31 22 73
31 23 28
31 24 60
31 25 22
31 26 24
31 27 82
31 28 115
31 29 19
31 30 8
31 31 6882
31 32 11
31 33 34
31 34 54
31 35 331
31 36 60
31 37 39
31 38 6
31 39 7
31 40 42
31 41 179
31 42 3044
31 43 99
31 44 307
31 45 10
31 46 330
31 47 325
31 48 35
31 49 93
31 50 4
31 51 26
31 52 135
31 53 8
31 54 76
31 55 251
31 56 11
31 57 28
31 58 35
31 59 1355
31 60 1273
31 61 166
32 0 15
32 1 28
32 2 77
32 3 61
32 4 4
32 5 3
32 6 47
32 7 13
32 8 9
32 9 3
32 10 87
32 11 75
32 12 504
32 13 13
32 14 91
32 15 47
32 16 2
32 17 70
32 18 64
32 19 28
32 20 42
32 21 55
32 22 9
32 23 9
32 25 22
32 26 7
32 27 11
32 28 4050
32 29 2
32 30 3
32 31 6
32 32 7313
32 33 3
32 35 2
32 36 23
32 37 12
32 38 6
32 39 540
32 40 23
32 41 4813
32 42 1
32 43 55
32 44 224
32 45 515
32 46 59
32 47 289
32 48 223
32 49 30
32 50 505
32 51 41
32 52 15
32 53 1
32 54 34
32 55 7
32 56 6
32 57 21
32 58 11
32 59 31
32 60 17
32 61 2
33 1 8
33 2 24
33 3 168
33 4 26
33 5 3
33 6 23
33 7 1133
33 8 60
33 9 20
33 10 8
33 11 241
33 12 6
33 13 2
33 14 2515
33 15 8
33 16 65
33 17 50
33 18 5
33 19 12
33 20 11
33 21 24
33 22 9
33 23 8
33 24 1346
33 25 2
33 26 82
33 27 563
33 28 44
33 29 6
33 30 8
33 31 32
33 32 4
33 33 4149
33 35 14
33 36 16
33 37 152
33 38 6
33 39 9
33 40 15
33 41 80
33 42 48
33 43 178
33 44 602
33 45 5
33 46 76
33 47 112
33 48 15
33 49 202
33 50 3
33 51 14
33 52 33
33 53 15
33 54 143
33 55 420
33 56 29
33 57 61
33 58 9
33 59 265
33 60 305
33 61 48
34 0 1
34 2 2
34 3 6
34 6 1
34 7 6
34 8 81
34 9 8
34 10 1
34 11 2
34 14 23
34 16 1
34 17 6
34 18 1
34 19 1
34 20 1
34 21 1
34 22 4
34 23 21
34 24 1
34 25 2
34 26 1
34 27 2
34 28 13
34 29 27
34 30 25
34 31 10
34 34 415
34 35 23
34 36 16
34 37 1
34 38 4
34 40 1
34 41 16
34 42 3
34 43 2
34 44 14
34 45 2
34 46 8
34 47 18
34 48 4
34 49 4
34 51 1
34 52 1
34 55 1
34 58 34
34 59 18
34 60 6
34 61 2
35 0 3
35 1 20
35 2 18
35 3 155
35 4 20
35 5 12
35 6 37
35 7 51
35 8 58
35 9 9
35 10 17
35 11 98
35 12 4
35 13 5
35 14 403
35 15 6
35 16 28
35 17 125
35 18 4
35 19 55
35 20 13
35 21 20
35 22 211
35 23 51
35 24 39
35 25 69
35 26 58
35 27 77
35 28 130
35 29 23
35 30 20
35 31 426
35 32 10
35 33 15
35 34 29
35 35 5928
35 36 162
35 37 39
35 38 54
35 39 7
35 40 270
35 41 209
35 42 460
35 43 81
35 44 298
35 45 16
35 46 7124
35 47 1342
35 48 42
35 49 106
35 50 2
35 51 148
35 52 801
35 53 7
35 54 76
35 55 92
35 56 10
35 57 36
35 58 44
35 59 173
35 60 106
35 61 152
36 0 4
36 1 23
36 2 49
36 3 91
36 4 11
36 5 5
36 6 46
36 7 73
36 8 53
36 9 23
36 10 33
36 11 44
36 12 11
36 13 8
36 14 333
36 15 8
36 16 11
36 17 86
36 18 9
36 19 70
36 20 20
36 21 50
36 22 61
36 23 142
36 24 12
36 25 28
36 26 24
36 27 71
36 28 253
36 29 43
36 30 71
36 31 84
36 32 14
36 33 15
36 34 9
36 35 105
36 36 17943
36 37 22
36 38 429
36 39 37
36 40 130
36 41 347
36 42 47
36 43 48
36 44 229
36 45 39
36 46 1073
36 47 1411
36 48 60
36 49 75
36 50 4
36 51 626
36 52 53
36 53 4
36 54 21
36 55 69
36 56 7
36 57 12
36 58 873
36 59 151
36 60 94
36 61 33
37 0 8
37 1 21
37 2 27
37 3 12387
37 4 274
37 5 15
37 6 220
37 7 465
37 8 331
37 9 19
37 10 9
37 11 10493
37 12 4
37 13 7
37 14 1692
37 15 6
37 16 14931
37 17 335
37 18 64
37 19 27
37 20 67
37 21 74
37 22 41
37 23 55
37 24 112
37 25 41
37 26 54
37 27 1147
37 28 986
37 29 11
37 30 10
37 31 47
37 32 13
37 33 63
37 34 1
37 35 37
37 36 39
37 37 303614
37 39 13
37 40 57
37 41 934
37 42 56
37 43 25072
37 44 387893
37 45 130
37 46 299
37 47 799
37 48 105
37 49 2284
37 50 6
37 51 29
37 52 85
37 53 246
37 54 82773
37 55 198
37 56 9313
37 57 3101
37 58 39
37 59 365
37 60 182
37 61 45
38 0 3
38 1 3
38 2 15
38 3 21
38 4 4
38 6 16
38 7 21
38 8 19
38 9 1
38 10 8
38 11 13
38 12 3
38 13 1
38 14 86
38 15 1
38 16 3
38 17 12
38 18 3
38 19 20
38 20 5
38 21 7
38 22 18
38 23 31
38 24 4
38 25 4
38 26 6
38 27 15
38 28 56
38 29 13
38 30 12
38 31 18
38 32 2
38 33 3
38 34 17
38 35 120
38 36 1370
38 37 9
38 38 2334
38 39 4
38 40 32
38 41 61
38 42 9
38 43 15
38 44 49
38 45 13
38 46 525
38 47 355
38 48 24
38 49 11
38 50 2
38 51 162
38 52 13
38 53 1
38 54 7
38 55 26
38 56 1
38 57 2
38 58 224
38 59 35
38 60 16
38 61 6
39 0 25
39 1 34
39 2 581
39 3 65
39 4 4
39 5 4
39 6 66
39 7 13
39 8 6
39 9 2
39 10 108
39 11 85
39 12 611
39 13 26
39 14 118
39 15 137
39 16 8
39 17 75
39 18 143
39 19 51
39 20 63
39 21 73
39 22 8
39 23 7
39 24 1
39 25 19
39 26 9
39 27 11
39 28 1915
39 29 2
39 30 6
39 31 13
39 32 449
39 33 5
39 35 16
39 36 33
39 37 14
39 38 3
39 39 5784
39 40 16
39 41 8291
39 42 4
39 43 77
39 44 227
39 45 191
39 46 74
39 47 329
39 48 947
39 49 27
39 50 72
39 51 36
39 52 11
39 53 1
39 54 39
39 55 7
39 56 7
39 57 12
39 58 16
39 59 36
39 60 17
39 61 6
40 0 10
40 1 47
40 2 38
40 3 148
40 4 15
40 5 68
40 6 153
40 7 13
40 8 27
40 9 4
40 10 59
40 11 122
40 12 6
40 13 6
40 14 280
40 15 15
40 16 31
40 17 245
40 18 13
40 19 123
40 20 20
40 21 64
40 22 561
40 23 23
40 24 9
40 25 230
40 26 24
40 27 30
40 28 431
40 29 29
40 30 18
40 31 21
40 32 13
40 33 6
40 34 1
40 35 142
40 36 116
40 37 46
40 38 21
40 39 21
40 40 6929
40 41 596
40 42 22
40 43 94
40 44 383
40 45 58
40 46 3067
40 47 7381
40 48 102
40 49 85
40 50 3
40 51 325
40 52 192
40 53 3
40 54 88
40 55 30
40 56 17
40 57 29
40 58 25
40 59 71
40 60 53
40 61 27
41 0 56
41 1 454
41 2 647
41 3 736
41 4 33
41 5 63
41 6 560
41 7 61
41 8 99
41 9 5
41 10 3307
41 11 963
41 12 210
41 13 198
41 14 1402
41 15 266
41 16 95
41 17 838
41 18 285
41 19 455
41 20 467
41 21 555
41 22 95
41 23 74
41 24 12
41 25 183
41 26 39
41 27 163
41 28 10174
41 29 18
41 30 36
41 31 89
41 32 1615
41 33 14
41 34 3
41 35 77
41 36 347
41 37 327
41 38 38
41 39 2032
41 40 167
41 41 229100
41 42 55
41 43 713
41 44 3653
41 45 1287
41 46 714
41 47 4390
41 48 8777
41 49 359
41 50 717
41 51 513
41 52 90
41 53 13
41 54 514
41 55 69
41 56 48
41 57 164
41 58 133
41 59 340
41 60 224
41 61 31
42 0 2
42 1 21
42 2 13
42 3 120
42 4 17
42 5 10
42 6 22
42 7 48
42 8 124
42 9 27
42 10 4
42 11 96
42 12 3
42 13 6
42 14 1445
42 15 5
42 16 28
42 17 91
42 18 3
42 19 14
42 20 12
42 21 21
42 22 58
42 23 33
42 24 57
42 25 19
42 26 19
42 27 81
42 28 100
42 29 15
42 30 12
42 31 1692
42 32 3
42 33 29
42 34 10
42 35 309
42 36 44
42 37 45
42 38 7
42 39 7
42 40 41
42 41 177
42 42 5495
42 43 94
42 44 261
42 45 7
42 46 287
42 47 290
42 48 30
42 49 81
42 51 23
42 52 207
42 53 7
42 54 66
42 55 226
42 56 8
42 57 36
42 58 34
42 59 1046
42 60 1754
42 61 344
43 0 1
43 1 16
43 2 24
43 3 62127
43 4 468
43 5 24
43 6 121
43 7 335
43 8 212
43 9 11
43 10 11
43 11 11551
43 12 1
43 13 1
43 14 1334
43 15 35
43 16 7704
43 17 286
43 18 29
43 19 17
43 20 54
43 21 80
43 22 20
43 23 45
43 24 82
43 25 82
43 26 56
43 27 993
43 28 830
43 29 1
43 30 8
43 31 21
43 32 13
43 33 62
43 35 15
43 36 26
43 37 21964
43 38 1
43 39 14
43 40 38
43 41 868
43 42 45
43 43 229554
43 44 103013
43 45 46
43 46 276
43 47 492
43 48 53
43 49 1531
43 50 14
43 51 23
43 52 84
43 53 264
43 54 54951
43 55 172
43 56 2553
43 57 2056
43 58 53
43 59 399
43 60 172
43 61 37
44 0 4
44 1 8
44 2 18
44 3 6610
44 4 137
44 5 11
44 6 218
44 7 333
44 8 225
44 9 16
44 10 4
44 11 12288
44 12 2
44 13 4
44 14 1209
44 15 6
44 16 21112
44 17 239
44 18 15
44 19 30
44 20 44
44 21 67
44 22 82
44 23 16
44 24 93
44 25 17
44 26 57
44 27 1095
44 28 1169
44 29 14
44 30 3
44 31 21
44 32 3
44 33 35
44 35 23
44 36 31
44 37 33776
44 38 1
44 39 23
44 40 80
44 41 860
44 42 37
44 43 11563
44 44 493004
44 45 134
44 46 206
44 47 654
44 48 90
44 49 1138
44 51 42
44 52 41
44 53 184
44 54 28928
44 55 131
44 56 2116
44 57 2377
44 58 42
44 59 330
44 60 142
44 61 29
45 0 8
45 1 42
45 2 79
45 3 214
45 4 3
45 5 5
45 6 67
45 7 24
45 8 41
45 9 8
45 10 47
45 11 98
45 12 72
45 13 9
45 14 259
45 15 64
45 16 33
45 17 123
45 18 210
45 19 38
45 20 360
45 21 87
45 22 15
45 23 18
45 24 23
45 25 25
45 26 6
45 27 21
45 28 36831
45 29 2
45 30 7
45 31 21
45 32 403
45 33 10
45 35 15
45 36 47
45 37 55
45 38 1
45 39 72
45 40 31
45 41 2230
45 42 11
45 43 324
45 44 717
45 45 30632
45 46 131
45 47 673
45 48 194
45 49 72
45 50 927
45 51 53
45 52 14
45 53 3
45 54 85
45 55 15
45 56 15
45 57 39
45 58 13
45 59 29
45 60 36
45 61 1
46 0 9
46 1 66
46 2 62
46 3 553
46 4 55
46 5 46
46 6 119
46 7 166
46 8 152
46 9 34
46 10 51
46 11 393
46 12 4
46 13 19
46 14 1150
46 15 19
46 16 107
46 17 438
46 18 15
46 19 156
46 20 62
46 21 108
46 22 746
46 23 148
46 24 77
46 25 144
46 26 100
46 27 309
46 28 473
46 29 45
46 30 53
46 31 349
46 32 34
46 33 44
46 34 21
46 35 2024
46 36 424
46 37 207
46 38 282
46 39 38
46 40 2759
46 41 750
46 42 533
46 43 436
46 44 1246
46 45 69
46 46 46524
46 47 5120
46 48 125
46 49 354
46 50 9
46 51 528
46 52 552
46 53 24
46 54 318
46 55 227
46 56 54
46 57 124
46 58 133
46 59 520
46 60 331
46 61 193
47 0 51
47 1 378
47 2 213
47 3 805
47 4 68
47 5 295
47 6 910
47 7 137
47 8 163
47 9 17
47 10 423
47 11 767
47 12 45
47 13 98
47 14 1662
47 15 61
47 16 187
47 17 1466
47 18 98
47 19 2384
47 20 143
47 21 451
47 22 365
47 23 93
47 24 81
47 25 972
47 26 68
47 27 244
47 28 2590
47 29 224
47 30 73
47 31 130
47 32 139
47 33 40
47 34 10
47 35 272
47 36 712
47 37 345
47 38 61
47 39 125
47 40 2058
47 41 5339
47 42 118
47 43 556
47 44 2423
47 45 295
47 46 3011
47 47 119899
47 48 867
47 49 493
47 50 23
47 51 2948
47 52 258
47 53 40
47 54 506
47 55 191
47 56 69
47 57 232
47 58 231
47 59 447
47 60 342
47 61 205
48 0 25
48 1 1078
48 2 341
48 3 125
48 4 5
48 5 4
48 6 225
48 7 19
48 8 15
48 10 1791
48 11 136
48 12 55
48 13 553
48 14 170
48 15 88
48 16 11
48 17 120
48 18 82
48 19 297
48 20 86
48 21 183
48 22 11
48 23 19
48 24 1
48 25 44
48 26 9
48 27 24
48 28 1265
48 29 2
48 30 7
48 31 15
48 32 149
48 33 7
48 35 13
48 36 56
48 37 30
48 38 6
48 39 598
48 40 24
48 41 13045
48 42 9
48 43 106
48 44 404
48 45 184
48 46 115
48 47 896
48 48 15572
48 49 53
48 50 42
48 51 116
48 52 28
48 53 2
48 54 70
48 55 16
48 56 8
48 57 20
48 58 26
48 59 62
48 60 38
48 61 6
49 0 4
49 1 37
49 2 67
49 3 2041
49 4 1597
49 5 5
49 6 87
49 7 2445
49 8 121
49 9 23
49 10 29
49 11 6966
49 12 15
49 13 3
49 14 1287
49 15 30
49 16 1887
49 17 309
49 18 26
49 19 43
49 20 35
49 21 112
49 22 66
49 23 48
49 24 163
49 25 44
49 26 39
49 27 5750
49 28 312
49 29 14
49 30 22
49 31 59
49 32 17
49 33 159
49 34 4
49 35 49
49 36 61
49 37 2398
49 38 17
49 39 26
49 40 37
49 41 464
49 42 71
49 43 2205
49 44 13322
49 45 54
49 46 208
49 47 609
49 48 63
49 49 56726
49 50 8
49 51 60
49 52 108
49 53 592
49 54 2335
49 55 216
49 56 386
49 57 6963
49 58 34
49 59 420
49 60 267
49 61 58
50 0 3
50 1 19
50 2 51
50 3 48
50 4 2
50 5 5
50 6 39
50 7 4
50 8 4
50 10 54
50 11 54
50 12 129
50 13 4
50 14 80
50 15 33
50 16 3
50 17 40
50 18 43
50 19 23
50 20 33
50 21 29
50 22 4
50 23 8
50 24 2
50 25 11
50 26 5
50 27 8
50 28 1778
50 30 3
50 31 3
50 32 839
50 33 1
50 35 6
50 36 18
50 37 15
50 38 3
50 39 138
50 40 11
50 41 4205
50 42 5
50 43 49
50 44 151
50 45 828
50 46 42
50 47 200
50 48 177
50 49 22
50 50 4775
50 51 28
50 52 15
50 53 2
50 54 23
50 55 6
50 56 5
50 57 10
50 58 14
50 59 19
50 60 17
50 61 3
51 0 14
51 1 85
51 2 52
51 3 216
51 4 15
51 5 56
51 6 135
51 7 43
51 8 45
51 9 4
51 10 349
51 11 182
51 12 12
51 13 14
51 14 406
51 15 29
51 16 50
51 17 328
51 18 19
51 19 469
51 20 32
51 21 115
51 22 106
51 23 38
51 24 18
51 25 103
51 26 25
51 27 63
51 28 678
51 29 41
51 30 16
51 31 39
51 32 35
51 33 14
51 34 1
51 35 88
51 36 733
51 37 73
51 38 94
51 39 48
51 40 342
51 41 1147
51 42 36
51 43 148
51 44 600
51 45 87
51 46 915
51 47 14432
51 48 257
51 49 139
51 50 8
51 51 13740
51 52 68
51 53 12
51 54 108
51 55 71
51 56 20
51 57 52
51 58 87
51 59 118
51 60 87
51 61 47
52 0 1
52 1 2
52 2 28
52 3 247
52 4 117
52 5 19
52 6 45
52 7 191
52 8 55
52 9 14
52 10 9
52 11 134
52 12 2
52 13 4
52 14 736
52 15 12
52 16 39
52 17 520
52 18 3
52 19 11
52 20 7
52 21 25
52 22 1000
52 23 7
52 24 66
52 25 40
52 26 1165
52 27 94
52 28 71
52 29 8
52 30 11
52 31 140
52 32 3
52 33 73
52 34 1
52 35 328
52 36 20
52 37 171
52 38 6
52 39 12
52 40 134
52 41 90
52 42 181
52 43 182
52 44 343
52 45 13
52 46 856
52 47 146
52 48 18
52 49 137
52 50 2
52 51 14
52 52 8729
52 53 21
52 54 140
52 55 108
52 56 44
52 57 99
52 58 15
52 59 196
52 60 327
52 61 321
53 1 5
53 2 3
53 3 937
53 4 49
53 5 2
53 6 28
53 7 171
53 8 34
53 9 9
53 11 10866
53 12 1
53 13 2
53 14 228
53 16 947
53 17 37
53 18 1
53 19 6
53 20 3
53 21 12
53 22 6
53 23 5
53 24 43
53 25 7
53 26 7
53 27 1714
53 28 70
53 29 5
53 30 5
53 31 8
53 33 21
53 34 1
53 35 9
53 36 3
53 37 503
53 38 2
53 40 6
53 41 60
53 42 16
53 43 1037
53 44 5277
53 45 7
53 46 31
53 47 114
53 48 13
53 49 696
53 51 16
53 52 18
53 53 6416
53 54 789
53 55 54
53 56 125
53 57 472
53 58 1
53 59 76
53 60 47
53 61 3
54 0 4
54 1 3
54 2 25
54 3 22087
54 4 290
54 5 26
54 6 173
54 7 395
54 8 227
54 9 19
54 10 4
54 11 14827
54 12 1
54 13 3
54 14 1503
54 15 13
54 16 20202
54 17 259
54 18 43
54 19 20
54 20 48
54 21 100
54 22 18
54 23 29
54 24 92
54 25 28
54 26 38
54 27 1190
54 28 1027
54 29 14
54 30 11
54 31 25
54 32 13
54 33 56
54 34 1
54 35 28
54 36 17
54 37 76969
54 39 10
54 40 56
54 41 750
54 42 68
54 43 81340
54 44 316809
54 45 113
54 46 215
54 47 708
54 48 66
54 49 1884
54 50 6
54 51 19
54 52 62
54 53 358
54 54 236164
54 55 163
54 56 4274
54 57 2957
54 58 38
54 59 305
54 60 200
54 61 54
55 0 7
55 1 15
55 2 16
55 3 599
55 4 44
55 5 12
55 6 63
55 7 228
55 8 442
55 9 292
55 10 7
55 11 525
55 13 3
55 14 20793
55 15 7
55 16 99
55 17 179
55 18 10
55 19 27
55 20 14
55 21 52
55 22 30
55 23 73
55 24 822
55 25 25
55 26 16
55 27 382
55 28 290
55 29 34
55 30 17
55 31 153
55 32 6
55 33 196
55 34 2
55 35 34
55 36 48
55 37 215
55 38 11
55 39 16
55 40 36
55 41 476
55 42 172
55 43 596
55 44 1832
55 45 31
55 46 294
55 47 569
55 48 58
55 49 326
55 50 3
55 51 36
55 52 88
55 53 29
55 54 312
55 55 14618
55 56 63
55 57 123
55 58 44
55 59 3915
55 60 2755
55 61 73
56 1 1
56 2 9
56 3 2931
56 4 57
56 5 4
56 6 35
56 7 77
56 8 46
56 9 2
56 11 2350
56 12 2
56 14 334
56 16 2264
56 17 76
56 18 6
56 19 11
56 20 12
56 21 30
56 22 5
56 23 5
56 24 20
56 25 18
56 26 11
56 27 277
56 28 158
56 29 1
56 31 9
56 33 23
56 35 7
56 36 12
56 37 22265
56 39 2
56 40 4
56 41 132
56 42 12
56 43 5849
56 44 45359
56 45 19
56 46 67
56 47 174
56 48 10
56 49 440
56 51 8
56 52 17
56 53 74
56 54 7656
56 55 39
56 56 43676
56 57 665
56 58 2
56 59 67
56 60 58
56 61 6
57 1 31
57 2 18
57 3 1945
57 4 154
57 5 9
57 6 52
57 7 250
57 8 29
57 9 3
57 10 6
57 11 10142
57 13 4
57 14 500
57 15 5
57 16 2972
57 17 99
57 18 6
57 19 13
57 20 4
57 21 43
57 22 13
57 23 24
57 24 62
57 25 18
57 26 18
57 27 614
57 28 178
57 29 4
57 30 5
57 31 20
57 32 5
57 33 60
57 34 1
57 35 6
57 36 9
57 37 3028
57 38 4
57 39 9
57 40 14
57 41 186
57 42 22
57 43 2419
57 44 15615
57 45 29
57 46 96
57 47 310
57 48 34
57 49 3325
57 51 30
57 52 34
57 53 183
57 54 2464
57 55 84
57 56 455
57 57 44485
57 58 6
57 59 164
57 60 102
57 61 16
58 0 2
58 1 20
58 2 45
58 3 91
58 4 11
58 5 7
58 6 41
58 7 74
58 8 77
58 9 20
58 10 27
58 11 41
58 12 7
58 13 2
58 14 291
58 15 16
58 16 13
58 17 87
58 18 15
58 19 58
58 20 18
58 21 38
58 22 53
58 23 327
58 24 16
58 25 27
58 26 17
58 27 40
58 28 214
58 29 124
58 30 945
58 31 71
58 32 22
58 33 14
58 34 5
58 35 53
58 36 1301
58 37 17
58 38 242
58 39 19
58 40 63
58 41 352
58 42 42
58 43 50
58 44 198
58 45 44
58 46 388
58 47 697
58 48 70
58 49 82
58 50 10
58 51 157
58 52 42
58 53 2
58 54 28
58 55 82
58 56 4
58 57 12
58 58 16970
58 59 158
58 60 115
58 61 23
59 0 5
59 1 43
59 2 37
59 3 624
59 4 56
59 5 21
59 6 86
59 7 319
59 8 4732
59 9 1438
59 10 36
59 11 537
59 12 7
59 13 8
59 14 18377
59 15 23
59 16 112
59 17 283
59 18 19
59 19 71
59 20 39
59 21 83
59 22 61
59 23 107
59 24 272
59 25 49
59 26 52
59 27 419
59 28 430
59 29 72
59 30 39
59 31 764
59 32 30
59 33 172
59 34 25
59 35 110
59 36 146
59 37 229
59 38 17
59 39 19
59 40 50
59 41 691
59 42 923
59 43 566
59 44 1769
59 45 47
59 46 492
59 47 1032
59 48 113
59 49 387
59 50 8
59 51 62
59 52 130
59 53 37
59 54 349
59 55 3804
59 56 56
59 57 139
59 58 112
59 59 32782
59 60 8266
59 61 108
60 0 2
60 1 20
60 2 22
60 3 577
60 4 35
60 5 14
60 6 63
60 7 180
60 8 425
60 9 78
60 10 10
60 11 500
60 12 2
60 13 2
60 14 17833
60 15 7
60 16 117
60 17 151
60 18 9
60 19 27
60 20 19
60 21 62
60 22 25
60 23 64
60 24 151
60 25 38
60 26 14
60 27 329
60 28 253
60 29 26
60 30 18
60 31 260
60 32 12
60 33 91
60 34 6
60 35 44
60 36 41
60 37 209
60 38 6
60 39 13
60 40 37
60 41 496
60 42 910
60 43 568
60 44 1851
60 45 36
60 46 292
60 47 546
60 48 63
60 49 308
60 50 1
60 51 30
60 52 125
60 53 29
60 54 302
60 55 2382
60 56 38
60 57 130
60 58 49
60 59 4916
60 60 19930
60 61 201
61 1 2
61 2 10
61 3 95
61 4 53
61 5 11
61 6 21
61 7 110
61 8 23
61 9 3
61 10 4
61 11 70
61 12 2
61 14 837
61 15 7
61 16 41
61 17 162
61 18 1
61 19 6
61 20 2
61 21 16
61 22 75
61 23 12
61 24 25
61 25 21
61 26 333
61 27 53
61 28 36
61 29 7
61 30 5
61 31 160
61 32 4
61 33 217
61 35 68
61 36 13
61 37 90
61 38 5
61 39 2
61 40 38
61 41 47
61 42 287
61 43 85
61 44 193
61 45 4
61 46 292
61 47 88
61 48 7
61 49 66
61 50 2
61 51 12
61 52 414
61 53 10
61 54 74
61 55 73
61 56 21
61 57 53
61 58 6
61 59 121
61 60 527
61 61 2456
