label_zcta label_County Fraction
0 44 1.0
1 44 1.0
2 44 1.0
3 44 0.9812130476130297
3 37 0.01878695238697029
4 44 1.0
5 44 1.0
6 44 1.0
7 44 1.0
8 44 1.0
9 44 1.0
10 44 1.0
11 44 1.0
12 44 1.0
13 44 1.0
14 44 1.0
15 44 1.0
16 44 1.0
17 44 1.0
18 44 1.0
19 44 1.0
20 44 1.0
21 44 1.0
22 44 1.0
23 44 1.0
24 44 1.0
25 44 1.0
26 44 1.0
27 44 1.0
28 44 1.0
29 44 1.0
30 44 1.0
31 44 1.0
32 44 1.0
33 44 1.0
34 44 1.0
35 44 1.0
36 44 1.0
37 44 1.0
38 44 1.0
39 44 1.0
40 44 1.0
41 44 1.0
42 44 1.0
43 44 1.0
44 44 1.0
45 44 1.0
46 44 1.0
47 44 1.0
48 44 1.0
49 56 1.0
50 56 1.0
51 56 1.0
52 56 1.0
53 56 1.0
54 56 1.0
55 56 1.0
56 56 1.0
57 56 1.0
58 56 1.0
59 56 1.0
60 56 1.0
61 16 0.9999653349005101
61 44 3.4665099489773476e-05
62 16 1.0
63 16 0.9995921896899874
63 44 0.00040781031001259956
64 16 0.9990953091269745
64 44 0.0009046908730255647
65 16 1.0
66 16 1.0
67 16 1.0
68 16 1.0
69 16 1.0
70 16 1.0
71 16 1.0
72 16 1.0
73 16 0.9304335576139497
73 44 0.06956644238605021
74 16 0.9996347946390345
74 11 0.0003652053609654116
75 16 1.0
76 11 0.002117120670996958
76 16 0.9978828793290031
77 16 0.9982152532829662
77 11 0.0017847467170338438
78 44 0.004546518695656075
78 16 0.9954534813043441
79 16 1.0
80 16 0.9927172206672552
80 11 0.007282779332744787
81 16 0.9993698427620197
81 11 0.0006301572379802994
82 16 1.0
83 16 1.0
84 16 1.0
85 16 1.0
86 11 1.0
87 11 1.0
88 11 1.0
89 11 1.0
90 11 1.0
91 11 1.0
92 11 1.0
93 11 0.00114246401107501
93 53 0.998857535988925
94 11 1.0
95 11 1.0
96 53 0.9984086037339505
96 27 0.0015752667148537375
96 11 1.6129551195855547e-05
97 11 1.0
98 27 0.002680604599961418
98 53 0.9973193954000384
99 11 1.0
100 11 1.0
101 11 0.9761160808472519
101 53 0.023883919152748012
102 11 1.0
103 11 1.0
104 11 1.0
105 11 0.0005867065093943552
105 53 0.9994132934906056
106 11 1.0
107 11 1.0
108 11 1.0
109 11 1.0
110 11 1.0
111 11 1.0
112 11 1.0
113 11 1.0
114 53 0.8179393172714446
114 11 0.18206068272855525
115 11 1.0
116 53 0.964260269671307
116 11 0.03573973032869298
117 11 1.0
118 11 1.0
119 11 1.0
120 11 1.0
121 11 1.0
122 11 1.0
123 11 0.9948104613416013
123 16 0.005189538658398577
124 11 1.0
125 11 1.0
126 11 0.9994194169233481
126 53 0.0005805830766519258
127 11 1.0
128 11 1.0
129 53 0.0003279270576337735
129 11 0.9996720729423663
130 11 1.0
131 11 1.0
132 11 1.0
133 11 1.0
134 11 1.0
135 11 0.0014538822955698655
135 53 0.9985461177044301
136 11 1.0
137 11 1.0
138 11 0.7662656302997906
138 53 0.23373436970020947
139 11 0.999666588455805
139 53 0.0003334115441949825
140 11 1.0
141 11 1.0
142 11 1.0
143 11 1.0
144 11 1.0
145 11 1.0
146 11 1.0
147 11 1.0
148 11 1.0
149 11 1.0
150 11 1.0
151 11 1.0
152 11 1.0
153 11 1.0
154 11 1.0
155 16 0.002499190581060214
155 11 0.9975008094189397
156 16 0.0021970363258491596
156 11 0.9978029636741508
157 11 1.0
158 11 1.0
159 11 1.0
160 11 1.0
161 11 1.0
162 11 1.0
163 11 0.9983084944834806
163 16 0.0016915055165195388
164 11 1.0
165 11 1.0
166 57 1.0
167 49 1.0
168 57 1.0
169 49 1.0
170 49 1.0
171 49 1.0
172 49 1.0
173 49 1.0
174 49 1.0
175 57 1.0
176 49 1.0
177 49 0.9999136455957737
177 57 8.635440422643602e-05
178 57 1.0
179 49 1.0
180 49 1.0
181 49 1.0
182 57 1.0
183 49 1.0
184 49 1.0
185 57 1.0
186 49 1.0
187 49 1.0
188 49 0.9515812226199029
188 4 0.048418777380097144
189 49 1.0
190 49 1.0
191 57 1.0
192 49 1.0
193 57 1.0
194 57 1.0
195 49 1.0
196 57 1.0
197 57 1.0
198 4 0.00108409166356238
198 49 0.9989159083364376
199 57 1.0
200 57 1.0
201 57 1.0
202 49 1.0
203 57 1.0
204 49 1.0
205 57 1.0
206 49 1.0
207 57 1.0
208 57 1.0
209 49 1.0
210 57 0.9994874987545549
210 49 0.0005125012454450352
211 57 1.0
212 57 1.0
213 49 0.9999964525811114
213 4 3.5474188886190244e-06
214 49 0.0007127599007391151
214 57 0.9992872400992608
215 49 0.9985944946295597
215 57 0.0014055053704402523
216 49 1.0
217 57 1.0
218 49 1.0
219 49 1.0
220 57 1.0
221 57 1.0
222 49 1.0
223 49 1.0
224 43 0.8793884070156398
224 54 0.12061159298436022
225 43 0.9932810511309528
225 54 0.0067189488690472445
226 43 1.4834504446601795e-05
226 54 0.9999851654955534
227 43 0.000856381912050528
227 54 0.9991436180879494
228 43 1.0
229 43 0.9999917146190427
229 54 8.28538095729987e-06
230 54 0.0008443204752823911
230 43 0.9991556795247175
231 43 1.0
232 43 1.0
233 43 1.0
234 43 0.9659044590730241
234 54 0.03409554092697581
235 43 0.998012122215421
235 54 0.00198787778457895
236 43 1.0
237 54 0.025295064648540182
237 43 0.9747049353514599
238 44 0.0005252756632092094
238 37 0.0020698466034952353
238 54 0.9974048777332956
239 44 0.0017766482691906654
239 54 0.9982233517308093
240 54 1.0
241 54 1.0
242 44 0.0010979648928774325
242 54 0.9989020351071225
243 54 0.9996273527466991
243 44 0.0003726472533009736
244 44 0.03610522833397606
244 54 0.963894771666024
245 37 0.9915768001066949
245 44 0.008423199893305066
246 37 1.0
247 37 1.0
248 37 1.0
249 37 1.0
250 37 0.997874408094527
250 54 0.002125591905472904
251 37 0.9955539424339163
251 54 0.004446057566083813
252 37 1.0
253 37 1.0
254 54 0.0016706026396745052
254 37 0.9924090820489619
254 44 0.005920315311363658
255 37 1.0
256 37 1.0
257 37 1.0
258 37 1.0
259 37 1.0
260 37 1.0
261 37 1.0
262 37 1.0
263 37 1.0
264 37 1.0
265 44 0.004256747568147643
265 37 0.993276263382076
265 54 0.00246698904977646
266 37 1.0
267 37 1.0
268 37 1.0
269 37 1.0
270 37 1.0
271 37 1.0
272 37 1.0
273 37 1.0
274 37 1.0
275 37 1.0
276 37 1.0
277 37 1.0
278 37 1.0
279 37 0.9964202650725497
279 54 0.003579734927450307
280 37 1.0
281 37 1.0
282 54 1.0
283 54 1.0
284 54 1.0
285 54 1.0
286 54 1.0
287 54 1.0
288 54 1.0
289 54 1.0
290 43 0.003588982843015634
290 54 0.9964110171569844
291 54 0.998675085897367
291 43 0.0013249141026330626
292 54 1.0
293 54 1.0
294 54 1.0
295 54 1.0
296 54 1.0
297 54 1.0
298 16 0.4283778618636771
298 54 0.5716221381363228
299 54 1.0
300 54 1.0
301 54 1.0
302 54 1.0
303 54 1.0
304 54 1.0
305 54 0.9997176432488524
305 37 0.0002823567511476221
306 54 1.0
307 37 0.007521809802609571
307 54 0.9924781901973905
308 43 0.0038715306411364852
308 54 0.9961284693588636
309 54 1.0
310 54 1.0
311 37 0.0012959093547290168
311 54 0.9987040906452709
312 54 1.0
313 54 0.9999012273378214
313 37 9.877266217853963e-05
314 54 0.9999999024484042
314 37 9.755159572183446e-08
315 54 1.0
316 54 1.0
317 54 1.0
318 54 0.9999301498396481
318 37 6.985016035187073e-05
319 43 0.006917761422448481
319 54 0.9930822385775514
320 54 1.0
321 43 0.0009617200159789895
321 54 0.999038279984021
322 54 1.0
323 43 0.0003118514994385536
323 54 0.9996881485005615
324 43 0.008237427448933634
324 54 0.9917625725510664
325 43 0.00011444023327079398
325 54 0.9998855597667291
326 54 1.0
327 54 1.0
328 54 1.0
329 54 1.0
330 54 1.0
331 54 1.0
332 43 1.0
333 43 1.0
334 43 1.0
335 43 1.0
336 43 1.0
337 43 1.0
338 43 1.0
339 43 1.0
340 43 1.0
341 43 1.0
342 43 1.0
343 43 1.0
344 43 1.0
345 43 1.0
346 43 1.0
347 43 1.0
348 43 1.0
349 43 1.0
350 43 1.0
351 43 1.0
352 43 1.0
353 43 0.9980236719145573
353 54 0.0019763280854425743
354 43 1.0
355 43 1.0
356 43 1.0
357 43 1.0
358 43 1.0
359 43 1.0
360 43 1.0
361 43 1.0
362 43 1.0
363 43 1.0
364 43 1.0
365 43 1.0
366 43 1.0
367 54 0.00037947979469530555
367 43 0.9996205202053047
368 43 0.9976119102468869
368 54 0.0023880897531131516
369 43 1.0
370 43 1.0
371 43 1.0
372 43 0.0034110089822171246
372 54 0.9965889910177829
373 54 1.0
374 54 1.0
375 54 1.0
376 54 1.0
377 3 0.999125034888308
377 43 0.000874965111692079
378 3 1.0
379 3 1.0
380 3 1.0
381 3 1.0
382 3 1.0
383 43 1.0
384 43 1.0
385 3 1.0
386 43 1.0
387 3 1.0
388 3 1.0
389 3 1.0
390 3 1.0
391 3 1.0
392 3 1.0
393 3 1.0
394 3 1.0
395 43 0.00045954469463162136
395 3 0.9995404553053684
396 3 1.0
397 3 1.0
398 3 1.0
399 3 1.0
400 3 1.0
401 3 1.0
402 43 1.0
403 3 1.0
404 43 0.46223250780820946
404 3 0.5377674921917907
405 3 1.0
406 3 1.0
407 3 1.0
408 3 1.0
409 3 1.0
410 3 0.9912449621295059
410 43 0.008755037870494215
411 3 1.0
412 3 0.9997993180166174
412 43 0.00020068198338265195
413 3 1.0
414 3 1.0
415 3 1.0
416 43 1.0
417 3 1.0
418 3 1.0
419 43 1.0
420 3 1.0
421 3 0.00397377755670435
421 43 0.9960262224432958
422 43 1.0
423 3 1.0
424 3 1.0
425 43 1.0
426 3 1.0
427 3 1.0
428 3 1.0
429 3 1.0
430 3 1.0
431 43 1.0
432 3 1.0
433 3 1.0
434 3 1.0
435 3 1.0
436 3 1.0
437 3 1.0
438 3 1.0
439 43 1.0
440 3 1.0
441 3 1.0
442 3 1.0
443 3 1.0
444 3 1.0
445 3 1.0
446 3 0.003750626509547848
446 43 0.9962493734904522
447 3 1.0
448 43 1.0
449 3 1.0
450 3 1.0
451 3 1.0
452 43 0.9985238866755609
452 3 0.0014761133244391277
453 3 1.0
454 43 1.0
455 43 0.9994075073916875
455 3 0.0005924926083124625
456 3 0.0036108834583893825
456 43 0.9963891165416106
457 3 1.0
458 3 1.0
459 3 1.0
460 3 1.0
461 3 1.0
462 3 1.0
463 3 1.0
464 3 1.0
465 3 1.0
466 3 1.0
467 3 1.0
468 3 1.0
469 3 1.0
470 3 1.0
471 3 1.0
472 3 1.0
473 3 1.0
474 3 1.0
475 3 1.0
476 3 1.0
477 3 1.0
478 3 1.0
479 3 1.0
480 3 1.0
481 3 1.0
482 3 1.0
483 3 1.0
484 3 1.0
485 3 1.0
486 3 1.0
487 3 1.0
488 3 1.0
489 3 1.0
490 3 1.0
491 3 1.0
492 3 1.0
493 3 1.0
494 3 1.0
495 3 1.0
496 3 1.0
497 3 1.0
498 3 1.0
499 3 1.0
500 3 1.0
501 14 0.9999997697188971
501 33 2.3028110277179643e-07
502 60 1.0
503 14 0.9998017654679807
503 60 0.00019823453201920607
504 31 0.19242469552511182
504 59 0.10975893592420942
504 42 0.6350235620947844
504 60 0.06279280645589454
505 33 1.0
506 24 1.0
507 55 1.0
508 60 0.02399296666007942
508 59 0.9760070333399207
509 59 1.0
510 55 1.0
511 61 0.25162228923824964
511 14 0.7483777107617504
512 24 1.0
513 31 0.7302648252587417
513 59 0.2697351747412583
514 60 0.10875283948432349
514 59 0.8912471605156765
515 55 0.542319221210893
515 9 0.45768077878910696
516 24 1.0
517 42 0.0008018719619836488
517 61 0.9991981280380164
518 34 0.5043896959447505
518 31 0.4956103040552497
519 55 0.9995441465441833
519 14 0.0004558534558165456
520 61 1.0
521 52 0.2046504366944304
521 61 0.7942904219323589
521 26 0.001059141373210662
522 24 1.0
523 55 1.0
524 14 1.0
525 14 0.0003444426919645736
525 33 0.9996555573080353
526 52 0.011879709705978273
526 61 0.9881202902940218
527 33 0.0039278584376314235
527 24 1.0407383421315148e-06
527 14 0.9928749371137974
527 55 0.0031961637102289643
528 14 0.9736489613280598
528 33 0.02635103867194022
529 59 0.004055564889090214
529 14 0.9957732110169382
529 55 0.00017122409397158153
530 33 1.0
531 55 1.0
532 61 0.1576009907633788
532 14 0.14887223366045063
532 42 0.028011146935904088
532 60 0.6655156286402664
533 14 1.0
534 14 0.0001472270898964971
534 60 0.9998527729101034
535 9 0.8140851522795347
535 55 0.1859148477204653
536 33 1.0
537 14 1.0
538 24 0.9999477004043837
538 55 5.2299595616366803e-05
539 55 1.0
540 24 0.024537915074111297
540 55 0.9754620849258887
541 55 1.0
542 61 0.23915907609454426
542 52 0.7608409239054558
543 14 2.5718969510699624e-05
543 59 0.9999742810304894
544 61 0.2756138094826933
544 60 0.18323332513849924
544 42 0.5411528653788074
545 14 1.0
546 42 0.9536056564367887
546 31 0.04639434356321116
547 42 1.0
548 31 0.4557389697114208
548 42 0.5442610302885792
549 61 1.0
550 42 1.0
551 31 0.0001727025735471055
551 59 0.9998272974264529
552 24 1.0
553 26 0.0003552254228435016
553 33 0.0008633595660200107
553 61 0.9987814150111365
554 55 0.0010789651064176259
554 14 0.9989210348935824
555 31 0.9999427929984384
555 34 5.720700156175921e-05
556 33 0.5367423337603233
556 14 0.46325766623967685
557 14 1.0
558 14 1.0
559 31 0.15321905477120693
559 42 0.25929679393859534
559 59 0.5874841512901976
560 14 0.18342255910870325
560 33 0.8165774408912967
561 55 1.0
562 9 2.449861875341294e-05
562 55 0.9999755013812466
563 61 1.0
564 61 0.7502693226871074
564 52 0.0003523212564806172
564 26 0.24937835605641184
565 9 0.13655494304293442
565 55 0.8634450569570656
566 42 0.08630345063273505
566 31 0.9136965493672649
567 24 1.0
568 34 1.0
569 14 0.9986412570724167
569 59 0.0013587429275832108
570 55 0.0017190744803723661
570 24 0.9982809255196277
571 26 0.0011257647897085176
571 52 0.9988742352102914
572 31 0.9998968325820213
572 34 0.00010316741797874096
573 55 0.03341323392269702
573 59 0.9665867660773029
574 14 0.9205339955761631
574 33 0.07946600442383685
575 59 0.0009759823937332868
575 55 0.9990240176062668
576 14 0.07898433100526767
576 61 0.9210156689947324
577 24 0.00021191636102044434
577 55 0.9997880836389796
578 24 0.003482487623971022
578 33 0.996517512376029
579 24 0.9993204720324934
579 55 0.0006795279675065913
580 24 1.0
581 61 1.0
582 24 0.9967773659131308
582 55 0.0032226340868691276
583 31 0.0808268215718531
583 34 0.63864039728183
583 59 0.280532781146317
584 24 1.0
585 42 0.1522011938036518
585 60 0.8477988061963482
586 55 1.0
587 34 1.0
588 55 1.0
589 33 0.10829612056780386
589 14 0.8917038794321961
590 14 0.001288260965743086
590 55 0.9987117390342569
591 61 3.158407680435609e-05
591 14 0.9999684159231957
592 59 0.9944960667475921
592 14 0.0006837706517226612
592 60 0.00482016260068529
593 61 0.9998562894097652
593 52 0.0001437105902348022
594 60 1.0
595 59 1.0
596 55 1.0
597 9 0.45465881266351843
597 55 0.5450045356348918
597 59 0.00033665170158989733
598 26 0.038848554713875924
598 52 0.961151445286124
599 14 1.3637028337010528e-05
599 55 0.725616913505356
599 24 0.2743692409683106
599 33 2.084979964255552e-07
600 61 0.9829094141768937
600 14 0.007498173590195675
600 60 0.009592412232910701
601 55 0.0006607333528110491
601 14 0.999339266647189
602 14 1.0
603 60 0.0002914698541470654
603 61 0.999576051091794
603 42 0.00013247905405898265
604 14 1.0
605 34 1.0
606 24 1.0
607 42 0.9965128051243413
607 61 0.0034871948756588144
608 26 0.42068629285236764
608 61 0.5793137071476323
609 24 6.06338269409712e-05
609 55 0.999939366173059
610 55 1.0
611 55 0.00021873935850752677
611 9 0.0008506515754022729
611 59 0.99893060906609
612 24 1.0
613 24 0.9997776783072579
613 33 0.0002168256209992203
613 55 5.496071742872373e-06
614 24 1.0
615 61 1.0
616 33 1.0
617 42 1.0
618 14 0.0006761981345116818
618 55 0.9993238018654884
619 59 0.0022103226612394814
619 55 0.9973588808500057
619 14 0.0004307964887549436
620 55 0.001431712481416762
620 14 0.9985682875185833
621 55 0.018941807295965264
621 24 0.9810581927040348
622 55 0.7561792163779505
622 9 0.24382078362204943
623 14 1.0
624 61 1.0
625 14 0.0012299392129858447
625 55 0.0005350511094799481
625 59 0.9982350096775342
626 55 0.0015148653416062231
626 14 0.9984851346583937
627 8 0.0002040984211270013
627 59 7.461706107191945e-08
627 34 0.9997958269618119
628 33 1.0
629 14 1.0
630 61 1.0
631 24 0.9911802678942259
631 55 0.008819732105774145
632 55 1.0
633 61 0.0004647880433716431
633 26 8.610060321682598e-05
633 52 0.9994491113534116
634 55 1.0
635 14 0.9988784847508555
635 55 0.001121515249144491
636 14 1.0
637 14 0.9994333132213241
637 55 0.0005666867786758343
638 14 1.0
639 14 1.0
640 14 0.9967071370175894
640 55 0.0032928629824106053
641 14 1.0
642 14 1.0
643 14 1.0
644 14 1.0
645 14 1.0
646 60 0.915932483597473
646 42 1.9946660275669076e-05
646 59 0.08404756974225126
647 60 0.29468675509744197
647 14 0.705313244902558
648 14 0.3384564741020629
648 60 0.6615435258979372
649 60 1.0
650 14 0.05465509231816866
650 60 0.9453449076818313
651 60 1.0
652 60 1.0
653 59 0.00048727222924216894
653 60 0.8599373211236166
653 14 0.1395754066471412
654 7 1.0
655 7 1.0
656 33 1.0
657 7 0.6200064697793147
657 26 0.3799935302206853
658 33 1.0
659 7 0.9999443490412857
659 33 5.565095871429034e-05
660 33 7.815789271326405e-06
660 7 0.9999921842107288
661 7 1.0
662 7 1.0
663 33 1.0
664 24 1.904439817803161e-05
664 33 0.9990684983950505
664 7 0.0009124572067713458
665 33 0.0019157644215376266
665 7 0.9980842355784624
666 7 1.0
667 33 1.0
668 7 1.0
669 7 1.0
670 26 0.9999754120642322
670 33 2.4587935767732416e-05
671 14 4.750818512818592e-05
671 33 0.9998111575406908
671 61 0.00014133427418098836
672 33 1.0
673 33 1.0
674 33 0.9969787229339754
674 7 0.0030212770660246854
675 7 0.9999777629181705
675 4 2.2237081829511338e-05
676 7 1.0
677 26 0.4143233746915146
677 33 0.5856766253084853
678 33 1.0
679 7 1.0
680 7 1.0
681 26 0.9997875014904535
681 33 0.0002124985095463957
682 7 0.9996771182533717
682 4 0.0003228817466283053
683 33 1.0
684 26 1.0
685 33 1.0
686 7 1.0
687 7 0.8092743889394275
687 26 0.19072561106057245
688 33 1.0
689 7 1.0
690 33 1.0
691 7 1.0
692 33 5.820144470709549e-05
692 7 0.999941798555293
693 7 1.0
694 7 0.00047171760883754453
694 33 0.9995282823911625
695 33 1.0
696 33 1.0
697 7 1.0
698 33 1.0
699 7 0.1394259158621523
699 26 0.8605740841378476
700 7 1.0
701 7 1.0
702 4 0.07237320514771156
702 7 0.9276267948522885
703 26 1.0
704 14 0.015843704990854673
704 33 0.9841562950091454
705 7 1.0
706 7 0.0001561402520596786
706 33 0.9998438597479402
707 7 1.0
708 7 0.7704385867244726
708 26 0.22206944792435065
708 33 0.007491965351176826
709 7 1.0
710 33 0.8537111662195933
710 26 0.1462498835657005
710 61 3.8950214706252545e-05
711 33 0.0345049183501242
711 14 0.6244884657340225
711 61 0.34100661591585335
712 33 1.0
713 7 1.0
714 7 1.0
715 33 1.0
716 26 1.0
717 7 1.0
718 33 0.001913976473701115
718 7 0.9980860235262989
719 33 0.48406390014777045
719 7 0.5159360998522297
720 7 1.0
721 33 1.0
722 7 0.7178756250193205
722 4 0.2821243749806795
723 7 1.0
724 33 1.0
725 7 1.0
726 7 1.0
727 7 1.0
728 33 4.079921111695675e-05
728 7 0.999959200788883
729 7 1.0
730 33 0.9999966574588678
730 7 3.3425411322379408e-06
731 7 1.0
732 7 1.0
733 7 0.9999962399373162
733 33 3.7600626837751055e-06
734 61 8.7748951171024e-05
734 33 0.999912251048829
735 7 1.0
736 27 1.0
737 24 1.0
738 24 1.0
739 27 1.0
740 27 1.0
741 53 0.0018094142724013479
741 27 0.9981905857275987
742 27 1.0
743 24 1.0
744 27 1.0
745 7 1.0
746 24 1.0
747 24 1.0
748 49 1.0
749 49 1.0
750 24 1.0
751 27 1.0
752 24 1.0
753 53 0.000868606494787314
753 27 0.9991313935052127
754 7 1.0
755 27 0.0003582638658174923
755 24 0.9996321004730598
755 33 9.63566112270202e-06
756 27 1.0
757 7 1.0
758 24 1.0
759 24 1.0
760 27 0.8508615006277863
760 53 0.14913849937221374
761 27 0.926154351407418
761 53 0.0738456485925819
762 24 1.0
763 27 1.0
764 27 1.0
765 49 0.09096993233735526
765 7 0.9090300676626448
766 49 1.0
767 27 1.0
768 27 0.7789543733460474
768 24 0.22104562665395247
769 7 1.0
770 7 1.0
771 49 1.0
772 49 0.9998486240885613
772 7 0.00015137591143869725
773 49 1.0
774 7 1.0
775 53 0.9942491837981554
775 27 0.005750816201844656
776 53 0.0003609707600589939
776 27 0.999639029239941
777 24 1.0
778 4 0.09547810555045932
778 7 0.5544426686570071
778 49 0.3500792257925337
779 24 0.3363661599886307
779 27 0.6636338400113694
780 27 1.0
781 27 1.0
782 24 0.14987867218689976
782 27 0.8501213278131003
783 27 1.0
784 27 1.0
785 49 1.0
786 49 1.0
787 27 1.0
788 27 1.0
789 27 1.0
790 53 0.01695983725727543
790 27 0.9830401627427245
791 24 0.43727068562629823
791 27 0.5627293143737018
792 27 1.0
793 49 0.9976491443377412
793 7 0.0023508556622588578
794 7 0.8520743034023548
794 49 0.14792569659764512
795 27 1.0
796 27 1.0
797 27 1.0
798 27 1.0
799 27 1.0
800 27 1.0
801 4 1.0
802 4 1.0
803 4 1.0
804 49 0.2970874367265892
804 4 0.7029125632734108
805 4 0.9999144817449062
805 7 1.5385928038952088e-06
805 49 8.397966228998261e-05
806 4 1.0
807 4 1.0
808 4 0.17233758120468298
808 7 0.827662418795317
809 4 1.0
810 4 0.17086957246137063
810 49 0.8291304275386294
811 4 1.0
812 4 1.0
813 4 1.0
814 4 1.0
815 49 0.0004261423937060392
815 4 0.9995738576062939
816 4 1.0
817 7 0.6067061196048122
817 4 0.39329388039518776
818 4 1.0
819 4 1.0
820 4 1.0
821 4 1.0
822 4 0.0005846992514211448
822 49 0.9994153007485789
823 4 1.0
824 4 1.0
825 4 1.0
826 4 1.0
827 4 1.0
828 4 1.0
829 4 1.0
830 26 0.008402635012123768
830 4 0.7039750370555025
830 7 0.28762232793237386
831 4 1.0
832 4 0.19925488797299665
832 26 0.8007451120270034
833 4 1.0
834 4 0.9992782554467505
834 7 0.0007217445532494559
835 4 1.0
836 4 1.0
837 4 1.0
838 4 1.0
839 4 1.0
840 4 1.0
841 4 1.0
842 49 1.0
843 4 1.0
844 26 0.6073665524926821
844 4 0.39263344750731805
845 4 0.999986303359266
845 49 1.369664073399403e-05
846 4 1.0
847 4 1.0
848 49 0.9272950044948028
848 4 0.07270499550519716
849 4 1.0
850 4 1.0
851 4 1.0
852 4 0.8200244613979107
852 49 0.17997553860208934
853 4 1.0
854 4 1.0
855 4 0.9935181911043474
855 7 0.006481808895652567
856 7 0.0006574322011591955
856 4 0.9993425677988409
857 4 0.9999696761681476
857 7 3.0323831852366823e-05
858 4 1.0
859 4 1.0
860 59 0.0024259966868420595
860 8 0.9975740033131579
861 8 0.008885395819724471
861 59 0.9864100210339077
861 9 0.004704583146367801
862 9 0.004588857542046195
862 59 0.0028719336724339975
862 8 0.9925392087855199
863 29 0.00480379636508976
863 8 0.9951962036349103
864 9 1.0
865 34 1.3280064685365996e-05
865 8 0.9999867199353147
866 8 1.0
867 34 0.9984635178280398
867 29 0.0015364821719602432
868 8 1.0
869 8 1.0
870 9 1.0
871 8 1.0
872 9 1.0
873 9 1.0
874 8 0.0006753014291299531
874 59 0.99932469857087
875 9 1.0
876 8 1.0
877 8 3.9339373382559494e-05
877 9 0.9999606606266175
878 8 0.0011161809008336672
878 9 0.7587502840110871
878 59 0.24013353508807908
879 59 0.9997836933393467
879 8 6.233937459857041e-05
879 9 0.00015396728605469114
880 9 1.0
881 59 1.0
882 9 0.999716676147335
882 59 0.0002833238526650149
883 59 0.9911671556313841
883 8 0.008803164775420357
883 34 2.9679593195404396e-05
884 29 0.028174335952024523
884 8 0.9718256640479755
885 9 1.0
886 9 1.0
887 59 0.0005651117654137288
887 8 0.00035647978920252493
887 9 0.9990784084453836
888 8 0.0007456496041616165
888 9 0.9992543503958384
889 8 5.620228307391405e-05
889 29 0.00018143057997513622
889 34 0.9997623671369509
890 8 1.0
891 8 0.013460825667233813
891 9 0.9865391743327662
892 8 1.0
893 8 0.9994149896860627
893 59 0.000585010313937222
894 29 0.00028707453641643716
894 58 0.10316729447347489
894 35 5.8637093148842834e-05
894 30 0.00013351091091820034
894 34 0.8963534829860417
895 9 1.0
896 59 1.0
897 8 0.0010296763794921558
897 34 0.0006825275642702588
897 29 0.9982877960562376
898 29 0.9991036313384718
898 34 0.0008963686615281478
899 8 0.992453612979879
899 29 0.007546387020120898
900 29 1.0
901 34 0.002204898099729401
901 8 0.9977951019002707
902 8 0.0281666450462667
902 29 0.9718333549537332
903 29 1.0
904 59 1.0
905 8 1.0
906 9 0.9996909060511728
906 8 0.00030909394882705596
907 8 1.0
908 59 1.0
909 34 1.0
910 9 1.0
911 59 1.0
912 8 0.015384696198948531
912 29 0.9846153038010514
913 9 0.002401983173114141
913 59 0.997598016826886
914 29 1.0
915 9 1.0
916 8 1.0
917 34 3.086408144245374e-05
917 8 0.9949663741978753
917 59 0.005002761720682261
918 9 0.00015085739732355796
918 8 0.0004576886996995782
918 29 0.9993914539029768
919 59 1.0
920 8 1.0
921 8 1.0
922 9 1.0
923 23 1.0
924 23 1.0
925 23 1.0
926 23 0.9571690210775811
926 29 0.04283097892241894
927 30 0.008117188918091158
927 29 0.22454340930913647
927 23 0.7673394017727724
928 29 0.4775175273530107
928 30 0.5224824726469893
929 58 0.10688667250879029
929 30 0.8931133274912098
930 58 5.8273000727570886e-05
930 30 0.9999417269992724
931 30 1.0
932 23 1.0
933 23 1.0
934 30 0.9593249515369807
934 23 0.04067504846301925
935 23 1.0
936 58 1.0
937 30 4.5448049115810556e-05
937 23 0.9999545519508841
938 23 0.9911876298379825
938 29 0.008812370162017425
939 30 1.0
940 35 1.3398013885056453e-05
940 58 0.9999866019861149
941 29 1.0
942 23 1.0
943 58 0.028148675390221693
943 30 0.9718513246097784
944 29 1.0
945 23 1.0
946 23 0.9999999971537455
946 30 2.8462544968005952e-09
947 23 1.0
948 29 1.0
949 30 1.0
950 30 1.0
951 29 0.9998653145928055
951 23 0.0001346854071946003
952 29 1.0
953 29 1.0
954 29 0.8498695945218677
954 23 0.1501304054781322
955 30 1.0
956 29 0.9995878342004727
956 30 0.0004121657995272535
957 29 1.0
958 23 1.0
959 30 1.0
960 23 0.9809049609420303
960 30 0.019095039057969578
961 29 1.0
962 58 0.0007985682995975692
962 30 0.9992014317004024
963 23 1.0
964 23 1.0
965 29 1.0
966 29 1.0
967 23 1.0
968 29 1.0
969 58 1.0
970 30 1.0
971 58 0.9997988163682185
971 30 0.00020118363178146334
972 23 0.0005622579609611084
972 30 0.9994377420390388
973 30 1.0
974 29 0.005604625480017813
974 23 0.9943953745199822
975 30 0.0007905484227284873
975 58 0.9992094515772715
976 29 1.0
977 29 1.0
978 30 1.0
979 29 0.999714071224512
979 30 0.0002859287754880819
980 23 1.0
981 23 1.0
982 58 0.15731031925541564
982 30 0.8426896807445843
983 23 0.948659541885456
983 30 0.05134045811454407
984 29 0.2476643198596324
984 30 0.7523356801403677
985 23 1.0
986 30 0.6992195229692754
986 58 0.30056585503071004
986 34 0.0002146220000146965
987 29 1.0
988 23 4.4101339938057355e-05
988 30 0.9999049170984696
988 29 5.098156159225072e-05
989 23 1.0
990 29 1.0
991 29 1.0
992 23 0.00023030661345204334
992 29 0.999769693386548
993 29 1.0
994 47 1.0
995 19 0.9993939241774128
995 47 0.000606075822587175
996 19 1.0
997 19 1.0
998 51 0.00045733565679971104
998 19 0.006981029177049099
998 47 0.9925616351661511
999 51 0.9998649064830516
999 46 0.00013509351694851937
1000 51 0.0016576841767359496
1000 47 0.998342315823264
1001 51 5.074532435875919e-06
1001 40 0.5998131720975414
1001 47 0.40018172535726587
1001 46 2.8012756965819656e-08
1002 47 1.0
1003 40 0.9997743568421613
1003 46 0.0002256431578387003
1004 19 0.9997120442086752
1004 47 0.00022992329268347513
1004 51 5.803249864134844e-05
1005 1 0.0006928079073414598
1005 19 0.9993071920926586
1006 40 0.9734542856433736
1006 47 0.02654571435662642
1007 47 0.0003302292048476604
1007 51 0.9996697707951523
1008 46 1.9066706492966042e-07
1008 40 0.9602582313429632
1008 47 0.03974157798997194
1009 51 9.933051066355807e-07
1009 47 0.9999990066948934
1010 25 0.8333855940534127
1010 22 0.16661440594658733
1011 47 0.9980677176696208
1011 51 0.0019322823303793038
1012 51 0.38192327680431254
1012 46 0.6180767231956875
1013 51 1.0
1014 6 0.058318172883117816
1014 19 0.08724848719156751
1014 25 0.8544333399253147
1015 47 1.0
1016 47 0.05085389544224284
1016 40 0.4630357145623689
1016 25 0.13975031378599212
1016 22 0.3463600762093962
1017 25 0.39886098194039166
1017 6 0.600781475802459
1017 5 0.0003575422571492837
1018 40 2.5385192195267803e-05
1018 46 0.9999746148078047
1019 47 0.9999999435593406
1019 40 5.644065947262408e-08
1020 19 0.00024180870836809014
1020 47 0.999758191291632
1021 40 1.0
1022 6 1.0
1023 25 0.00021195176332013826
1023 47 0.9997880482366799
1024 10 7.91393296069233e-08
1024 19 0.9999999208606704
1025 47 1.0
1026 6 0.9999907705327045
1026 25 9.229467295497766e-06
1027 19 7.714795317520602e-07
1027 47 1.3127965285894263e-12
1027 51 0.9999992285191555
1028 6 3.460545698486226e-05
1028 19 0.9999653945430153
1029 40 0.7817886217173012
1029 22 0.2182113782826988
1030 19 0.013751354238846939
1030 6 0.9861742285976003
1030 25 7.4417163552621e-05
1031 19 0.04267704312839127
1031 51 0.9573229568716087
1032 51 1.0
1033 25 0.8599264201081437
1033 19 0.00986180658027082
1033 47 0.1302117733115855
1034 47 1.0
1035 47 0.5901501008160985
1035 19 0.40984989918390147
1036 6 0.00012800949595821607
1036 19 0.9998719905040417
1037 40 0.5071823691624237
1037 47 0.4928176308375763
1038 36 0.010767400543121353
1038 51 0.9892325994568787
1039 47 1.0
1040 25 1.0
1041 47 1.0
1042 47 1.0
1043 6 0.0763965712439848
1043 19 0.9236034287560152
1044 25 1.0
1045 6 1.0
1046 51 1.0
1047 40 0.020883324688342444
1047 47 0.9791166753116575
1048 47 1.0
1049 47 1.0
1050 51 0.16018668549008724
1050 19 0.8398133145099127
1051 19 0.0018991055043071226
1051 47 0.9981008944956928
1052 19 1.0
1053 51 1.0
1054 51 1.0
1055 47 1.0
1056 1 1.5341162370218132e-05
1056 19 0.9999846588376299
1057 19 1.0
1058 47 1.0
1059 40 0.8326714204905782
1059 47 0.1673285795094219
1060 46 1.0
1061 22 1.0
1062 51 0.9915078465635037
1062 19 0.008492153436496327
1063 51 1.0
1064 47 0.001014386627300675
1064 51 0.9989856133726993
1065 40 1.0
1066 51 0.7180191704301416
1066 47 0.2819808295698584
1067 25 0.00015094326098554332
1067 22 0.9998490567390145
1068 47 1.0
1069 1 8.94118757904621e-06
1069 19 0.9997229546512747
1069 10 0.0002681041611462472
1070 47 0.303390332333625
1070 25 0.696609667666375
1071 51 1.0
1072 19 0.4413767623763265
1072 10 0.5586232376236736
1073 51 1.0
1074 36 0.0003802662102735168
1074 51 0.9996197337897265
1075 10 0.9031896695271321
1075 1 0.09651116037868436
1075 19 0.00029917009418355275
1076 19 1.0
1077 1 0.9997301071013829
1077 10 3.2533822418314726e-05
1077 19 0.0002373590761986038
1078 47 0.8493624728790614
1078 19 0.15063752712093859
1079 19 7.242962906498867e-05
1079 47 0.999927570370935
1080 22 1.0
1081 19 0.9859609042250251
1081 10 0.009225447235056155
1081 51 0.004813648539918821
1082 46 1.0
1083 22 0.00015665842877294494
1083 47 0.04808968521925633
1083 25 0.9515311574712606
1083 40 0.00022249888071013067
1084 25 0.3154197265698802
1084 47 0.6845802734301198
1085 19 1.0
1086 40 9.194767314848033e-10
1086 46 0.9999999990805233
1087 40 1.0
1088 47 1.0
1089 10 1.2090951454709065e-06
1089 1 0.9999987795859069
1089 48 1.1318947873277313e-08
1090 19 0.9823447656350411
1090 47 0.017655234364958885
1091 51 1.0
1092 47 1.0
1093 47 1.0
1094 47 1.0
1095 47 1.0
1096 47 1.0
1097 47 1.0
1098 47 1.0
1099 47 1.0
1100 47 1.0
1101 47 1.0
1102 47 1.0
1103 47 1.0
1104 47 1.0
1105 47 1.0
1106 47 1.0
1107 46 1.0
1108 51 1.0
1109 46 0.999976757271505
1109 38 2.3242728494906088e-05
1110 35 0.0312806558892974
1110 46 0.9687193441107026
1111 38 1.0
1112 46 1.0
1113 38 0.26315706152597484
1113 46 0.7368429384740253
1114 40 1.0
1115 38 0.9975412442386637
1115 35 0.002458755761336308
1116 46 0.9978958668382714
1116 52 7.094288656006259e-07
1116 40 0.0021034237328630954
1117 40 1.0
1118 52 1.0
1119 46 0.7498919131952527
1119 51 0.011863533893421579
1119 38 0.23824455291132562
1120 52 0.023063954801946358
1120 61 0.0005184715194341003
1120 42 0.9764175736786196
1121 46 0.9999208994357437
1121 35 7.34262182128376e-05
1121 52 5.674346043489604e-06
1122 46 1.0
1123 35 0.00024549677451060213
1123 61 0.0001304505098065422
1123 52 0.9990426647599426
1123 42 0.000581387955740256
1124 46 1.0
1125 46 0.3931521759151449
1125 35 0.606847824084855
1126 46 1.0
1127 34 0.000309223695829166
1127 35 0.9989260423446565
1127 46 0.0007647339595141487
1128 38 1.0
1129 52 1.0
1130 38 1.0
1131 46 1.0
1132 35 0.27721143611428845
1132 31 0.7227885638857117
1133 35 0.999852734210342
1133 34 0.00014726578965795837
1134 40 0.8211321685155611
1134 22 0.17886783148443888
1135 52 1.0
1136 40 1.0
1137 22 3.2779937390778047e-07
1137 40 7.596525148670924e-09
1137 52 0.999999664604101
1138 52 1.0
1139 35 0.7822020436290157
1139 38 4.78084460308577e-05
1139 46 0.21773008600817106
1139 34 2.006191678226231e-05
1140 31 0.06113891699449767
1140 35 0.1889834558727806
1140 42 0.7498596406673144
1140 52 1.798646540739329e-05
1141 35 0.9999566780543165
1141 46 4.332194568351255e-05
1142 46 1.0
1143 52 1.0
1144 38 1.0
1145 38 1.0
1146 40 1.0
1147 52 1.0
1148 35 1.0
1149 35 0.017172974412827762
1149 46 0.9828270255871723
1150 35 0.0013506355020234235
1150 31 0.000155307964690711
1150 34 0.9984940565332858
1151 46 1.0
1152 46 1.0746737266460647e-06
1152 40 0.9999989253262734
1153 52 0.004843115453954998
1153 35 0.995156884546045
1154 34 0.9992471375241765
1154 35 0.0007528624758235946
1155 52 0.15330339357413364
1155 42 1.9888000780994095e-05
1155 35 0.8466767184250853
1156 46 1.0
1157 46 1.0
1158 52 2.9470484612071697e-06
1158 40 0.9999970529515387
1159 31 9.568856321999313e-05
1159 42 3.797547769802909e-05
1159 35 0.9998663359590821
1160 58 1.2490484581545069e-05
1160 51 0.00020529012408890875
1160 38 0.6128873154028693
1160 34 2.1754790626326807e-05
1160 36 3.406571623639064e-05
1160 35 0.38683908348159757
1161 38 0.9993891651958703
1161 35 0.0006108348041298219
1162 40 0.9383615656837224
1162 46 0.06163843431627751
1163 46 1.0
1164 38 1.0
1165 35 1.0
1166 35 1.0
1167 40 1.0
1168 46 0.0006870540925095836
1168 40 0.9993129459074904
1169 42 1.0
1170 52 0.5147178330720712
1170 22 0.4851609170130376
1170 40 0.00012124991489106058
1171 35 0.09668779570612153
1171 46 0.9033122042938785
1172 52 1.0
1173 35 1.0
1174 46 1.0
1175 40 0.9971914404125548
1175 46 0.002808559587445107
1176 35 0.9992183732465776
1176 34 8.986086562996851e-05
1176 46 0.00012665406308549773
1176 38 0.0005651118247067896
1177 40 0.7245794487451669
1177 46 0.275420551254833
1178 46 1.0
1179 40 0.13064549585119786
1179 46 0.8693545041488021
1180 42 1.0
1181 35 0.8740195830102161
1181 46 0.12598041698978377
1182 38 0.9981636311201119
1182 35 0.001278087312126629
1182 46 0.0005582815677616207
1183 35 0.002037123429052779
1183 46 0.9979628765709473
1184 34 1.0
1185 36 8.722713507779173e-06
1185 51 0.7614458531371686
1185 38 0.2385454241493236
1186 35 0.1889467222988521
1186 46 0.8110532777011479
1187 35 0.4098106063619521
1187 52 0.590189393638048
1188 46 1.0
1189 46 1.0
1190 52 1.0
1191 42 0.22740038266564586
1191 31 0.7724617428595578
1191 35 0.00013787447479630995
1192 31 0.0027460388087161974
1192 34 2.2522727960642618e-05
1192 35 0.997231438463323
1193 46 0.8205648894711072
1193 35 0.1794351105288928
1194 52 0.012378037659103815
1194 61 0.9337596313370161
1194 42 0.05386233100387992
1195 22 0.9344972283284603
1195 40 0.06550277167153966
1196 40 0.0014809789176118693
1196 46 0.9985190210823881
1197 40 0.0002902060213292942
1197 22 0.9997097939786708
1198 52 0.9998632365939303
1198 35 0.00013676340606964786
1199 46 1.0
1200 35 0.04527582437825729
1200 34 8.11597005019879e-07
1200 31 0.9547233640247377
1201 46 0.6454122407363715
1201 38 0.3545877592636285
1202 35 1.0
1203 38 1.0
1204 35 1.0
1205 46 1.0
1206 40 5.441999631264775e-06
1206 46 0.9999945580003687
1207 46 1.0
1208 46 0.9259335523210844
1208 40 0.07406644767891543
1209 51 0.0028856607864341127
1209 46 0.997114339213566
1210 40 1.0
1211 46 6.571586335091484e-05
1211 22 0.0731755499621269
1211 40 0.7698181210814358
1211 52 0.15694061309308643
1212 46 1.0
1213 52 1.0
1214 38 0.9651566793878211
1214 46 0.03484332061217874
1215 46 1.0
1216 40 0.11471813770643124
1216 46 0.00018871751960918665
1216 35 0.3919156935556891
1216 52 0.49317745121827045
1217 46 1.0
1218 38 8.109070838787274e-06
1218 46 5.1652684164646126e-05
1218 51 0.9999402382449966
1219 46 1.0
1220 46 1.0
1221 46 0.994101562935577
1221 35 0.005898437064422913
1222 35 0.33030191650366025
1222 46 0.6696980834963399
1223 36 0.94006245426061
1223 38 0.059937545739390155
1224 36 1.0
1225 36 1.0
1226 36 1.0
1227 36 1.0
1228 36 1.0
1229 36 0.8805682478140278
1229 58 0.11943175218597228
1230 36 1.0
1231 58 0.9999029779204643
1231 30 9.702207953557263e-05
1232 58 1.0
1233 36 1.0
1234 36 1.0
1235 58 1.0
1236 36 1.0
1237 36 0.5887785726380375
1237 38 0.4112214273619626
1238 38 1.0
1239 58 1.0
1240 36 1.0
1241 58 1.0
1242 36 1.0
1243 58 1.0
1244 38 0.8815431089373995
1244 36 0.11845689106260048
1245 36 1.0
1246 58 1.0
1247 58 1.0
1248 36 1.0
1249 58 1.0
1250 36 1.0
1251 36 1.0
1252 36 1.0
1253 58 1.0
1254 36 1.0
1255 36 1.0
1256 38 8.963023125160637e-05
1256 36 0.009737789972924573
1256 58 0.9901725797958237
1257 36 1.0
1258 58 0.9925329745182924
1258 36 0.00746702548170754
1259 58 1.0
1260 58 0.37556896445416804
1260 38 0.6243183262752386
1260 35 9.75720868072183e-05
1260 36 1.5137183786096843e-05
1261 36 1.0
1262 36 1.0
1263 58 1.0
1264 58 1.0
1265 30 0.9694716678158276
1265 58 0.03052833218417238
1266 36 1.0
1267 58 1.0
1268 38 0.0002516639735866584
1268 36 0.9980620508928012
1268 51 0.0016862851336120852
1269 58 1.0
1270 36 0.8978821813083092
1270 51 0.10211781869169077
1271 58 0.999854576306247
1271 30 0.00014542369375313092
1272 58 1.0
1273 38 0.8445718840778069
1273 36 0.15542811592219308
1274 58 1.0
1275 58 1.0
1276 58 1.0
1277 58 1.0
1278 35 0.00014061349801518816
1278 38 5.5693019504352875e-05
1278 58 0.9998036934824805
1279 58 0.9996978313359991
1279 30 0.00030216866400088613
1280 36 1.0
1281 36 1.0
1282 36 1.0
1283 58 1.0
1284 58 1.0
1285 58 1.0
1286 58 0.22601391128757883
1286 36 0.7739860887124211
1287 58 1.0
1288 58 1.0
1289 36 0.9297149388946975
1289 38 0.07028506110530243
1290 58 1.0
1291 36 1.0
1292 58 1.0
1293 35 0.0002863272389390455
1293 58 0.9997136727610609
1294 36 0.9999983500789483
1294 58 1.6499210516968465e-06
1295 36 1.0
1296 36 1.0
1297 58 1.0
1298 35 0.00041874101509162774
1298 58 0.9995812589849083
1299 58 1.0
1300 58 1.0
1301 26 0.0001036287145505537
1301 17 0.16852441897459888
1301 22 0.8313719523108505
1302 26 0.9995845153606567
1302 7 0.0004136812261198683
1302 4 1.8034132233885496e-06
1303 5 0.998565536885924
1303 17 0.001434463114075947
1304 26 0.07861029566574372
1304 52 0.017847961777353226
1304 22 0.9034790217562452
1304 17 6.272080065791067e-05
1305 5 1.0
1306 5 0.753488382614853
1306 17 0.034535039111439084
1306 6 0.211976578273708
1307 26 1.0
1308 26 1.0
1309 6 0.00010253441080432989
1309 5 0.9998974655891957
1310 17 1.0
1311 22 0.2622641010397751
1311 17 0.737735898960225
1312 17 1.0
1313 52 0.0035373321193053336
1313 26 0.9964626678806947
1314 26 1.0
1315 26 1.0
1316 26 1.0
1317 26 0.3561811321422609
1317 17 0.6438188678577392
1318 26 1.0
1319 26 0.9999997637906292
1319 4 2.3620937081996348e-07
1320 26 1.0
1321 17 0.7086650294934935
1321 5 0.2913349705065065
1322 26 1.0
1323 26 0.999044721141356
1323 52 0.000955278858643951
1324 52 1.0
1325 17 1.0
1326 17 0.038624882842545734
1326 22 0.9613538748707323
1326 25 2.124228672188627e-05
1327 22 1.0
1328 26 1.0
1329 26 0.999975223302761
1329 17 2.4776697239137436e-05
1330 25 1.0
1331 26 0.999955733183056
1331 61 4.4266816943976354e-05
1332 22 0.3232720872917305
1332 17 0.6767279127082694
1333 26 1.0
1334 17 1.0
1335 25 0.003182939012875766
1335 17 0.9968170609871242
1336 17 1.0
1337 52 1.0
1338 5 0.006108049157324187
1338 17 0.9938919508426758
1339 25 6.424868805034959e-05
1339 22 0.9999357513119496
1340 17 1.0
1341 5 3.4237635257474036e-05
1341 17 0.097972599147399
1341 25 0.9019931632173437
1342 17 0.00013624079728837433
1342 26 0.9998637592027116
1343 26 1.0
1344 52 1.0
1345 52 1.0
1346 22 0.5397735579931005
1346 52 0.4602264420068995
1347 52 1.0
1348 5 0.9193414106162071
1348 17 0.08065858938379282
1349 5 1.0
1350 17 0.8998242754617793
1350 22 0.10017572453822081
1351 22 1.0
1352 52 0.7213127208963752
1352 26 0.27868727910362484
1353 26 0.021881261092597176
1353 52 0.9781187389074028
1354 17 1.0
1355 17 2.2348636817490837e-05
1355 5 0.9999776513631825
1356 22 1.0
1357 22 1.0
1358 17 1.0
1359 52 1.0
1360 17 0.25732904177940324
1360 6 0.00014206253249024966
1360 25 0.1557783314164914
1360 5 0.5867505642716151
1361 52 0.04017177476763815
1361 22 0.0015567981900416587
1361 26 0.9582714270423202
1362 26 1.0
1363 22 0.8053361062717115
1363 17 0.0038846866784110405
1363 25 0.19077920704987733
1364 26 1.0
1365 22 0.4288459524718913
1365 52 0.5711540475281086
1366 22 1.0
1367 5 1.0
1368 26 1.0
1369 26 1.0
1370 26 0.41292117355480745
1370 52 0.5870788264451926
1371 5 0.00031221458135550904
1371 17 0.9996877854186446
1372 26 1.0
1373 52 0.9881550493377659
1373 26 0.011844950662234118
1374 26 1.0
1375 52 1.0
1376 25 0.008139851295841433
1376 17 0.9918601487041586
1377 17 0.0005586344341586609
1377 22 5.60865989602824e-06
1377 25 0.9994357569059452
1378 6 0.2391770047994224
1378 5 0.7608229952005776
1379 17 1.0
1380 17 1.0
1381 17 1.0
1382 17 1.0
1383 17 1.0
1384 17 1.0
1385 28 0.7775666712485463
1385 32 0.0749489239503328
1385 45 0.1474844048011209
1386 12 0.13162496481609434
1386 28 0.823662734429308
1386 32 0.044712300754597624
1387 12 0.0003681879139886816
1387 32 0.9996318120860113
1388 28 1.0
1389 45 1.0
1390 15 2.647110650064735e-08
1390 12 0.8855064180026915
1390 18 0.11360337967944795
1390 28 0.0008901758467540983
1391 32 0.0955770716643582
1391 12 0.9044229283356418
1392 50 2.9987488246327933e-05
1392 45 0.9999700125117537
1393 45 0.0004313391114964103
1393 32 0.9801364605769423
1393 28 0.01943220031156135
1394 32 1.0
1395 18 7.076922716490576e-05
1395 12 0.9458082085180903
1395 15 0.054121022254744806
1396 28 1.0
1397 28 1.0
1398 45 1.0
1399 28 0.9167032904319252
1399 18 0.07687065969303658
1399 12 0.006426049875038037
1400 28 1.0
1401 45 0.000530201433671957
1401 28 0.999469798566328
1402 28 1.0
1403 28 1.0
1404 28 1.0
1405 32 0.9999309063856181
1405 28 6.909361438201211e-05
1406 12 0.8835216820842269
1406 28 0.11647831791577315
1407 12 1.0
1408 12 0.17683781676784172
1408 32 0.8231591488084258
1408 28 3.034423732590613e-06
1409 18 1.0
1410 12 6.916368671197002e-05
1410 18 0.999930836313288
1411 28 1.0
1412 28 1.0
1413 20 1.0
1414 45 0.0005013208653712536
1414 28 0.9994986791346289
1415 12 0.00017960365950192147
1415 28 0.9998203963404981
1416 32 0.98001743879176
1416 12 0.019982561208239987
1417 28 0.9999998640980117
1417 18 1.35901988200822e-07
1418 28 1.0
1419 32 0.8199723864795441
1419 50 0.1800276135204561
1420 28 1.0
1421 18 0.45620894221073693
1421 15 0.5437910577892632
1422 28 1.0
1423 20 0.9999987752640759
1423 18 1.2247359241073546e-06
1424 20 1.0
1425 15 0.4238914194655497
1425 18 0.5761025046752409
1425 12 6.075859209301805e-06
1426 15 0.00012980394100221588
1426 12 0.9998701960589979
1427 45 1.0
1428 28 1.0
1429 28 1.0
1430 28 0.41354592425341297
1430 18 0.586454075746587
1431 28 1.0
1432 28 1.0
1433 12 0.0002767729523073953
1433 28 0.9997232270476927
1434 20 0.2324615920843182
1434 18 0.039124569609499386
1434 28 0.7284138383061824
1435 12 1.0
1436 28 1.0
1437 28 1.0
1438 28 1.0
1439 45 1.0
1440 28 0.0003011572276864055
1440 45 0.9996988427723136
1441 50 0.9999995051491443
1441 45 4.948508556641314e-07
1442 18 1.0
1443 28 1.0
1444 32 0.0025611570725116634
1444 50 0.9974182837199005
1444 45 2.0559207587876634e-05
1445 50 0.19828173146980962
1445 45 0.7716935647877986
1445 32 0.030024703742391624
1446 45 1.0
1447 45 1.0
1448 28 1.0
1449 28 1.0
1450 12 1.0
1451 45 0.9975339096706374
1451 28 0.0024660903293625873
1452 32 0.9875776424533266
1452 50 0.012422357546673462
1453 45 1.0
1454 28 1.0
1455 20 4.5365452565885073e-05
1455 28 0.0015827994015273682
1455 18 0.9983718351459069
1456 12 1.0
1457 45 1.0
1458 45 1.0
1459 28 0.9999976570893335
1459 18 2.342910666466882e-06
1460 20 1.0
1461 28 5.182890153161303e-07
1461 20 0.9999994817109847
1462 18 0.6240875299648315
1462 20 0.37591247003516837
1463 28 0.9997006720166856
1463 12 0.00029932798331441915
1464 18 0.1753584493556117
1464 28 0.8246415506443883
1465 32 1.0
1466 12 0.9556508128311875
1466 28 0.0443491871688125
1467 45 0.00023768223105035893
1467 28 0.9997623177689495
1468 12 1.0
1469 18 1.0
1470 28 1.0
1471 28 1.0
1472 28 2.631277348711727e-05
1472 18 0.9999736872265128
1473 45 1.0
1474 18 0.9999555984708418
1474 28 7.915236635344794e-07
1474 12 4.3610005494575644e-05
1475 45 1.0
1476 28 1.0
1477 28 1.0
1478 28 1.0
1479 28 1.0
1480 28 1.0
1481 28 1.0
1482 28 1.0
1483 28 1.0
1484 28 1.0
1485 28 1.0
1486 28 1.0
1487 28 1.0
1488 28 1.0
1489 28 1.0
1490 28 1.0
1491 28 1.0
1492 28 1.0
1493 28 1.0
1494 28 1.0
1495 28 1.0
1496 28 1.0
1497 28 1.0
1498 28 1.0
1499 28 1.0
1500 28 1.0
1501 28 1.0
1502 45 0.0042238379574326594
1502 28 0.9957761620425674
1503 28 1.0
1504 45 1.0
1505 45 1.0
1506 45 1.0
1507 45 1.0
1508 45 1.0
1509 50 0.9996795676748236
1509 32 0.00032043232517632917
1510 41 0.013691315679386369
1510 39 0.9863086843206136
1511 13 0.9995935902438898
1511 48 0.0004064097561101895
1512 41 0.06998565195131104
1512 32 0.9300080507271422
1512 50 6.2973215468746766e-06
1513 13 0.9151825743004799
1513 2 0.08481742569952012
1514 32 2.4957307593522445e-05
1514 50 0.012357121269364722
1514 41 0.9876179214230418
1515 32 0.9612466581327636
1515 50 0.038753341867236356
1516 39 0.9996237520029806
1516 41 0.0003573644490002743
1516 32 1.8883548019208675e-05
1517 48 1.0
1518 48 1.0
1519 12 0.9984598795767143
1519 39 0.0015401204232855824
1520 41 0.9996354761997577
1520 32 0.0003645238002423488
1521 48 0.9999915273938212
1521 10 8.472606178717337e-06
1522 10 0.9264502811640952
1522 1 0.07354971883590476
1523 39 1.0
1524 15 0.0002468558099632668
1524 39 0.8518734718624786
1524 2 0.1478796723275581
1525 13 1.0
1526 41 1.0
1527 48 0.00027627984839747655
1527 41 0.995123195407698
1527 10 0.004600524743904665
1528 39 1.0
1529 13 0.012642212815252737
1529 48 0.772516491495073
1529 1 0.21484129568967442
1530 39 1.0
1531 50 0.04665867459343983
1531 41 0.9533413254065601
1532 39 0.366284142822131
1532 48 0.633715857177869
1533 41 1.0
1534 41 1.0
1535 48 0.999888066533628
1535 39 0.00011193346637186577
1536 41 0.039923135812577934
1536 50 0.9592355867476354
1536 32 0.0008412774397867016
1537 39 0.010162600054638532
1537 48 0.9898373999453615
1538 48 0.040149050838563585
1538 41 0.8255147021355328
1538 39 0.13433624702590358
1539 41 0.02799786105172202
1539 48 0.972002138948278
1540 41 0.039675602500337234
1540 50 0.9603243974996627
1541 50 1.0
1542 13 1.0
1543 50 1.0
1544 39 1.0
1545 39 0.9965440028524258
1545 12 0.003455997147574103
1546 32 0.9356253098085958
1546 41 0.013819784901090933
1546 39 0.05055490529031314
1547 39 0.8690587759956232
1547 48 0.1309412240043768
1548 32 0.0004144486206994859
1548 39 0.9995855513793006
1549 48 0.20605280255545824
1549 39 0.7939471974445418
1550 48 0.04388255072986396
1550 1 0.03386712814582463
1550 10 0.9222503211243114
1551 41 0.026935174016144866
1551 10 0.9717939081530581
1551 48 0.0012709178307969767
1552 48 1.0
1553 10 1.0
1554 41 0.9995755208171924
1554 48 0.0004244791828076653
1555 13 1.0
1556 39 0.9989665881762727
1556 12 0.0010334118237273226
1557 41 0.9981833074854597
1557 32 0.0002934640433691828
1557 39 0.0015232284711710357
1558 39 1.950423463344807e-05
1558 13 0.27507253692095573
1558 48 0.6750370158605107
1558 2 0.04987094298390006
1559 10 0.9336608338963318
1559 48 0.06633916610366815
1560 41 1.0
1561 10 1.0
1562 39 1.0
1563 41 0.02028082256147095
1563 10 0.979719177438529
1564 1 1.0
1565 48 0.26456551517344873
1565 10 0.7354344848265514
1566 32 0.5753621744546419
1566 12 0.3389547190063456
1566 39 0.0856831065390126
1567 41 1.0
1568 48 1.8064246788789615e-05
1568 13 0.9999819357532111
1569 2 1.0
1570 12 0.9986288524431103
1570 39 0.001371147556889749
1571 48 0.8701404091704895
1571 1 0.12769656230774912
1571 10 0.0021630285217614544
1572 12 0.007057065386548895
1572 39 0.9929429346134512
1573 41 0.9457869681196833
1573 48 0.054213031880316606
1574 15 0.17100523255686317
1574 39 0.00661971607671838
1574 12 0.8223750513664183
1575 48 1.0
1576 39 1.0
1577 1 1.0
1578 10 1.0
1579 41 0.997410788764297
1579 39 0.0025892112357030297
1580 48 0.37577463174545384
1580 13 0.6242253682545461
1581 39 1.0
1582 41 0.9998729665452566
1582 39 0.0001270334547434176
1583 48 1.0
1584 12 1.0
1585 12 1.0
1586 10 1.0
1587 10 1.0
1588 41 1.0
1589 39 0.4022698516654797
1589 48 0.5977301483345202
1590 13 0.03413967335518522
1590 48 0.9658603266448148
1591 41 0.039159766831301755
1591 48 0.9608400323236529
1591 10 2.008450454070884e-07
1592 10 1.0
1593 12 1.0
1594 50 1.0
1595 39 0.4277286872354877
1595 48 7.701071580315176e-05
1595 2 0.5721943020487092
1596 41 0.9948395161576403
1596 10 0.00516048384235972
1597 3 1.0
1598 48 1.0
1599 41 1.0
1600 1 1.0
1601 10 1.0
1602 10 1.0
1603 32 0.07742310288536021
1603 12 0.9225768971146399
1604 39 1.0
1605 41 1.0
1606 41 1.0
1607 41 1.0
1608 41 1.0
1609 41 1.0
1610 41 1.0
1611 41 1.0
1612 41 1.0
1613 41 1.0
1614 41 1.0
1615 41 1.0
1616 41 1.0
1617 41 1.0
1618 41 1.0
1619 41 1.0
1620 41 1.0
1621 41 1.0
1622 41 1.0
1623 41 1.0
1624 41 1.0
1625 41 1.0
1626 41 1.0
1627 41 1.0
1628 41 1.0
1629 20 1.0
1630 18 1.0
1631 15 1.0
1632 15 1.0
1633 15 1.0
1634 20 1.0
1635 15 1.0
1636 20 1.0
1637 15 1.0
1638 15 1.0
1639 20 1.0
1640 15 1.0
1641 20 1.0
1642 18 0.9999999343030493
1642 28 6.569695063783356e-08
1643 20 1.0
1644 15 1.0
1645 20 1.0
1646 20 1.0
1647 20 1.0
1648 18 0.9125807089538988
1648 20 0.08741929104610123
1649 18 0.3494682765963329
1649 15 0.6505317234036672
1650 20 1.0
1651 28 5.226957348441343e-07
1651 18 0.9999994773042651
1652 18 1.0
1653 20 1.0
1654 20 1.0
1655 15 0.9924783649459928
1655 12 0.0075216350540072184
1656 20 1.0
1657 18 0.9999957961389025
1657 15 4.2038610975263475e-06
1658 18 0.49249565717838945
1658 20 0.5075043428216105
1659 15 1.0
1660 20 1.0
1661 18 1.0
1662 20 1.0
1663 18 1.0
1664 15 1.0
1665 20 0.8267204365007198
1665 18 0.17327956349928034
1666 18 1.0
1667 20 1.0
1668 20 1.0
1669 18 1.0
1670 15 1.0
1671 18 1.0
1672 20 1.0
1673 20 1.0
1674 18 1.0
1675 20 1.0
1676 20 1.0
1677 18 0.4974630941150801
1677 15 0.50253690588492
1678 18 0.9999177524360734
1678 20 8.224756392664033e-05
1679 15 1.0
1680 20 1.0
1681 15 0.999954621201132
1681 18 4.5378798868030373e-05
1682 18 1.0
1683 18 1.0
1684 20 1.0
1685 20 1.0
1686 18 1.0
1687 20 1.0
1688 20 1.0
1689 18 1.0
1690 2 1.0
1691 15 1.0
1692 2 0.08037924552688104
1692 15 0.9196207544731189
1693 2 0.0004981523683093067
1693 15 0.9995018476316907
1694 21 0.0032354790660951917
1694 6 0.0043902557103460095
1694 0 0.9923742652235588
1695 2 0.20714821241541886
1695 15 0.7928517875845812
1696 2 0.582830329694024
1696 15 0.41716967030597607
1697 2 0.9974267564512863
1697 48 0.002573243548713611
1698 2 1.0
1699 2 1.0
1700 2 0.24644973994247898
1700 0 0.5767470117689458
1700 21 0.17680324828857513
1701 15 1.0
1702 2 0.18779094737340868
1702 21 0.8122090526265913
1703 0 0.7388798089785201
1703 2 0.2611201910214799
1704 21 1.0
1705 6 0.9509019865300142
1705 5 0.04909801346998575
1706 0 1.0
1707 2 1.0
1708 2 1.0
1709 2 1.0
1710 15 0.9095284348113397
1710 39 0.0904715651886603
1711 2 1.0
1712 0 0.7344919940875617
1712 6 0.003160605300460498
1712 21 0.2623474006119778
1713 21 1.0
1714 2 1.0
1715 2 1.0
1716 2 0.9513960812746259
1716 21 0.04860391872537405
1717 39 0.5768791146234702
1717 15 0.4231208853765297
1718 13 0.6519776596480156
1718 2 0.019472818909647367
1718 0 0.3285495214423371
1719 0 0.000553653736127203
1719 21 0.9994463462638727
1720 15 0.0002776088532566123
1720 2 0.9997223911467434
1721 2 0.9944412972396452
1721 0 0.0055587027603548654
1722 1 0.22966712164298714
1722 0 0.7703328783570128
1723 13 1.0
1724 2 0.9806295403942802
1724 15 0.019370459605719724
1725 0 8.061541152654376e-05
1725 21 0.9999193845884734
1726 12 0.004767629251446353
1726 15 0.34019872171052024
1726 39 0.6550336490380334
1727 0 1.2269393423787193e-05
1727 1 0.9999877306065762
1728 6 0.9999999700662279
1728 0 2.9933772164920334e-08
1729 6 1.0
1730 6 1.0
1731 2 1.0
1732 2 1.0
1733 2 1.0
1734 21 0.36970086864203516
1734 5 0.6302991313579648
1735 1 0.9999999391820232
1735 0 6.081797680331782e-08
1736 21 1.0
1737 0 0.26196917532203123
1737 21 0.7380308246779688
1738 21 0.00016227668798215794
1738 0 0.9998377233120179
1739 21 0.00017477206619502425
1739 5 6.152116867327324e-07
1739 6 0.999276744479431
1739 0 0.0005478682426871825
1740 0 0.9998359073726147
1740 21 0.00016409262738528404
1741 2 0.9420196031071242
1741 0 0.05798039689287588
1742 21 0.7891003781127451
1742 2 0.21089962188725483
1743 21 1.0
1744 13 4.688519800102094e-06
1744 2 0.9999953114801999
1745 2 1.0
1746 15 0.0021753158579199162
1746 2 0.99782468414208
1747 13 0.25859213095117173
1747 0 0.7414078690488282
1748 0 0.00048148478520102146
1748 2 0.999518515214799
1749 15 1.0
1750 6 1.0
1751 19 1.9792955808574818e-05
1751 6 0.9999802070441914
1752 5 0.7057979201837105
1752 21 0.0009690027524734125
1752 6 0.293233077063816
1753 39 0.001799239066516278
1753 15 0.9982007609334836
1754 2 1.0
1755 0 0.4466814515642337
1755 6 0.42657468057655573
1755 1 0.12674386785921046
1756 0 0.06738953979755555
1756 6 0.0006187610416973457
1756 21 0.8916671686243243
1756 5 0.040324530536422695
1757 0 1.0
1758 21 0.3241912060387042
1758 5 0.6758087939612958
1759 0 0.00028638764384846476
1759 2 0.9997136123561515
1760 21 1.0
1761 15 1.0
1762 15 0.925568557244085
1762 2 0.0744314427559149
1763 2 1.0
1764 21 1.0
1765 21 1.0
1766 21 1.0
1767 21 1.0
