Subcounty	Area	Pop
0	111.44581449	117918
1	94.3302634108	14471
2	6.68322407476	17196
3	39.6574565011	818
4	101.337944054	2854
5	33.6746589062	1280
6	50.3143242126	2734
7	36.0674214176	3739
8	36.5204650101	1630
9	41.7170709017	4305
10	45.2042708063	2203
11	35.7385961049	10504
12	69.6151994845	6300
13	38.7725585937	2185
14	31.0991844342	4982
15	52.5071009459	28015
16	113.916565745	4098
17	28.5310628887	27144
18	56.3322829583	8706
19	21.4413232151	44699
20	41.5218268424	1047
21	39.0210499799	1039
22	39.8595121719	21586
23	40.7426845894	3667
24	4.41014391695	67378
25	181.482765931	2235573
26	36.4684072636	1729
27	24.2938834013	16469
28	64.5981812162	5110
29	39.4964840135	1831
30	37.1712781552	2661
31	50.1497312466	41661
32	31.379327304	760
33	36.770227058	2351
34	28.4793842943	801
35	40.6629344491	34315
36	51.5547209032	9669
37	36.1989887629	609
38	67.9268016935	7915
39	39.4302698371	12133
40	37.2645878117	4867
41	49.2088713293	3736
42	64.6833927693	6492
43	36.4316248704	1404
44	28.8434085958	3603
45	34.5086743615	10891
46	44.4078288672	2999
47	3.26099085096	11183
48	178.394605532	671
49	194.769031892	86
50	33.0480030049	4276
51	83.2044782952	766
52	35.3933714958	3855
53	53.1612503984	4252
54	37.3528345126	6239
55	9.8590365774	5535
56	45.6698376173	1855
57	201.270199993	33553
58	4.36509855492	13889
59	20.2645808446	196392
60	44.1599907656	14956
61	43.5090108244	979
62	33.1637965391	5229
63	77.983481568	174
64	37.076281233	264
65	36.3535507989	1229
66	57.9686647018	8644
67	45.3368698162	1694
68	29.6929403322	3329
69	94.289015362	3664
70	35.7539004159	18608
71	34.6986454258	2514
72	15.5994339312	36611
73	39.7815419618	2943
74	115.501093217	4018
75	80.7368741583	9868
76	95.1106909973	5301
77	35.4181105953	610
78	36.4405855256	13799
79	92.0701833074	2512
80	45.6568082192	5373
81	33.2934001697	20398
82	45.0667694594	7748
83	43.7176282988	4486
84	50.603747044	5762
85	41.363023862	3010
86	32.9202128955	2725
87	184.669732534	239
88	91.0064240346	2405
89	3.51292279206	9394
90	11.0569794226	50055
91	61.8398584895	126986
92	40.019983499	12715
93	41.7005287476	3241
94	35.9520973834	16210
95	27.5947423726	3101
96	32.9177511091	5114
97	35.294503515	1832
98	42.7009043578	1105
99	50.241916574	6776
100	39.3451127244	36137
101	70.0935065031	8495
102	81.0219097126	237
103	36.5448975447	1249
104	25.0215157864	2013
105	30.2967694971	1413
106	34.3063600023	14007
107	18.7144488824	1275
108	8.41102589153	27648
109	140.831811841	1710
110	94.3643666422	1200
111	37.492325057	972
112	33.7010400976	548
113	23.0409407123	255
114	54.1537865935	4936
115	92.7760430146	1218
116	37.7330411211	1466
117	36.2594959656	1109
118	46.9836987076	2749
119	39.6302355379	884
120	37.0636715278	25327
121	61.3160566861	4272
122	47.8185979504	2077
123	46.2366581333	6817
124	41.9495077806	2557
125	43.3259100591	13539
126	41.0844543578	2052
127	54.3602947926	3388
128	47.9912809116	973
129	175.222062541	1139
130	45.0936722745	2005
131	30.9813978415	2564
132	46.7767592326	1967
133	45.0964834832	998
134	32.9103101514	1755
135	58.835464464	4744
136	42.265616824	1291
137	67.4923512288	4470
138	20.2787183554	73585
139	36.4703115186	1190
140	6.59712410096	18131
141	1.83874243495	34
142	44.5794029434	1708
143	38.205958928	1171
144	45.5708881689	3076
145	37.1210041999	3054
146	53.1186772475	2340
147	34.1936325041	13221
148	9.38741259829	26870
149	49.355785843	2714
150	64.1626755348	11757
151	41.3459457983	801
152	25.4956969191	7027
153	35.790746902	4681
154	65.1932277189	4414
155	31.9936240803	2788
156	35.8207072589	8026
157	150.345427669	751
158	31.1199760269	2544
159	57.9723272654	2268
160	95.0865858773	5439
161	24.6262620107	789
162	47.6452439439	2245
163	22.1343087372	11402
164	42.0237459288	1581
165	97.2936769561	3740
166	33.4570695797	12495
167	29.1916181595	368
168	55.016506802	1029
169	15.7376186787	37686
170	63.7052635842	2109
171	36.0263351454	7680
172	36.9548602622	1925
173	39.1570961084	8067
174	87.0962416669	229
175	40.420253898	2109
176	22.938751482	5115
177	43.0213165079	3362
178	107.464348813	2200
179	33.9337294872	2198
180	55.0510586839	2010
181	40.2319728021	3415
182	89.719010159	7306
183	23.0878598273	5114
184	33.4134103238	2865
185	32.2213393178	808
186	4.96368484078	11902
187	39.1451875644	1688
188	36.5181055408	1350
189	48.9459849022	3054
190	34.5018639083	1170
191	29.636629286	3543
192	43.7202854527	3038
193	32.6101390125	6214
194	65.4010170045	4473
195	53.4805594551	9666
196	36.0697608096	1769
197	29.9597441501	3197
198	61.8845370547	1843
199	7.41200511333	8439
200	51.9850578372	667
201	51.8510970456	7675
202	35.5503586385	3170
203	34.7915655054	3815
204	32.4127312375	8483
205	1.31858234563	6601
206	141.40440574	1651
207	43.9450072415	5721
208	41.2881474872	1366
209	28.868687466	4081
210	35.2271804536	5605
211	59.2694230347	4866
212	105.862781501	10995
213	20.3195108039	555
214	293.459149434	56882
215	28.1434458244	12660
216	45.2279064264	2931
217	33.6319205036	21638
218	33.3336053571	3617
219	0.933589230572	2617
220	25.4844497678	1055
221	120.416399477	3480
222	63.6032407639	12791
223	69.1943401964	226700
224	67.1733842585	731
225	43.5736527935	4038
226	53.6295195372	30694
227	38.0161955866	2642
228	112.357778534	1298
229	20.0370493916	2071
230	27.3200667071	18652
231	156.617024927	1102
232	44.8258838965	4853
233	92.3780954052	6996
234	24.1747863784	942
235	30.2243954494	2605
236	88.4450812819	5028
237	44.6270367333	11967
238	34.2455863892	1943
239	32.4978976167	10132
240	31.5288248401	2094
241	30.5208071131	4630
242	31.1722847398	2473
243	59.9153770862	1878
244	41.1316985707	16262
245	36.0599287221	221
246	37.5995417214	669
247	5.33204313727	28113
248	57.7433656906	4654
249	35.5622814682	2665
250	17.3600667733	2639
251	42.3461519096	1799
252	32.4560074802	2388
253	51.0447921308	8610
254	34.0841208494	4869
255	14.5151568121	1684
256	44.4105833189	1467
257	73.9808887755	21847
258	41.6159442242	1526
259	25.6873027393	2603
260	50.0591107906	2564
261	41.4571925954	1627
262	51.9136818631	2525
263	26.2738800946	395
264	26.1814519091	11885
265	33.4503232194	1253
266	44.4370120008	2839
267	42.7137364577	11813
268	103.451986095	16035
269	75.655574154	33738
270	2.7014595546	8834
271	30.7840746228	6636
272	36.1786427319	1726
273	34.5284520503	11327
274	0.799990216532	0
275	30.1190498353	523
276	49.3442661037	3629
277	51.7159937781	2080
278	51.4018789516	2136
279	95.2695406961	3773
280	126.406276252	1022
281	22.590184388	939
282	51.9842852471	2978
283	47.0904091923	4881
284	58.9574425801	5194
285	67.9634084102	19486
286	47.3738709949	2407
287	105.765453295	551
288	36.3228097438	1969
289	64.7985353355	4092
290	97.6171860304	5561
291	56.08710703	2564
292	33.9093448293	867
293	36.084154306	1151
294	96.8510774227	2510335
295	58.536659354	3360
296	6.03860825286	314
297	34.104544873	1493
298	23.8563773254	1524
299	37.2647561521	5185
300	54.6708381757	1956
301	59.3837760224	1319
302	36.3179560555	1815
303	47.9734051612	1096
304	35.9969145591	1110
305	78.899852966	1537
306	38.3701244791	1150
307	47.1503619526	3042
308	93.424249199	549
309	98.668657607	12059
310	71.2027234949	4393
311	35.8707159621	2471
312	33.5114987647	710
313	84.3743484362	4070
314	73.3839804889	2021
315	47.0647106293	84388
316	53.7755676381	3339
317	36.1450622826	1902
318	47.1135482852	3034
319	4.86576744307	5274
320	4.87567288988	14632
321	99.673226671	4972
322	40.672908236	2403
323	31.2342857711	1583
324	162.762284977	335936
325	35.9201999528	19470
326	39.1588107874	549
327	18.5831085651	2306
328	6.07102537678	30053
329	37.5516148802	1803
330	64.7335010868	2792
331	41.1156124031	325
332	50.286730661	3820
333	83.1973292306	192
334	37.4835454837	1146
335	30.287343589	19946
336	17.1813513544	2378
337	65.4727192347	1253
338	35.7078650884	2177
339	52.4194426645	2719
340	30.7049144464	3508
341	36.2071590673	1699
342	24.7386802412	2065
343	42.7752691474	1863
344	197.983215597	781
345	43.2577267625	232
346	49.4324131903	3145
347	41.2703848647	7149
348	67.0945074809	1217
349	62.6227721868	27501
350	79.6191181347	699
351	46.6728958641	4389
352	35.8684105471	1356
353	39.2426478174	877
354	111.065477765	309
355	46.441930806	3926
356	33.2669398274	706
357	25.5001614165	2512
358	50.4079682334	2778
359	56.4404946075	1922
360	104.446590639	1245
361	36.5275689008	7633
362	59.8368852523	8852
363	52.9343000289	1366
364	182.03099718	3091
365	32.6921397414	986
366	32.2610811828	20476
367	105.709518312	19872
368	3.98902207945	14691
369	40.1763992108	999
370	56.1183978944	6675
371	142.175844099	2078
372	80.2511331317	799
373	87.4971043464	15282
374	31.9437261883	4261
375	56.31255276	817
376	28.5989330566	18192
377	60.7197893289	2588
378	34.4541841723	1658
379	45.2356161111	4786
380	36.1177119753	882
381	37.7405118087	1265
382	33.2854738817	10833
383	24.3600145657	1668
384	24.2990274382	2633
385	49.8821251087	32384
386	4.82435028153	8666
387	32.3979497086	859
388	47.3303086507	2056
389	33.8320101431	14186
390	71.4491913205	7186
391	23.6512938427	2082
392	35.9306019267	14232
393	60.4749010466	3015
394	45.7085628757	3113
395	36.4544419542	1286
396	49.8639659595	33673
397	38.1254995184	4977
398	75.618989059	5589
399	20.9797830619	3235
400	35.9897056487	56286
401	28.7225501756	2394
402	39.7097667583	5857
403	47.3987409831	2399
404	60.5713327238	2203
405	44.7264966085	1132
406	33.4776202447	3520
407	35.8030172236	3237
408	5.27629039457	15412
409	48.7591736967	1513
410	160.274025155	807
411	48.4051513674	6838
412	33.9022359192	2364
413	42.8660745462	1373
414	34.6553996852	6992
415	20.0228026139	15740
416	36.1072335531	1355
417	43.5811315892	14724
418	7.33481405708	45983
419	2.32973715139	6717
420	87.6041499676	2498
421	44.1257585762	4251
422	26.8540404347	1475
423	41.7794479964	2730
424	37.2455954543	1863
425	59.0516634372	3891
426	35.8332065389	760
427	51.3824723068	4333
428	90.2123288234	2725
429	25.3505422583	8444
430	45.0046047208	4508
431	36.1672496341	13203
432	41.5695397831	1559
433	76.0341656979	1434
434	16.8241633749	51544
435	1.62720525729	0
436	95.877802698	12370
437	46.9881338613	5192
438	41.9401463516	9031
439	27.2562760929	1176
440	53.1668913486	7404
441	71.866217388	1388
442	50.4706785341	3940
443	48.8860155396	2410
444	60.4180645156	2589
445	34.8201880188	1819
446	38.0321678541	2174
447	60.0836098357	6648
448	63.866611749	3152
449	64.6589266438	21824
450	26.1105284466	3642
451	24.5246681497	1302
452	53.5835274531	122366
453	55.7890470969	2707
454	44.1766595611	2339
455	48.813331452	1661
456	0.91770846921	5213
457	39.4475737705	1678
458	47.6679811046	1828
459	27.1495158011	1705
460	23.4510397238	17575
461	28.8792801743	12347
462	81.5266573823	2410
463	35.8782851057	2191
464	10.977235846	66149
465	36.339624872	1103
466	31.3329182297	49319
467	4.23625786192	16162
468	38.5087547883	29077
469	36.2285128245	2005
470	36.5285086731	2022
471	58.7872743012	35286
472	102.866921488	469645
473	33.1400995289	9681
474	3.89435874939	33345
475	115.696444613	1880
476	30.7019024647	14614
477	11.1262920676	47313
478	35.9455012168	2303
479	3.91401867713	19165
480	86.6092133763	3486
481	33.8957717996	9464
482	25.3609345797	4938
483	49.155005081	5928
484	156.430876658	8940
485	65.3125054376	78
486	69.5326763597	857
487	40.1150684525	9331
488	89.9570767912	4249
489	76.6706386286	609
490	134.547953914	1500
491	52.4152252723	4111
492	36.2657678065	2587
493	40.3496636416	15751
494	35.7223087781	1060
495	34.3855425727	376
496	35.6375474199	3005
497	43.1020755327	2118
498	1.34915312978	665
499	49.9001761494	8492
500	73.3391169809	15345
501	31.9898711688	23042
502	42.1677716273	2423
503	31.5998656776	15090
504	23.4066082639	29474
505	27.415134672	36701
506	46.7281486047	5326
507	37.8504335037	9382
508	15.0399841024	21819
509	33.1138947862	977
510	51.4018886042	2717
511	32.4362545019	1747
512	64.8111257356	27894
513	63.1447102758	6917
514	34.7552178631	3299
515	41.0774357956	2375
516	40.888038865	1703
517	32.8325048069	1570
518	44.3356938166	7004
519	18.4701880159	1348
520	27.3564691758	6407
521	3.27861177404	8574
522	35.966620224	6300
523	87.0499951416	3355
524	70.1034799039	1226
525	97.2934545614	1857
526	104.871079672	32131
527	33.3180435159	8959
528	35.4742583204	821
529	43.0999859487	4149
530	47.9733321879	3361
531	26.0543892158	1042
532	6.23557934647	5796
533	81.8472247455	2017
534	4.82732095032	10554
535	4.56690518997	12540
536	45.9975119599	9475
537	40.1381975067	1309
538	44.5894836806	9071
539	18.255265882	469
540	31.6254711901	5240
541	19.2442329502	27004
542	0.370860237448	0
543	6.26542039784	1314
544	62.5504348188	10034
545	34.9596882158	18411
546	36.4076386698	782
547	52.1438079216	14223
548	43.4733979343	2271
549	78.0110581312	2540
550	187.043860991	1078
551	34.7295969066	2664
552	45.0046027903	3551
553	32.0375640323	538
554	71.6002097123	7983
555	119.841783562	3084
556	36.1394676647	1881
557	37.1121713444	1371
558	23.9327235905	3247
559	9.48371300083	8391
560	39.7646067559	1550
561	36.6065800419	683
562	43.663165909	1008
563	55.4159965028	1719
564	35.6676591288	1441
565	32.1901330098	1006
566	23.1451824607	4496
567	58.8169721087	4047
568	39.6320100627	1669
569	39.8512905159	28690
570	93.0555032561	6267
571	45.5074813402	1357
572	40.0006926848	11326
573	37.5805663525	2151
574	57.4166697304	29076
575	16.8276664783	50140
576	55.2644356376	3359
577	28.2446014596	1778
578	39.7804315325	5261
579	37.1312034703	1679
580	34.4588760838	3371
581	38.2973654877	5926
582	45.1663281767	8450
583	37.9429755894	41713
584	0.600550000636	1
585	213.640045907	5711
586	35.2212607378	42680
587	43.3507213597	1193
588	36.6832517909	7392
589	43.1630773321	1931
590	90.4208910852	2326
591	28.4390099943	369
592	37.7137248242	6772
593	66.8067715291	1309
594	31.2767013924	2456
595	38.3205852759	2072
596	55.1804318115	5598
597	167.161515721	1430
598	79.1708791954	5228
599	35.1032370784	1577
600	29.188743244	12429
601	43.1022848	3739
602	54.2778075753	1203
603	4.21856126286	13206
604	41.5591208206	16355
605	104.226755357	5178
606	36.5799027103	448
607	25.6410847855	145235
608	18.6969534425	1989
609	2.77468457111	38
610	26.6344688606	888
611	19.2299977556	3274
612	32.9038942945	12048
613	15.5216471196	33711
614	386.570237092	21495
615	22.4999932774	4459
616	50.3115149345	4453
617	60.7658964714	1467
618	24.4101402579	1949
619	36.2465673401	1885
620	39.6992586063	17372
621	36.7345442833	19920
622	39.6705136985	4954
623	54.4435291174	1314
624	65.1494364162	852
625	39.3378022692	4099
626	484.344871657	1807
627	43.1964863521	8483
628	449.836357914	712
629	43.1503985146	6142
630	48.6064383092	31669
631	191.713015643	350
632	59.4490670289	846
633	60.0489571812	5735
634	41.3226785196	580
635	233.168778502	435
636	36.0905620548	332
637	39.1150140792	591
638	105.369352411	2441
639	9.08294221364	1154
640	32.9618482047	4152
641	22.5953207029	1040
642	49.8060325127	2183
643	72.2915859613	7019
644	0.170167892766	324
645	36.6474948847	4607
646	50.5216806778	951
647	36.455992926	1736
648	102.801851332	14541
649	35.8263694447	3401
650	42.9833943417	15690
651	15.7016084896	436
652	42.1741982951	7632
653	35.6417968585	1355
654	69.9874817356	2925
655	48.6817173883	1644
656	6.16616940382	14407
657	32.8016668401	2129
658	38.4697179456	3308
659	18.9006384638	12085
660	34.2680131239	11241
661	29.7254559121	1980
662	102.3963701	1523
663	31.5758389363	757
664	29.2495214903	4746
665	56.1438512826	12871
666	532.025055516	486505
667	57.4450157948	1547
668	60.1278787466	1320
669	36.4929077521	843
670	39.1635590698	1280
671	43.6904397681	4438
672	36.5631072733	1116
673	45.1871471826	1599
674	41.2661941136	1168
675	52.5409362225	1892
676	48.6110113013	2263
677	33.553100483	1774
678	43.5737296278	8322
679	44.3925782243	3359
680	44.0556246923	1984
681	45.7845608767	1634
682	42.4201819488	1180
683	35.6184778421	42867
684	37.3866585922	2563
685	16.9778837086	62219
686	69.2472933135	8373
687	266.209625493	1349
688	4.98739034527	32403
689	169.275475908	293776
690	254.953352959	1449
691	20.7452098806	6073
692	37.1728793202	11362
693	36.5441010163	1668
694	31.4547465382	14795
695	35.2184966335	3651
696	8.44552063031	21158
697	329.407471512	303
698	35.564033213	2537
699	41.0741697588	7797
700	6.25948292129	18604
701	39.1607656218	1842
702	25.1827770782	766
703	45.1299565961	10484
704	55.824364619	33
705	44.8949745328	20506
706	40.3819471742	1219
707	404.038775362	21999
708	25.0695769912	1955
709	35.3492458287	18045
710	30.3738617112	5566
711	42.9008210235	5677
712	44.2608610714	4949
713	45.4996434696	6493
714	29.6122392227	1041
715	28.8722631566	26596
716	45.9618372934	2130
717	307.570760544	999
718	67.6869003046	7788
719	47.9484243618	6003
720	50.2267053135	2011
721	43.9344763094	13700
722	4.78437752757	28892
723	42.0370579535	3617
724	4.09125030599	15122
725	101.42933517	2154
726	65.2447958881	7045
727	36.7087325924	2318
728	42.1237397831	2264
729	22.3889449367	1178
730	27.559343769	1392
731	53.5429701407	4120
732	19.7950707739	39999
733	46.9435850265	29830
734	36.4456832303	29123
735	85.0006776952	1386
736	51.0774594488	1722
737	43.6798003414	1335
738	45.0133341009	1139
739	35.6919032456	2368
740	41.0616430655	312
741	1.47141889182	10242
742	38.753845002	2313
743	24.2161915707	2120
744	36.3496071531	906
745	11.2275878578	18140
746	39.3088318778	1709
747	26.4995493777	8822
748	48.4355669386	1852
749	39.0839127909	3722
750	31.1012659101	5852
751	64.8542649121	5734
752	51.3018171434	1156
753	114.320382104	213764
754	46.6964542637	2849
755	29.3495632212	7985
756	77.9051113563	1191
757	36.8362250172	3517
758	7.57855677476	29333
759	35.7220713254	3265
760	38.0928125091	1365
761	36.119785343	1126
762	58.1358904974	6538
763	22.5373733564	6942
764	65.0054852353	1436
765	54.4530492344	1609
766	49.1071909815	3394
767	66.3710365031	332
768	13.1449356406	77187
769	33.8128081323	10293
770	39.9511260684	4473
771	65.8486045896	6267
772	9.23055016655	482
773	62.6333305321	1673
774	108.201526412	1957
775	47.5897973801	3154
776	45.570131409	5233
777	25.2002991592	12005
778	72.0322964605	6133
779	36.2920293062	2264
780	13.1536808509	2811
781	32.2277988043	10160
782	50.6806639678	6398
783	36.9314076545	1707
784	79.1100974742	12862
785	110.863500859	6197
786	130.103151937	5969
787	39.9885594295	9161
788	39.7021412438	2496
789	27.5428931211	5327
790	25.9845221284	1216
791	38.0372072574	1051
792	41.6356921832	408
793	35.0467762246	1041
794	61.9596864035	2916
795	19.19266092	1969
796	39.8691616331	733
797	32.2904419233	2371
798	29.506391676	914
799	36.2930598125	1161
800	35.0154436612	7278
801	86.2640003504	3547
802	30.6720899849	4789
803	28.7180690758	1536
804	87.8074044852	3598
805	44.3823608071	1825
806	57.3696467539	1388264
807	57.8466433424	81620
808	169.422839845	1510
809	63.2105665357	2335
810	33.3658657236	6666
811	34.3779421548	24202
812	89.7790992133	2785
813	161.739486493	3218
814	43.6376800881	3146
815	8.13651818039	11102
816	50.9256020573	1326
817	32.4511584252	2305
818	83.1092697891	1157
819	37.1719708222	210602
820	43.0278871917	3523
821	66.5205699467	7101
822	51.1894753611	22647
823	27.4107481672	6352
824	51.7902473704	7075
825	20.4869570637	4149
826	77.7247553901	2805
827	21.9354109947	97733
828	71.109643183	4786
829	39.8014710027	7556
830	57.7332532931	23147
831	8.76965596203	23821
832	7.75287603623	888
833	48.9615197162	58325
834	9.28469826934	470
835	65.839101075	4871
836	33.6696129392	7955
837	43.9125433992	6836
838	26.1375436174	1230
839	31.4916231402	4422
840	49.3373788163	2469
841	42.1629588659	1276
842	6.59408625042	20012
843	51.4040612001	95907
844	39.6624430084	788
845	82.9963554175	1435
846	33.1837800204	6723
847	68.1884251809	11838
848	50.2065924882	36801
849	59.4106309609	533
850	29.5141697008	88182
851	21.8154282537	7629
852	38.9466639547	3641
853	52.6662421517	1427
854	36.290048603	9112
855	51.9125857196	2962
856	50.7322097431	29552
857	46.87341871	2219
858	48.2202393976	7341
859	47.8877739152	1920
860	41.9367764533	2693
861	5.05445935149	15612
862	37.5955417047	5671
863	32.2663831355	3514
864	137.117573535	203443
865	56.4176682573	1856
866	42.3836964681	5160
867	27.6825975661	2008
868	5.57078776456	23617
869	36.9145770822	4915
870	29.9177184918	1736
871	38.7790601653	4312
872	35.7196029753	2494
873	37.6871791534	1954
874	27.4592209567	9033
875	17.4400752158	27515
876	36.1116918729	88536
877	26.9686845433	5581
878	39.9102455886	436
879	63.1457878865	906
880	29.7274053411	1081
881	39.8595079248	3301
882	41.4809506097	6680
883	25.6003699435	1841
884	36.7622683375	1673
885	10.8945822187	31551
886	47.1099158375	4196
887	2.22095407119	12412
888	39.3257203654	2505
889	52.4798637665	261220
890	108.558327903	1842
891	31.0944037192	1726
892	49.5397866121	5988
893	23.475690406	3789
894	54.2259841926	1109
895	44.3130373513	823
896	51.4618324841	5984
897	25.5334075014	22152
898	53.8680433142	1785
899	6.04098818559	1658
900	69.9419796149	11053
901	39.6282880394	1596
902	60.4151297543	3885
903	36.5679123127	2373
904	11.6782206294	17126
905	133.862491975	13169
906	69.6269516572	5550
907	44.4952929394	631
908	48.139443307	6490
909	46.8234150261	10924
910	49.4477039878	7108
911	107.45698662	1747
912	42.7340612531	1569
913	38.5869794396	4253
914	26.3983115028	2739
915	44.6639646869	1113
916	97.2546532409	105
917	46.126727558	1260
918	51.1682567396	1379
919	68.110160375	2502
920	30.0382568335	9791
921	25.2359062578	855
922	54.8932587965	3298
923	3.07191554326	10893
924	36.7113847271	3856
925	72.575937343	4567
926	59.4444415269	1977
927	53.5819154773	1734
928	9.8597910207	56944
929	37.8013255764	1972
930	28.5473185551	1622
931	36.2920486113	1696
932	55.0187570045	652
933	54.0581962326	3346
934	15.2811959215	28500
935	2.12439691083	7167
936	40.2439689913	1146
937	43.1183435544	2220
938	39.2060901356	3572
939	66.4018655895	3929
940	70.2761454905	7677
941	31.2290058263	1109
942	37.3305043034	2671
943	25.7359396221	834
944	42.0380208919	4000
945	13.9218701623	1948
946	30.0530267794	1512
947	36.187091802	2538
948	38.4197019064	8921
949	43.4137957546	1402
950	46.7616224898	945
951	37.704866486	678
952	39.1935020521	1877
953	60.0578533574	4288
954	14.113413434	29192
955	38.3954651256	2902
956	20.989174607	2405
957	32.5753639637	4532
958	58.8424868872	5750
959	39.856578955	7694
960	9.05276679794	31074
961	51.0472952301	2860
962	37.8840490883	36284
963	33.8589434603	1588609
964	44.4679461069	1961
965	51.4367895223	4323
966	58.0849682768	2901
967	38.858429609	9171
968	48.7766444261	7212
969	35.4659146562	5061
970	36.4314322055	1651
971	191.772371103	761057
972	36.3420754614	2542
973	27.7849431676	1624
974	42.287794909	1571
975	34.6039326747	2308
976	58.3151310149	1524
977	46.5731425514	2674
978	29.718108005	891
979	41.3491558503	56964
980	26.8303488299	2364
981	47.5717648723	4538
982	26.7495500366	2025
983	25.6290963184	766
984	24.9537672407	5434
985	21.0647799423	700
986	79.3143226522	6449
987	40.7786067473	3404
988	61.2260852676	1298
989	112.582857081	4928
990	56.5503108967	14341
991	67.8327113388	5888
992	32.8044131836	43798
993	3.98978617531	4939
994	36.1687202966	8532
995	20.7587728717	353
996	5.71794166151	30921
997	206.741316299	2395
998	30.4887320756	8704
999	33.7889420094	25823
1000	22.5029342163	1584
1001	57.7958902345	3789
1002	40.1490384786	5410
1003	31.145069182	45195
1004	34.5544811167	46461
1005	83.2068211621	2433
1006	45.3997121638	5399
1007	48.5806428346	1886
1008	37.1684217726	2059
1009	37.0409664136	3916
1010	34.8982582293	2203
1011	35.6964144614	3743
