zcta area pop
0 0.62 21102.0
1 0.88 81410.0
2 0.58 56024.0
3 0.56 3089.0
4 0.07 7135.0
5 0.09 3011.0
6 0.16 6988.0
7 0.62 61347.0
8 0.39 31834.0
9 0.66 50984.0
10 0.32 24090.0
11 0.55 27700.0
12 0.57 31959.0
13 0.53 54183.0
14 0.32 16575.0
15 0.32 5229.0
16 0.68 42870.0
17 0.39 43631.0
18 0.44 31924.0
19 0.49 60998.0
20 0.86 59283.0
21 0.75 94600.0
22 0.33 34003.0
23 0.87 59707.0
24 0.31 45141.0
25 0.83 76003.0
26 0.28 26999.0
27 0.65 56438.0
28 0.66 57331.0
29 0.6 53926.0
30 1.13 38908.0
31 1.4 33969.0
32 0.44 24711.0
33 0.26 17416.0
34 0.3 20300.0
35 0.46 24527.0
36 0.38 41905.0
37 0.24 11661.0
38 0.39 32270.0
39 0.1 5199.0
40 0.18 26121.0
41 0.01 3.0
42 0.02 92.0
43 0.47 60453.0
44 0.01 1685.0
45 0.001 2.0
46 0.03 9.0
47 0.14 7853.0
48 0.09 4783.0
49 3.66 39706.0
50 1.19 19088.0
51 3.14 26337.0
52 3.87 42193.0
53 4.25 41749.0
54 7.47 55909.0
55 1.96 14096.0
56 1.97 27357.0
57 6.72 32519.0
58 1.8 24962.0
59 7.68 59304.0
60 13.71 85510.0
61 1.01 45713.0
62 0.98 75371.0
63 0.92 78309.0
64 1.04 37337.0
65 0.71 39665.0
66 1.02 86547.0
67 1.06 70496.0
68 1.01 79492.0
69 0.82 47308.0
70 1.32 57311.0
71 2.4 50502.0
72 1.48 75784.0
73 1.45 67970.0
74 3.5 4534.0
75 3.43 42230.0
76 2.02 67813.0
77 2.33 97060.0
78 1.08 76103.0
79 2.48 66631.0
80 1.42 15293.0
81 2.58 22922.0
82 1.05 66358.0
83 2.18 58519.0
84 1.53 12281.0
85 1.72 40931.0
86 1.4 1219.0
87 2.12 5487.0
88 0.01 108.0
89 16.28 7987.0
90 0.65 851.0
91 16.35 5790.0
92 7.31 6408.0
93 36.1 19507.0
94 9.92 9988.0
95 1.47 2246.0
96 54.56 25590.0
97 12.82 11946.0
98 31.51 5289.0
99 0.33 539.0
100 3.45 1268.0
101 0.74 316.0
102 13.76 12810.0
103 2.43 10875.0
104 3.61 7444.0
105 20.8 4421.0
106 3.29 1809.0
107 2.44 908.0
108 3.83 12280.0
109 3.83 12604.0
110 1.87 4931.0
111 3.56 7322.0
112 0.45 555.0
113 25.63 10739.0
114 1.08 2416.0
115 3.59 16597.0
116 24.89 26339.0
117 4.09 20135.0
118 0.13 141.0
119 1.12 1277.0
120 5.07 7647.0
121 2.34 3487.0
122 19.19 16638.0
123 1.99 37144.0
124 1.66 19786.0
125 0.69 10170.0
126 20.85 4737.0
127 13.78 31796.0
128 4.37 23570.0
129 22.14 19929.0
130 6.52 12680.0
131 5.48 38352.0
132 22.5 5116.0
133 6.72 6552.0
134 1.58 681.0
135 32.77 8675.0
136 8.48 17208.0
137 12.36 38982.0
138 2.0 2282.0
139 8.0 8475.0
140 13.5 6767.0
141 9.89 22540.0
142 2.5 5117.0
143 5.97 8195.0
144 0.62 1729.0
145 3.34 968.0
146 26.49 28647.0
147 0.63 11376.0
148 3.29 17045.0
149 6.81 11250.0
150 5.08 18126.0
151 1.51 16499.0
152 2.22 6824.0
153 4.22 63393.0
154 1.76 20301.0
155 2.67 30165.0
156 2.21 38777.0
157 2.89 8679.0
158 1.3 10097.0
159 3.08 21225.0
160 1.36 9292.0
161 4.58 25120.0
162 3.42 40827.0
163 2.19 12435.0
164 4.33 14146.0
165 1.73 18414.0
166 18.0 23465.0
167 2.08 21.0
168 4.13 5532.0
169 2.44 414.0
170 0.14 119.0
171 20.2 4540.0
172 3.72 1968.0
173 32.92 11647.0
174 4.12 1040.0
175 4.18 8554.0
176 8.11 4135.0
177 2.27 1559.0
178 1.97 8732.0
179 38.34 13120.0
180 3.89 4539.0
181 5.18 3203.0
182 1.97 11910.0
183 5.44 4175.0
184 13.88 8958.0
185 6.41 1023.0
186 0.15 60.0
187 1.09 473.0
188 64.89 48418.0
189 32.03 13779.0
190 36.4 47226.0
191 9.13 38917.0
192 1.1 252.0
193 6.88 23045.0
194 16.17 31521.0
195 22.87 3291.0
196 4.19 15093.0
197 5.86 5950.0
198 12.67 4298.0
199 2.47 1472.0
200 5.25 14791.0
201 0.58 2353.0
202 11.22 1267.0
203 13.77 9993.0
204 8.39 2126.0
205 9.32 3152.0
206 5.88 281.0
207 1.15 2258.0
208 11.1 59048.0
209 0.15 234.0
210 24.38 13383.0
211 2.04 5532.0
212 1.6 2842.0
213 0.26 58.0
214 10.8 1974.0
215 37.12 3395.0
216 3.15 896.0
217 4.93 9293.0
218 60.87 20631.0
219 11.09 9621.0
220 1.16 4769.0
221 6.11 7085.0
222 3.24 6756.0
223 18.65 3122.0
224 2.23 26883.0
225 4.14 41356.0
226 0.95 14016.0
227 0.18 1806.0
228 2.38 23821.0
229 1.96 5914.0
230 2.34 17729.0
231 1.66 9027.0
232 3.52 8002.0
233 6.67 17962.0
234 4.78 40782.0
235 0.59 520.0
236 9.99 30171.0
237 1.22 8344.0
238 2.62 25484.0
239 0.81 34133.0
240 0.71 38780.0
241 0.39 27232.0
242 1.63 36688.0
243 0.86 38875.0
244 0.04 3523.0
245 1.42 51128.0
246 2.15 76174.0
247 1.59 78134.0
248 0.95 40366.0
249 1.43 81677.0
250 2.67 93386.0
251 3.46 94469.0
252 2.16 68853.0
253 1.64 62008.0
254 2.3 90117.0
255 1.54 84500.0
256 1.09 63767.0
257 2.18 88630.0
258 2.18 63488.0
259 0.94 54316.0
260 0.75 35881.0
261 1.43 75220.0
262 1.48 92221.0
263 1.79 99598.0
264 1.38 78895.0
265 1.52 36934.0
266 2.07 78731.0
267 1.54 47621.0
268 0.88 56829.0
269 1.29 101572.0
270 1.47 41788.0
271 2.17 80018.0
272 1.84 86408.0
273 1.42 33336.0
274 1.28 28265.0
275 1.35 67053.0
276 7.55 87757.0
277 2.25 79132.0
278 3.6 93877.0
279 0.98 49896.0
280 1.11 49262.0
281 0.57 13393.0
282 2.17 54878.0
283 1.74 85871.0
284 1.57 23438.0
285 2.8 39150.0
286 1.95 37546.0
287 0.001 0.0
288 1.43 18884.0
289 1.76 28606.0
290 2.52 17823.0
291 0.87 6988.0
292 2.47 34555.0
293 2.5 42252.0
294 1.09 13532.0
295 2.38 41047.0
296 2.63 109931.0
297 1.07 38615.0
298 1.42 39688.0
299 0.001 0.0
300 0.74 66636.0
301 1.53 100820.0
302 0.93 43600.0
303 1.98 68733.0
304 2.55 89830.0
305 2.55 34981.0
306 2.07 34821.0
307 3.61 98592.0
308 1.17 18556.0
309 1.65 34882.0
310 3.1 38912.0
311 2.3 26148.0
312 0.57 19341.0
313 0.67 24861.0
314 1.12 28967.0
315 1.63 36256.0
316 1.13 47211.0
317 2.08 44354.0
318 1.29 39127.0
319 1.97 30425.0
320 1.41 29987.0
321 1.35 17590.0
322 1.58 23593.0
323 0.83 19168.0
324 1.3 25105.0
325 7.12 184.0
326 2.15 60809.0
327 1.55 32687.0
328 3.24 59129.0
329 1.51 53687.0
330 0.79 17949.0
331 0.001 0.0
332 2.05 19148.0
333 1.08 7406.0
334 0.84 2653.0
335 4.25 33048.0
336 0.9 4673.0
337 0.87 7556.0
338 1.37 10549.0
339 5.09 43341.0
340 7.1 27273.0
341 6.66 27633.0
342 11.48 12065.0
343 0.43 793.0
344 0.91 2780.0
345 0.07 2922.0
346 4.26 56435.0
347 3.41 23616.0
348 3.5 26034.0
349 6.25 38132.0
350 0.06 17.0
351 2.02 7823.0
352 1.5 8370.0
353 4.18 8176.0
354 7.5 6464.0
355 3.9 37280.0
356 2.4 22666.0
357 1.12 8690.0
358 5.45 35321.0
359 8.92 4555.0
360 0.39 1398.0
361 3.68 26646.0
362 4.78 30574.0
363 1.78 16272.0
364 4.55 12366.0
365 3.05 12337.0
366 1.12 5055.0
367 3.91 40113.0
368 2.69 20844.0
369 6.68 45768.0
370 1.33 10480.0
371 1.99 13328.0
372 2.83 60035.0
373 1.0 18540.0
374 1.0 11916.0
375 1.37 20408.0
376 2.22 4079.0
377 4.77 27109.0
378 9.13 14498.0
379 3.12 16415.0
380 8.06 40222.0
381 3.55 8030.0
382 17.04 62543.0
383 1.51 6669.0
384 4.89 34496.0
385 5.05 10401.0
386 4.32 22658.0
387 1.69 4752.0
388 8.74 10700.0
389 10.92 60745.0
390 0.95 3103.0
391 5.99 3589.0
392 8.15 29189.0
393 2.49 6292.0
394 7.29 35177.0
395 3.86 3220.0
396 9.76 29150.0
397 2.57 19857.0
398 9.1 29030.0
399 6.27 28032.0
400 7.61 14712.0
401 8.38 30184.0
402 1.53 3430.0
403 11.84 18949.0
404 10.46 32098.0
405 5.33 17638.0
406 0.83 1223.0
407 3.71 9454.0
408 7.48 27655.0
409 5.0 13261.0
410 25.37 42230.0
411 23.88 67094.0
412 13.16 19803.0
413 2.19 3345.0
414 4.0 14961.0
415 3.71 9531.0
416 3.88 12014.0
417 7.33 18958.0
418 3.24 12387.0
419 5.52 42791.0
420 6.8 45700.0
421 11.0 53804.0
422 3.09 22360.0
423 13.85 28506.0
424 9.18 13200.0
425 2.45 737.0
426 6.17 12635.0
427 4.17 14530.0
428 15.13 21902.0
429 4.42 9506.0
430 0.44 137.0
431 10.7 10007.0
432 16.19 44837.0
433 6.9 24235.0
434 4.36 8968.0
435 6.85 12709.0
436 12.55 38421.0
437 11.51 15524.0
438 5.54 15814.0
439 3.54 21288.0
440 5.47 24655.0
441 5.79 6344.0
442 15.03 35772.0
443 8.58 16821.0
444 1.7 7895.0
445 7.16 18511.0
446 12.98 25076.0
447 9.85 8523.0
448 9.49 32298.0
449 0.28 3165.0
450 5.68 26030.0
451 1.46 4056.0
452 5.14 9041.0
453 4.77 15347.0
454 6.63 39553.0
455 6.06 28127.0
456 2.88 5010.0
457 55.12 27172.0
458 9.22 1343.0
459 0.45 151.0
460 8.64 1398.0
461 27.73 6844.0
462 4.65 7263.0
463 10.18 3304.0
464 42.89 15398.0
465 2.24 926.0
466 5.51 5210.0
467 2.46 1986.0
468 8.72 4603.0
469 4.07 4299.0
470 13.49 14068.0
471 0.65 416.0
472 2.72 1123.0
473 34.54 14573.0
474 4.12 16268.0
475 6.7 13680.0
476 9.48 4637.0
477 10.26 13553.0
478 18.51 3326.0
479 2.85 3285.0
480 1.27 349.0
481 6.47 743.0
482 2.88 635.0
483 3.84 939.0
484 1.89 1084.0
485 12.79 12834.0
486 5.48 494.0
487 13.49 6622.0
488 9.34 1858.0
489 2.83 534.0
490 11.32 26583.0
491 26.68 11593.0
492 0.56 522.0
493 11.07 5818.0
494 2.41 1321.0
495 4.41 9.0
496 2.85 408.0
497 12.27 1565.0
498 5.75 2467.0
499 12.6 3255.0
500 13.12 4990.0
501 1.21 60.0
502 0.83 497.0
503 52.22 7164.0
504 130.71 28937.0
505 13.36 3010.0
506 19.96 435.0
507 44.54 7930.0
508 29.5 14740.0
509 75.2 31192.0
510 32.36 929.0
511 57.59 2196.0
512 1.04 31.0
513 36.27 5505.0
514 7.17 3882.0
515 22.57 1172.0
516 20.1 1113.0
517 3.24 175.0
518 88.8 836.0
519 26.98 7851.0
520 6.23 802.0
521 7.41 228.0
522 30.83 4015.0
523 1.31 113.0
524 1.58 481.0
525 4.34 271.0
526 61.76 8509.0
527 0.73 584.0
528 15.35 817.0
529 8.83 19664.0
530 21.32 7070.0
531 30.3 1568.0
532 61.84 4587.0
533 15.45 16918.0
534 18.0 2310.0
535 35.16 1835.0
536 19.23 1445.0
537 25.95 1632.0
538 34.5 1507.0
539 20.13 9050.0
540 28.96 1776.0
541 1.42 444.0
542 11.43 563.0
543 34.9 41776.0
544 33.56 2143.0
545 21.41 1506.0
546 30.81 3201.0
547 0.57 256.0
548 12.24 1410.0
549 9.23 270.0
550 48.16 2890.0
551 35.65 2963.0
552 39.29 3418.0
553 75.0 1500.0
554 10.09 6246.0
555 108.49 23773.0
556 43.12 3795.0
557 3.61 4271.0
558 0.18 479.0
559 6.07 1865.0
560 19.69 1073.0
561 0.54 69.0
562 57.03 6262.0
563 14.96 1304.0
564 65.97 1666.0
565 28.23 2268.0
566 60.64 12606.0
567 14.57 2193.0
568 141.57 416.0
569 14.69 21908.0
570 5.18 189.0
571 38.51 1920.0
572 44.86 3256.0
573 31.58 13897.0
574 17.51 613.0
575 20.61 1916.0
576 108.08 4582.0
577 32.62 5124.0
578 2.64 606.0
579 17.96 1373.0
580 0.6 987.0
581 7.07 115.0
582 1.86 338.0
583 193.19 3516.0
584 18.15 804.0
585 23.98 1679.0
586 80.26 3168.0
587 239.08 295.0
588 8.29 1702.0
589 19.36 5137.0
590 18.93 20555.0
591 19.66 499.0
592 15.65 4569.0
593 46.76 2474.0
594 1.1 914.0
595 2.59 708.0
596 18.03 814.0
597 41.65 2818.0
598 56.91 1977.0
599 14.34 848.0
600 43.57 4061.0
601 30.59 6309.0
602 14.09 7896.0
603 17.72 944.0
604 0.41 160.0
605 46.41 365.0
606 3.23 175.0
607 43.81 1363.0
608 45.68 2438.0
609 34.88 1952.0
610 9.52 306.0
611 30.12 4945.0
612 0.44 405.0
613 17.2 1753.0
614 1.15 345.0
615 22.1 797.0
616 3.33 198.0
617 0.61 518.0
618 54.89 53606.0
619 13.74 14733.0
620 0.75 2620.0
621 38.53 7148.0
622 24.3 2037.0
623 31.63 6277.0
624 23.02 697.0
625 12.98 10980.0
626 6.37 17568.0
627 176.8 674.0
628 17.17 1722.0
629 38.88 2016.0
630 15.43 207.0
631 1.96 154.0
632 8.84 3031.0
633 67.03 2233.0
634 13.09 7903.0
635 2.05 9628.0
636 11.41 29952.0
637 4.07 7349.0
638 15.79 26977.0
639 2.13 16395.0
640 1.06 1948.0
641 4.19 20702.0
642 2.14 10121.0
643 0.9 10158.0
644 7.93 11303.0
645 0.54 6489.0
646 42.33 27582.0
647 15.4 29857.0
648 6.81 21482.0
649 1.49 5716.0
650 43.09 25636.0
651 0.71 7692.0
652 2.25 15335.0
653 16.57 29343.0
654 58.45 35040.0
655 35.69 3385.0
656 7.15 780.0
657 43.23 823.0
658 3.36 173.0
659 14.27 804.0
660 41.18 397.0
661 0.94 497.0
662 6.07 673.0
663 16.35 2948.0
664 59.6 10510.0
665 5.09 277.0
666 0.32 581.0
667 13.82 537.0
668 2.39 722.0
669 4.14 363.0
670 19.61 470.0
671 10.19 339.0
672 12.72 1097.0
673 17.77 250.0
674 41.0 576.0
675 53.98 6602.0
676 2.11 281.0
677 39.68 1194.0
678 15.47 1381.0
679 0.61 492.0
680 3.82 483.0
681 13.77 751.0
682 9.96 326.0
683 15.35 417.0
684 0.44 59.0
685 7.83 305.0
686 23.12 1980.0
687 6.33 114.0
688 33.17 953.0
689 18.02 3825.0
690 15.42 497.0
691 67.91 5061.0
692 11.66 388.0
693 3.62 3367.0
694 9.9 183.0
695 11.81 1674.0
696 8.58 213.0
697 0.49 366.0
698 11.13 297.0
699 76.7 1988.0
700 0.54 639.0
701 13.97 763.0
702 32.3 3232.0
703 7.61 161.0
704 2.06 277.0
705 23.89 1634.0
706 10.82 1484.0
707 44.14 1020.0
708 2.89 266.0
709 1.04 2471.0
710 43.61 1036.0
711 33.9 677.0
712 9.79 536.0
713 0.35 215.0
714 3.57 1572.0
715 15.02 861.0
716 44.16 1162.0
717 1.23 354.0
718 65.84 18787.0
719 33.93 634.0
720 12.52 1356.0
721 2.21 680.0
722 3.32 259.0
723 23.78 2733.0
724 8.39 865.0
725 3.39 1523.0
726 15.7 3268.0
727 6.15 1292.0
728 0.52 110.0
729 8.99 1675.0
730 38.46 271.0
731 6.89 495.0
732 18.74 764.0
733 9.14 265.0
734 47.19 1634.0
735 21.8 4851.0
736 30.57 2457.0
737 32.73 1164.0
738 21.03 775.0
739 1.47 1395.0
740 1.39 167.0
741 14.56 19880.0
742 0.45 127.0
743 2.92 651.0
744 26.65 2938.0
745 4.98 1549.0
746 15.24 1833.0
747 10.46 509.0
748 9.88 5870.0
749 3.95 3109.0
750 32.89 1644.0
751 37.33 5172.0
752 21.89 1798.0
753 16.22 15598.0
754 23.51 3311.0
755 32.02 3686.0
756 0.16 147.0
757 41.23 13344.0
758 66.0 2859.0
759 0.35 124.0
760 17.49 3601.0
761 48.6 25307.0
762 87.01 17867.0
763 26.38 14578.0
764 34.11 7802.0
765 14.31 5913.0
766 11.48 3001.0
767 54.2 4763.0
768 45.61 3039.0
769 10.35 2891.0
770 5.87 1494.0
771 38.81 10201.0
772 34.72 54447.0
773 24.67 24438.0
774 59.5 18308.0
775 22.82 8084.0
776 40.62 7338.0
777 1.45 1487.0
778 54.38 10753.0
779 45.88 2854.0
780 33.04 9826.0
781 21.51 7699.0
782 57.92 9918.0
783 50.56 9123.0
784 0.5 329.0
785 9.89 2258.0
786 5.87 2029.0
787 15.65 2411.0
788 21.56 4402.0
789 40.43 2246.0
790 12.78 6191.0
791 13.02 2451.0
792 4.92 885.0
793 23.71 12540.0
794 57.35 17228.0
795 34.46 35102.0
796 18.7 1486.0
797 24.06 4275.0
798 18.81 43398.0
799 32.33 42810.0
800 0.1 586.0
801 57.51 11324.0
802 17.23 1207.0
803 12.85 172.0
804 25.36 6627.0
805 0.28 158.0
806 31.65 1826.0
807 7.56 245.0
808 67.79 277.0
809 29.28 1162.0
810 22.2 1874.0
811 25.07 786.0
812 5.09 1446.0
813 13.77 867.0
814 6.09 118.0
815 35.8 1910.0
816 6.56 320.0
817 74.35 1886.0
818 8.25 351.0
819 2.15 181.0
820 8.19 389.0
821 1.61 178.0
822 14.18 937.0
823 13.95 1714.0
824 21.93 2076.0
825 2.94 300.0
826 4.25 187.0
827 3.42 1054.0
828 1.73 242.0
829 26.58 7221.0
830 152.4 4042.0
831 6.19 1649.0
832 42.32 482.0
833 6.34 512.0
834 14.27 942.0
835 59.48 1802.0
836 12.49 885.0
837 8.04 437.0
838 2.96 126.0
839 34.84 1131.0
840 4.94 253.0
841 4.5 296.0
842 34.62 14511.0
843 10.48 2297.0
844 109.67 2180.0
845 52.76 764.0
846 5.71 633.0
847 8.58 2460.0
848 23.83 2312.0
849 4.27 307.0
850 33.25 1668.0
851 2.26 94.0
852 16.67 1024.0
853 14.96 665.0
854 3.51 452.0
855 23.5 2908.0
856 9.59 1838.0
857 44.4 4518.0
858 6.56 737.0
859 3.39 335.0
860 3.95 14707.0
861 5.92 7567.0
862 53.1 26540.0
863 22.18 306.0
864 50.62 3528.0
865 66.4 627.0
866 1.72 127.0
867 61.95 150.0
868 45.5 1574.0
869 36.59 871.0
870 63.16 4610.0
871 53.58 2274.0
872 28.98 403.0
873 5.55 2750.0
874 65.82 6200.0
875 4.26 238.0
876 15.16 894.0
877 123.35 3877.0
878 46.33 9448.0
879 67.17 17416.0
880 80.38 7106.0
881 35.25 4401.0
882 86.68 6594.0
883 97.4 2603.0
884 43.95 574.0
885 14.79 857.0
886 5.08 608.0
887 32.53 13588.0
888 16.97 77.0
889 189.64 1166.0
890 58.58 600.0
891 2.74 199.0
892 44.29 4842.0
893 58.16 3298.0
894 440.59 605.0
895 2.72 385.0
896 46.76 2835.0
897 111.14 366.0
898 122.24 436.0
899 86.95 1770.0
900 182.18 259.0
901 63.59 187.0
902 42.93 498.0
903 9.79 59.0
904 22.02 2220.0
905 16.09 748.0
906 32.79 609.0
907 2.33 17.0
908 3.59 533.0
909 0.21 36.0
910 72.35 3663.0
911 67.02 36915.0
912 106.9 1509.0
913 29.76 4084.0
914 0.31 31.0
915 21.12 736.0
916 21.42 142.0
917 85.58 719.0
918 79.85 5025.0
919 0.5 486.0
920 71.82 4602.0
921 14.48 269.0
922 83.68 4972.0
923 75.95 33439.0
924 0.58 1217.0
925 64.94 2148.0
926 0.09 36.0
927 90.37 1998.0
928 27.12 1157.0
929 31.9 1044.0
930 41.46 2135.0
931 43.08 1403.0
932 39.29 2381.0
933 38.41 3037.0
934 92.79 2842.0
935 33.22 2410.0
936 43.97 65.0
937 52.39 632.0
938 2.72 158.0
939 48.48 2208.0
940 110.6 224.0
941 75.5 2028.0
942 1.19 3938.0
943 36.17 634.0
944 63.73 1236.0
945 0.03 17.0
946 58.85 1074.0
947 98.61 1748.0
948 30.81 599.0
949 32.73 1572.0
950 4.14 205.0
951 40.48 1428.0
952 52.94 646.0
953 103.01 459.0
954 90.12 4080.0
955 33.21 638.0
956 129.45 5492.0
957 47.14 929.0
958 28.84 546.0
959 210.42 15836.0
960 30.69 381.0
961 9.01 1259.0
962 31.95 1726.0
963 37.15 1929.0
964 38.63 1369.0
965 30.4 1148.0
966 4.0 180.0
967 43.01 5499.0
968 34.5 161.0
969 9.54 516.0
970 86.16 2915.0
971 37.61 1223.0
972 98.65 423.0
973 50.28 963.0
974 82.73 6364.0
975 35.69 187.0
976 8.04 1599.0
977 2.85 265.0
978 38.37 260.0
979 8.94 1753.0
980 2.61 403.0
981 3.4 2304.0
982 255.79 1304.0
983 106.0 2253.0
984 210.52 7494.0
985 55.33 1072.0
986 226.24 6120.0
987 6.2 201.0
988 147.75 1010.0
989 63.57 4778.0
990 72.06 1623.0
991 50.89 2086.0
992 65.24 1239.0
993 12.04 526.0
994 0.47 150.0
995 120.2 39506.0
996 0.04 1733.0
997 28.15 1914.0
998 68.06 31637.0
999 18.69 1350.0
1000 17.72 7109.0
1001 13.32 3892.0
1002 24.3 15551.0
1003 81.52 12790.0
1004 61.65 3556.0
1005 24.3 1989.0
1006 74.79 8617.0
1007 48.79 8680.0
1008 40.92 8897.0
1009 22.6 17537.0
1010 96.11 2758.0
1011 18.26 10705.0
1012 33.51 2356.0
1013 27.78 2512.0
1014 106.58 30112.0
1015 0.24 153.0
1016 48.46 1679.0
1017 33.18 5015.0
1018 22.1 1582.0
1019 27.85 14992.0
1020 15.99 2806.0
1021 25.99 1040.0
1022 0.18 173.0
1023 34.77 1898.0
1024 0.18 64.0
1025 14.97 12390.0
1026 51.13 5368.0
1027 107.21 24931.0
1028 24.82 1023.0
1029 47.05 1123.0
1030 54.9 6423.0
1031 42.46 4488.0
1032 15.31 2393.0
1033 70.56 6735.0
1034 38.92 9866.0
1035 28.06 3631.0
1036 28.96 1169.0
1037 23.57 4871.0
1038 58.0 1809.0
1039 43.01 4409.0
1040 0.2 168.0
1041 7.96 22156.0
1042 15.06 30124.0
1043 48.53 2606.0
1044 39.11 2508.0
1045 0.06 85.0
1046 0.34 326.0
1047 47.25 15567.0
1048 29.17 6175.0
1049 24.57 2338.0
1050 26.61 1700.0
1051 20.25 1973.0
1052 0.52 287.0
1053 62.89 6356.0
1054 0.46 224.0
1055 1.32 3457.0
1056 0.81 188.0
1057 102.49 6382.0
1058 17.1 2328.0
1059 18.7 1174.0
1060 2.37 314.0
1061 4.69 124.0
1062 100.77 37205.0
1063 52.93 3895.0
1064 23.73 4244.0
1065 0.08 119.0
1066 31.94 6617.0
1067 18.64 534.0
1068 0.04 61.0
1069 52.27 4488.0
1070 13.1 596.0
1071 70.53 6451.0
1072 43.2 2873.0
1073 38.43 1531.0
1074 16.69 1926.0
1075 54.38 2443.0
1076 35.89 1281.0
1077 60.06 10750.0
1078 64.66 7941.0
1079 0.89 399.0
1080 20.45 663.0
1081 29.97 2000.0
1082 0.55 695.0
1083 71.36 1855.0
1084 78.1 5184.0
1085 21.28 2027.0
1086 1.76 385.0
1087 0.53 339.0
1088 10.73 2338.0
1089 67.98 10741.0
1090 40.82 5610.0
1091 34.13 3342.0
1092 1.0 5438.0
1093 1.7 16029.0
1094 4.41 19931.0
1095 3.45 19201.0
1096 3.95 16443.0
1097 3.09 13897.0
1098 4.17 22854.0
1099 12.72 13243.0
1100 4.57 27606.0
1101 4.71 6517.0
1102 10.59 20356.0
1103 3.66 8793.0
1104 33.94 15245.0
1105 4.96 15363.0
1106 2.98 8891.0
1107 2.44 98.0
1108 44.16 1610.0
1109 35.39 1153.0
1110 17.39 1684.0
1111 0.96 293.0
1112 38.65 3625.0
1113 145.46 5889.0
1114 7.58 624.0
1115 63.74 331.0
1116 2.25 526.0
1117 3.88 443.0
1118 49.1 1419.0
1119 162.24 6460.0
1120 46.12 3784.0
1121 25.38 1325.0
1122 0.89 1079.0
1123 76.86 2018.0
1124 0.81 1049.0
1125 12.15 1076.0
1126 38.04 11323.0
1127 119.35 2149.0
1128 77.39 866.0
1129 95.39 5561.0
1130 133.42 2056.0
1131 15.86 1267.0
1132 52.94 3889.0
1133 80.67 189.0
1134 49.18 2460.0
1135 1.7 62.0
1136 29.09 1374.0
1137 38.15 1590.0
1138 18.5 790.0
1139 243.09 1206.0
1140 108.18 6941.0
1141 57.87 8205.0
1142 0.18 102.0
1143 7.94 165.0
1144 56.18 1658.0
1145 4.94 177.0
1146 37.81 6735.0
1147 36.97 1469.0
1148 30.42 10093.0
1149 0.17 65.0
1150 197.91 86.0
1151 52.08 3342.0
1152 29.11 905.0
1153 31.54 11096.0
1154 61.66 333.0
1155 28.32 824.0
1156 0.28 60.0
1157 21.19 2315.0
1158 2.96 243.0
1159 134.09 8906.0
1160 453.38 8830.0
1161 45.58 1118.0
1162 25.39 1534.0
1163 26.71 7372.0
1164 2.95 236.0
1165 10.91 725.0
1166 54.29 5453.0
1167 37.62 4280.0
1168 34.48 2374.0
1169 0.1 241.0
1170 68.46 3264.0
1171 19.89 16135.0
1172 1.98 77.0
1173 52.01 2271.0
1174 1.3 3305.0
1175 5.22 255.0
1176 217.59 1266.0
1177 42.01 14125.0
1178 11.15 2725.0
1179 25.54 1970.0
1180 15.79 1635.0
1181 36.86 2069.0
1182 43.61 1820.0
1183 0.21 286.0
1184 38.34 108.0
1185 96.13 460.0
1186 85.81 3789.0
1187 86.11 3950.0
1188 112.88 42986.0
1189 3.59 51.0
1190 2.38 104.0
1191 76.3 4629.0
1192 43.05 826.0
1193 28.07 4164.0
1194 50.91 2222.0
1195 71.5 4429.0
1196 2.32 3083.0
1197 38.35 1189.0
1198 9.73 451.0
1199 4.02 847.0
1200 66.91 725.0
1201 93.84 3540.0
1202 14.44 310.0
1203 46.13 766.0
1204 0.02 28.0
1205 21.36 3032.0
1206 20.25 1452.0
1207 35.79 3083.0
1208 53.75 3532.0
1209 6.92 256.0
1210 2.55 176.0
1211 44.17 1132.0
1212 29.45 815.0
1213 4.18 98.0
1214 42.7 658.0
1215 11.83 1361.0
1216 72.35 3641.0
1217 15.08 11596.0
1218 74.54 2070.0
1219 17.51 314.0
1220 0.87 2144.0
1221 8.75 38546.0
1222 53.76 33257.0
1223 140.7 38158.0
1224 9.75 3881.0
1225 5.46 9760.0
1226 80.73 4777.0
1227 35.15 2716.0
1228 17.83 1822.0
1229 39.61 1719.0
1230 17.75 2852.0
1231 83.3 2726.0
1232 8.97 357.0
1233 3.84 1271.0
1234 5.54 1880.0
1235 127.69 11299.0
1236 50.36 1711.0
1237 109.01 10901.0
1238 46.28 2197.0
1239 27.21 650.0
1240 58.18 2432.0
1241 0.4 49.0
1242 63.42 5457.0
1243 55.35 1868.0
1244 99.3 2267.0
1245 0.18 220.0
1246 48.01 1525.0
1247 19.81 345.0
1248 44.16 3984.0
1249 55.58 1092.0
1250 3.21 282.0
1251 35.22 4491.0
1252 1.22 378.0
1253 19.38 243.0
1254 12.36 271.0
1255 0.31 91.0
1256 181.08 10088.0
1257 0.04 19.0
1258 107.38 2211.0
1259 0.09 69.0
1260 183.3 2424.0
1261 41.26 1391.0
1262 2.45 127.0
1263 66.47 1815.0
1264 66.65 2461.0
1265 20.22 3512.0
1266 85.07 2861.0
1267 78.71 2357.0
1268 56.82 593.0
1269 53.78 1891.0
1270 46.08 1646.0
1271 88.84 16582.0
1272 0.98 399.0
1273 43.35 882.0
1274 39.11 266.0
1275 49.6 3181.0
1276 36.75 3329.0
1277 102.27 16452.0
1278 72.68 430.0
1279 124.7 602.0
1280 34.9 2249.0
1281 0.57 126.0
1282 1.05 160.0
1283 159.51 16646.0
1284 0.2 93.0
1285 0.79 211.0
1286 62.48 1853.0
1287 35.14 1244.0
1288 33.8 897.0
1289 31.35 877.0
1290 157.89 1131.0
1291 20.14 2272.0
1292 134.42 479.0
1293 51.64 846.0
1294 72.22 3176.0
1295 0.27 27.0
1296 19.36 503.0
1297 22.35 1507.0
1298 17.0 134.0
1299 1.86 87.0
1300 65.52 2281.0
1301 49.03 2805.0
1302 89.64 1162.0
1303 32.95 8153.0
1304 90.73 5216.0
1305 36.22 2287.0
1306 60.66 2338.0
1307 40.27 953.0
1308 39.57 554.0
1309 58.72 3806.0
1310 11.59 1137.0
1311 27.73 2539.0
1312 13.24 3800.0
1313 26.92 1092.0
1314 1.97 189.0
1315 48.52 782.0
1316 93.72 5848.0
1317 79.6 3310.0
1318 57.5 1228.0
1319 45.88 613.0
1320 37.2 1045.0
1321 49.18 44264.0
1322 2.84 201.0
1323 53.09 1631.0
1324 5.69 513.0
1325 6.02 727.0
1326 96.87 5948.0
1327 22.15 1045.0
1328 36.71 755.0
1329 114.28 2670.0
1330 0.47 172.0
1331 15.51 464.0
1332 63.64 3629.0
1333 35.32 991.0
1334 28.96 19104.0
1335 0.72 105.0
1336 20.35 3800.0
1337 22.31 1236.0
1338 33.3 2250.0
1339 68.55 1398.0
1340 10.06 718.0
1341 89.7 3975.0
1342 15.2 391.0
1343 3.1 205.0
1344 23.81 1199.0
1345 36.8 1771.0
1346 30.08 1517.0
1347 40.03 1149.0
1348 63.43 4354.0
1349 31.57 2348.0
1350 27.86 977.0
1351 107.25 13999.0
1352 107.3 22455.0
1353 56.54 3442.0
1354 0.84 58.0
1355 91.51 11759.0
1356 110.49 5042.0
1357 27.73 709.0
1358 35.73 4255.0
1359 0.35 118.0
1360 42.21 1511.0
1361 10.3 4409.0
1362 39.75 1405.0
1363 11.91 529.0
1364 12.49 695.0
1365 54.42 1888.0
1366 23.99 724.0
1367 0.39 83.0
1368 8.13 305.0
1369 3.26 67.0
1370 66.23 4551.0
1371 51.15 22004.0
1372 185.09 6596.0
1373 0.48 182.0
1374 0.92 94.0
1375 4.41 432.0
1376 56.5 4189.0
1377 15.2 688.0
1378 26.65 1149.0
1379 110.32 6371.0
1380 23.22 19773.0
1381 0.71 6177.0
1382 39.61 18763.0
1383 23.2 9579.0
1384 27.05 28026.0
1385 65.92 9464.0
1386 47.91 12704.0
1387 33.42 1986.0
1388 25.87 9858.0
1389 24.45 1467.0
1390 74.09 5672.0
1391 66.8 9822.0
1392 32.17 2362.0
1393 40.5 1751.0
1394 69.11 23306.0
1395 63.18 1688.0
1396 22.33 3039.0
1397 0.75 674.0
1398 13.54 1595.0
1399 19.87 1807.0
1400 18.72 9392.0
1401 23.21 7989.0
1402 17.29 2219.0
1403 25.7 2742.0
1404 0.23 125.0
1405 54.17 5201.0
1406 17.31 1166.0
1407 1.87 101.0
1408 29.23 2217.0
1409 2.27 237.0
1410 45.65 3969.0
1411 8.69 24742.0
1412 13.14 6440.0
1413 23.3 15072.0
1414 16.34 19533.0
1415 61.97 17329.0
1416 24.86 1344.0
1417 32.34 1405.0
1418 48.16 8116.0
1419 39.85 2285.0
1420 26.93 8933.0
1421 17.74 443.0
1422 0.96 349.0
1423 72.34 3329.0
1424 50.42 14870.0
1425 37.29 1896.0
1426 40.4 1318.0
1427 49.5 5040.0
1428 3.46 7150.0
1429 8.52 844.0
1430 51.11 6732.0
1431 28.27 20374.0
1432 39.52 41937.0
1433 52.88 4330.0
1434 35.17 3095.0
1435 9.93 426.0
1436 6.97 7353.0
1437 33.87 31847.0
1438 21.26 1079.0
1439 19.71 11086.0
1440 121.93 50666.0
1441 46.06 2958.0
1442 42.43 1905.0
1443 3.81 1281.0
1444 79.95 11183.0
1445 47.1 4566.0
1446 27.09 5882.0
1447 0.47 1117.0
1448 36.07 3352.0
1449 0.04 85.0
1450 17.02 703.0
1451 32.9 45100.0
1452 35.12 3782.0
1453 0.57 588.0
1454 41.13 29961.0
1455 30.9 1591.0
1456 1.09 265.0
1457 42.25 5283.0
1458 28.08 6218.0
1459 0.85 104.0
1460 1.03 119.0
1461 23.15 5033.0
1462 46.86 2018.0
1463 23.86 2125.0
1464 70.51 7728.0
1465 14.46 1214.0
1466 28.13 1618.0
1467 14.94 41676.0
1468 37.67 1663.0
1469 0.04 36.0
1470 0.31 151.0
1471 12.33 2286.0
1472 51.0 2077.0
1473 24.63 3200.0
1474 0.58 396.0
1475 24.43 5794.0
1476 1.03 11549.0
1477 0.83 3911.0
1478 2.64 1618.0
1479 1.8 8691.0
1480 4.85 20751.0
1481 3.9 23552.0
1482 1.38 11125.0
1483 0.91 7926.0
1484 3.21 14694.0
1485 4.04 22611.0
1486 1.91 10641.0
1487 2.26 24465.0
1488 2.86 19775.0
1489 4.92 39999.0
1490 2.78 22431.0
1491 3.21 23480.0
1492 8.2 19039.0
1493 7.03 11536.0
1494 3.8 24227.0
1495 22.99 53555.0
1496 1.28 14046.0
1497 3.43 22665.0
1498 20.26 39889.0
1499 11.83 33385.0
1500 6.91 29267.0
1501 8.64 23426.0
1502 15.86 20857.0
1503 1.16 5713.0
1504 1.67 12817.0
1505 0.01 107.0
1506 2.46 5981.0
1507 22.19 30389.0
1508 8.21 16898.0
1509 113.28 14491.0
1510 39.3 7142.0
1511 1.45 132.0
1512 37.23 3817.0
1513 37.36 1325.0
1514 60.57 20467.0
1515 34.02 2468.0
1516 50.48 4799.0
1517 127.16 27007.0
1518 18.68 10717.0
1519 30.21 1964.0
1520 51.13 8096.0
1521 38.64 5726.0
1522 66.17 4629.0
1523 36.64 2941.0
1524 124.1 11415.0
1525 0.35 325.0
1526 1.9 8019.0
1527 31.83 41104.0
1528 50.62 11073.0
1529 78.01 20087.0
1530 11.98 655.0
1531 30.65 7524.0
1532 17.22 1719.0
1533 10.77 9105.0
1534 53.08 17813.0
1535 65.96 6220.0
1536 64.11 8016.0
1537 27.13 2672.0
1538 43.71 8598.0
1539 1.53 234.0
1540 24.79 2288.0
1541 26.18 1732.0
1542 11.7 1595.0
1543 1.48 275.0
1544 1.29 833.0
1545 23.77 1820.0
1546 58.51 8275.0
1547 35.35 4267.0
1548 5.63 308.0
1549 33.4 6025.0
1550 67.65 7192.0
1551 37.3 10691.0
1552 1.14 1701.0
1553 39.6 5393.0
1554 2.88 1325.0
1555 32.72 1351.0
1556 69.92 4895.0
1557 2.31 497.0
1558 102.76 4721.0
1559 46.9 13976.0
1560 3.75 6389.0
1561 28.33 2365.0
1562 34.14 2883.0
1563 40.79 11581.0
1564 37.8 2761.0
1565 46.81 9565.0
1566 45.61 2865.0
1567 16.73 19804.0
1568 135.43 12820.0
1569 0.39 67.0
1570 49.3 5575.0
1571 40.64 4431.0
1572 32.14 2000.0
1573 32.33 31426.0
1574 18.22 687.0
1575 0.34 207.0
1576 0.21 242.0
1577 49.22 4129.0
1578 1.85 97.0
1579 25.17 3152.0
1580 28.23 2101.0
1581 1.44 173.0
1582 34.16 4695.0
1583 30.08 4249.0
1584 0.11 91.0
1585 20.0 1537.0
1586 43.69 5651.0
1587 3.14 974.0
1588 42.52 18057.0
1589 38.84 2164.0
1590 51.88 3086.0
1591 42.1 14487.0
1592 23.74 6048.0
1593 76.29 6211.0
1594 18.36 1176.0
1595 74.73 5081.0
1596 42.6 50587.0
1597 4.08 236.0
1598 0.05 120.0
1599 11.15 10256.0
1600 0.24 749.0
1601 43.81 7854.0
1602 67.53 5446.0
1603 40.41 1748.0
1604 0.17 110.0
1605 0.37 1743.0
1606 1.81 12610.0
1607 9.72 28255.0
1608 1.68 16223.0
1609 1.74 12268.0
1610 7.25 42571.0
1611 4.35 14233.0
1612 2.89 17396.0
1613 17.08 34515.0
1614 1.83 14730.0
1615 0.24 1224.0
1616 5.79 16099.0
1617 5.94 28534.0
1618 7.68 22789.0
1619 9.66 22920.0
1620 1.46 14749.0
1621 4.48 25141.0
1622 4.12 33802.0
1623 4.61 12108.0
1624 19.08 27173.0
1625 27.93 36296.0
1626 7.64 10387.0
1627 13.62 30041.0
1628 0.15 2320.0
1629 92.38 40730.0
1630 78.78 6356.0
1631 1.99 239.0
1632 10.5 183.0
1633 50.57 1535.0
1634 48.36 3540.0
1635 39.98 1766.0
1636 26.03 3342.0
1637 18.17 487.0
1638 43.43 2747.0
1639 12.4 3104.0
1640 27.27 636.0
1641 32.98 2163.0
1642 94.33 3497.0
1643 0.25 675.0
1644 3.73 230.0
1645 0.33 153.0
1646 43.24 1295.0
1647 74.3 2540.0
1648 40.67 2156.0
1649 108.7 5450.0
1650 26.8 1031.0
1651 35.27 948.0
1652 45.81 1576.0
1653 2.24 211.0
1654 27.72 3833.0
1655 82.87 2751.0
1656 5.23 282.0
1657 110.24 4252.0
1658 65.81 3651.0
1659 79.15 2903.0
1660 26.05 1431.0
1661 61.58 1873.0
1662 0.22 314.0
1663 43.45 1783.0
1664 17.43 2094.0
1665 43.53 2289.0
1666 17.9 746.0
1667 11.1 4426.0
1668 0.25 169.0
1669 55.02 1166.0
1670 16.61 667.0
1671 75.4 2916.0
1672 0.14 110.0
1673 46.19 3487.0
1674 63.45 18775.0
1675 53.35 2088.0
1676 9.12 919.0
1677 29.61 2963.0
1678 73.86 4255.0
1679 0.18 151.0
1680 54.04 2537.0
1681 14.35 667.0
1682 0.42 1453.0
1683 112.7 6932.0
1684 72.61 2225.0
1685 54.95 2401.0
1686 24.92 320.0
1687 28.95 1033.0
1688 42.01 5121.0
1689 0.21 163.0
1690 108.65 5475.0
1691 1.04 4135.0
1692 24.92 1174.0
1693 55.88 1479.0
1694 27.66 1100.0
1695 68.73 2269.0
1696 67.65 3076.0
1697 3.37 591.0
1698 55.73 2552.0
1699 120.79 12356.0
1700 77.54 3478.0
1701 60.81 2520.0
1702 8.61 1931.0
1703 17.31 946.0
1704 3.85 520.0
1705 40.29 2380.0
1706 37.3 1745.0
1707 41.26 733.0
1708 30.74 784.0
1709 54.26 3314.0
1710 49.46 1169.0
1711 77.55 3754.0
1712 22.67 678.0
1713 16.87 919.0
1714 60.83 2216.0
1715 0.09 191.0
1716 89.87 19850.0
1717 29.97 1009.0
1718 79.68 5648.0
1719 36.03 1956.0
1720 44.05 793.0
1721 58.85 3061.0
1722 19.6 915.0
1723 16.73 938.0
1724 100.57 13043.0
1725 79.83 20453.0
1726 34.16 792.0
1727 38.97 2398.0
1728 125.96 63886.0
1729 0.24 2755.0
1730 0.02 37.0
1731 28.01 956.0
1732 0.38 215.0
1733 36.12 1598.0
1734 31.16 1029.0
1735 20.99 1039.0
1736 34.22 1404.0
1737 12.45 1307.0
1738 19.94 2607.0
1739 67.07 5569.0
1740 20.16 1378.0
1741 61.3 9821.0
1742 57.17 5456.0
1743 6.43 605.0
1744 73.89 2448.0
1745 2.32 250.0
1746 42.29 401.0
1747 16.04 781.0
1748 43.12 2398.0
1749 55.07 1668.0
1750 1.23 192.0
1751 33.23 3826.0
1752 72.19 4136.0
1753 19.16 273.0
1754 42.04 873.0
1755 77.61 6753.0
1756 44.95 1590.0
1757 52.17 4149.0
1758 42.88 8189.0
1759 0.02 6.0
1760 11.28 1454.0
1761 113.57 9616.0
1762 25.53 980.0
1763 58.38 1734.0
1764 37.37 16736.0
1765 20.86 7567.0
1766 5.62 16269.0
1767 4.17 9070.0
