0  1
0.0078125  1.00906
0.015625  1.01821
0.0234375  1.02744
0.03125  1.03674
0.0390625  1.04613
0.046875  1.05559
0.0546875  1.06513
0.0625  1.07473
0.0703125  1.0844
0.078125  1.09414
0.0859375  1.10392
0.09375  1.11375
0.101562  1.12362
0.109375  1.13351
0.117188  1.14341
0.125  1.15328
0.132812  1.16311
0.140625  1.17285
0.148438  1.18245
0.15625  1.19184
0.164062  1.20092
0.171875  1.20958
0.179688  1.21765
0.1875  1.22496
0.195312  1.23132
0.203125  1.23657
0.210938  1.2406
0.21875  1.24338
0.226562  1.24496
0.234375  1.24543
0.242188  1.2449
0.25  1.24349
0.257812  1.24129
0.265625  1.23842
0.273438  1.23494
0.28125  1.23093
0.289062  1.22645
0.296875  1.22154
0.304688  1.21626
0.3125  1.21063
0.320312  1.20469
0.328125  1.19847
0.335938  1.19199
0.34375  1.18528
0.351562  1.17835
0.359375  1.17123
0.367188  1.16394
0.375  1.15648
0.382812  1.14887
0.390625  1.14113
0.398438  1.13327
0.40625  1.12529
0.414062  1.11722
0.421875  1.10905
0.429688  1.10081
0.4375  1.09249
0.445312  1.0841
0.453125  1.07566
0.460938  1.06717
0.46875  1.05864
0.476562  1.05007
0.484375  1.04148
0.492188  1.03286
0.5  1.02422
0.507812  1.01557
0.515625  1.00691
0.523438  0.998255
0.53125  0.989598
0.539062  0.980946
0.546875  0.972306
0.554688  0.963679
0.5625  0.95507
0.570312  0.946483
0.578125  0.937921
0.585938  0.929386
0.59375  0.920882
0.601562  0.912411
0.609375  0.903977
0.617188  0.895582
0.625  0.887227
0.632812  0.878916
0.640625  0.870649
0.648438  0.86243
0.65625  0.85426
0.664062  0.846141
0.671875  0.838073
0.679688  0.83006
0.6875  0.822102
0.695312  0.814199
0.703125  0.806355
0.710938  0.798569
0.71875  0.790843
0.726562  0.783177
0.734375  0.775572
0.742188  0.76803
0.75  0.76055
0.757812  0.753133
0.765625  0.745781
0.773438  0.738493
0.78125  0.731269
0.789062  0.724111
0.796875  0.717019
0.804688  0.709991
0.8125  0.70303
0.820312  0.696135
0.828125  0.689306
0.835938  0.682544
0.84375  0.675847
0.851562  0.669217
0.859375  0.662653
0.867188  0.656155
0.875  0.649722
0.882812  0.643356
0.890625  0.637055
0.898438  0.63082
0.90625  0.624649
0.914062  0.618544
0.921875  0.612503
0.929688  0.606526
0.9375  0.600613
0.945312  0.594764
0.953125  0.588978
0.960938  0.583255
0.96875  0.577594
0.976562  0.571995
0.984375  0.566458
0.992188  0.560981
1  0.555566
