95	7214
0	0	161
0	1	544
0	2	12
0	3	93
0	4	19
0	5	212
0	7	80
0	8	22
0	10	363
0	11	264
0	12	35
0	13	48
0	14	19
0	15	231
0	17	51
0	18	164
0	19	32
0	20	103
0	21	45
0	23	64
0	24	154
0	25	254
0	26	628
0	27	38
0	28	86
0	29	141
0	30	6
0	31	248
0	32	286
0	33	54
0	34	22
0	35	22
0	36	9
0	38	16
0	39	106
0	40	586
0	41	331
0	42	496
0	43	386
0	44	618
0	46	9
0	47	74
0	48	74
0	49	711
0	50	57
0	51	28
0	53	16
0	54	16
0	55	54
0	56	254
0	57	125
0	58	112
0	59	144
0	60	48
0	61	57
0	62	35
0	63	93
0	64	225
0	65	9
0	67	32
0	69	248
0	70	54
0	71	57
0	72	22
0	73	244
0	74	48
0	75	1037
0	76	157
0	77	132
0	78	25
0	80	119
0	82	35
0	83	112
0	84	141
0	85	12
0	86	199
0	88	35
0	89	112
0	90	90
0	91	177
0	92	9
0	93	12
1	1	300
1	3	3
1	4	6
1	5	45
1	7	57
1	8	9
1	10	33
1	11	6
1	13	12
1	14	6
1	15	33
1	17	6
1	18	12
1	20	3
1	24	15
1	25	66
1	26	102
1	27	3
1	29	24
1	30	3
1	31	12
1	32	48
1	33	3
1	35	6
1	39	6
1	40	69
1	41	75
1	42	18
1	43	3
1	44	87
1	48	3
1	49	27
1	50	6
1	51	3
1	56	24
1	58	9
1	59	21
1	60	3
1	61	3
1	64	15
1	69	15
1	70	6
1	71	3
1	72	3
1	73	60
1	74	3
1	75	9
1	76	54
1	77	9
1	78	3
1	80	6
1	82	3
1	83	6
1	84	18
1	86	24
1	89	9
1	91	36
2	1	107
2	2	175
2	5	16
2	7	5
2	8	5
2	10	16
2	11	28
2	12	11
2	13	5
2	15	50
2	17	5
2	18	16
2	20	11
2	23	5
2	24	22
2	25	16
2	26	73
2	27	5
2	28	5
2	29	5
2	30	5
2	31	5
2	32	33
2	33	11
2	34	5
2	36	5
2	40	84
2	41	33
2	42	39
2	43	56
2	44	50
2	47	22
2	48	22
2	49	28
2	51	5
2	54	5
2	56	11
2	58	5
2	59	11
2	60	11
2	62	28
2	63	469
2	64	5
2	69	11
2	70	5
2	72	39
2	73	45
2	74	5
2	75	5
2	76	28
2	77	33
2	78	11
2	82	11
2	83	5
2	84	22
2	85	11
2	86	50
2	88	11
2	89	45
2	90	5
2	91	5
2	93	5
3	0	22
3	1	3932
3	2	5
3	3	741
3	4	28
3	5	838
3	6	2
3	7	666
3	8	148
3	10	1050
3	11	1035
3	12	88
3	13	108
3	14	42
3	15	832
3	17	74
3	18	71
3	19	57
3	20	437
3	21	203
3	23	137
3	24	394
3	25	1030
3	26	2564
3	27	57
3	28	17
3	29	409
3	30	34
3	31	517
3	32	1144
3	33	62
3	34	20
3	35	65
3	36	28
3	37	2
3	38	11
3	39	280
3	40	2034
3	41	1553
3	42	1316
3	43	74
3	44	2149
3	46	17
3	47	111
3	48	309
3	49	978
3	50	131
3	51	77
3	53	5
3	54	62
3	55	11
3	56	938
3	57	266
3	58	211
3	59	635
3	60	117
3	61	105
3	62	103
3	63	68
3	64	818
3	67	82
3	68	2
3	69	538
3	70	143
3	71	85
3	72	17
3	73	1058
3	74	208
3	75	512
3	76	838
3	77	372
3	78	125
3	80	226
3	81	5
3	82	37
3	83	351
3	84	300
3	85	25
3	86	497
3	88	168
3	89	509
3	90	186
3	91	1098
3	92	25
3	93	163
3	94	11
4	0	6
4	1	253
4	3	9
4	4	426
4	5	573
4	6	3
4	7	89
4	8	259
4	10	436
4	11	136
4	12	139
4	13	39
4	14	76
4	15	742
4	18	6
4	19	19
4	20	29
4	21	6
4	23	23
4	24	106
4	25	123
4	26	436
4	27	76
4	29	49
4	30	36
4	31	33
4	32	153
4	33	66
4	34	16
4	35	99
4	36	3
4	38	39
4	39	6
4	40	799
4	41	199
4	42	73
4	43	6
4	44	633
4	46	6
4	47	19
4	48	59
4	49	83
4	50	3
4	53	13
4	54	9
4	55	3
4	56	76
4	57	19
4	58	76
4	59	146
4	60	23
4	61	6
4	62	9
4	63	6
4	64	166
4	66	13
4	68	3
4	69	196
4	70	39
4	71	9
4	72	13
4	73	209
4	74	16
4	75	39
4	76	1082
4	77	213
4	78	39
4	80	23
4	82	3
4	83	16
4	84	93
4	86	249
4	88	33
4	89	46
4	90	96
4	91	146
4	92	6
4	93	23
4	94	6
5	0	4
5	1	1799
5	3	111
5	4	70
5	5	3101
5	6	2
5	7	331
5	8	469
5	10	2114
5	11	355
5	12	476
5	13	58
5	14	96
5	15	2431
5	17	41
5	18	33
5	19	174
5	20	224
5	21	43
5	23	106
5	24	435
5	25	592
5	26	2138
5	27	169
5	28	4
5	29	374
5	30	50
5	31	154
5	32	895
5	33	48
5	34	21
5	35	283
5	36	26
5	37	2
5	38	16
5	39	50
5	40	3791
5	41	1008
5	42	324
5	43	26
5	44	2864
5	46	4
5	47	94
5	48	355
5	49	396
5	50	36
5	51	16
5	53	4
5	54	24
5	56	810
5	57	77
5	58	224
5	59	701
5	60	140
5	61	94
5	62	50
5	63	26
5	64	1151
5	65	4
5	66	4
5	67	16
5	69	870
5	70	94
5	71	149
5	72	4
5	73	1168
5	74	149
5	75	203
5	76	2508
5	77	943
5	78	249
5	80	128
5	81	2
5	82	24
5	83	91
5	84	329
5	85	24
5	86	1248
5	88	191
5	89	133
5	90	382
5	91	570
5	92	4
5	93	33
5	94	12
6	1	38
6	3	27
6	5	71
6	6	176
6	7	22
6	8	22
6	10	33
6	11	71
6	13	11
6	14	5
6	15	121
6	17	5
6	20	22
6	23	44
6	24	93
6	26	115
6	27	22
6	29	5
6	30	44
6	31	11
6	32	71
6	33	22
6	34	11
6	35	16
6	36	11
6	39	5
6	40	104
6	41	27
6	42	44
6	43	5
6	44	171
6	47	11
6	48	33
6	49	16
6	50	5
6	53	60
6	56	16
6	58	22
6	59	5
6	60	5
6	61	5
6	62	38
6	63	33
6	64	27
6	70	22
6	72	16
6	73	71
6	74	16
6	75	11
6	76	44
6	77	33
6	78	16
6	83	5
6	84	187
6	86	71
6	88	77
6	89	27
6	90	16
6	91	33
6	93	5
7	1	125
7	3	7
7	5	23
7	7	79
7	8	1
7	10	21
7	11	35
7	12	1
7	13	5
7	14	1
7	15	27
7	17	1
7	18	3
7	19	3
7	20	1
7	21	1
7	22	1
7	23	3
7	24	23
7	25	19
7	26	65
7	27	5
7	28	1
7	29	11
7	31	9
7	32	41
7	34	1
7	35	3
7	36	3
7	39	7
7	40	59
7	41	55
7	42	11
7	44	87
7	47	1
7	48	11
7	49	13
7	51	1
7	56	13
7	57	5
7	58	5
7	59	13
7	61	5
7	62	1
7	63	1
7	64	15
7	69	15
7	70	1
7	71	3
7	73	81
7	74	1
7	75	7
7	76	57
7	77	11
7	78	3
7	80	5
7	83	11
7	84	3
7	86	25
7	88	3
7	89	1
7	90	9
7	91	23
7	93	7
8	0	3
8	1	165
8	3	8
8	4	22
8	5	208
8	7	50
8	8	160
8	10	134
8	11	40
8	12	111
8	13	3
8	14	29
8	15	290
8	17	3
8	18	1
8	19	24
8	20	10
8	21	5
8	23	1
8	24	81
8	25	43
8	26	222
8	27	20
8	29	45
8	31	12
8	32	69
8	33	6
8	34	1
8	35	15
8	38	3
8	39	5
8	40	456
8	41	85
8	42	26
8	44	316
8	47	13
8	48	27
8	49	24
8	50	8
8	51	1
8	54	1
8	56	62
8	57	12
8	58	24
8	59	52
8	60	20
8	62	5
8	63	5
8	64	67
8	66	3
8	69	76
8	70	6
8	71	15
8	73	123
8	74	6
8	75	17
8	76	215
8	77	135
8	78	5
8	80	13
8	83	6
8	84	47
8	85	5
8	86	113
8	88	13
8	89	17
8	90	81
8	91	22
8	94	1
9	64	11
10	0	17
10	1	909
10	2	2
10	3	91
10	4	22
10	5	876
10	7	222
10	8	233
10	10	2722
10	11	288
10	12	146
10	13	27
10	14	32
10	15	889
10	17	60
10	18	32
10	19	27
10	20	298
10	21	40
10	23	78
10	24	260
10	25	349
10	26	1139
10	27	106
10	28	20
10	29	438
10	30	17
10	31	149
10	32	423
10	33	20
10	34	12
10	35	68
10	36	17
10	37	5
10	38	7
10	39	27
10	40	2229
10	41	574
10	42	291
10	43	22
10	44	1517
10	46	2
10	47	50
10	48	189
10	49	506
10	50	63
10	51	20
10	54	43
10	56	602
10	57	108
10	58	293
10	59	433
10	60	144
10	61	88
10	62	55
10	63	17
10	64	650
10	66	2
10	67	5
10	69	1203
10	70	65
10	71	169
10	72	5
10	73	564
10	74	70
10	75	146
10	76	1185
10	77	347
10	78	253
10	80	88
10	81	2
10	82	12
10	83	86
10	84	189
10	85	20
10	86	463
10	88	93
10	89	88
10	90	116
10	91	286
10	92	7
10	93	27
10	94	12
11	1	875
11	2	2
11	3	133
11	4	11
11	5	308
11	6	5
11	7	152
11	8	80
11	10	327
11	11	992
11	12	47
11	13	52
11	14	8
11	15	366
11	17	11
11	18	50
11	19	36
11	20	100
11	21	80
11	23	205
11	24	700
11	25	286
11	26	1067
11	27	38
11	28	5
11	29	136
11	30	41
11	31	111
11	32	716
11	33	2
11	34	19
11	35	36
11	36	8
11	39	150
11	40	683
11	41	536
11	42	427
11	43	22
11	44	994
11	46	16
11	47	16
11	48	186
11	49	258
11	50	27
11	51	25
11	53	13
11	54	16
11	56	302
11	57	88
11	58	69
11	59	166
11	60	44
11	61	38
11	62	80
11	63	16
11	64	366
11	65	5
11	67	19
11	69	180
11	70	138
11	71	52
11	72	5
11	73	483
11	74	266
11	75	150
11	76	305
11	77	263
11	78	50
11	80	55
11	82	8
11	83	252
11	84	327
11	85	8
11	86	250
11	88	186
11	89	172
11	90	91
11	91	222
11	92	5
11	93	144
11	94	5
12	1	221
12	3	15
12	4	39
12	5	363
12	7	54
12	8	225
12	10	455
12	11	32
12	12	288
12	13	24
12	14	107
12	15	615
12	17	13
12	18	8
12	19	21
12	20	35
12	21	4
12	23	4
12	24	65
12	25	87
12	26	273
12	27	52
12	29	56
12	30	15
12	31	19
12	32	161
12	33	19
12	34	2
12	35	30
12	38	6
12	39	2
12	40	625
12	41	105
12	42	39
12	43	8
12	44	383
12	47	15
12	48	37
12	49	107
12	50	2
12	54	2
12	56	89
12	57	24
12	58	56
12	59	91
12	60	41
12	61	2
12	62	13
12	63	2
12	64	120
12	67	2
12	69	199
12	70	24
12	71	43
12	73	157
12	74	2
12	75	28
12	76	628
12	77	190
12	78	32
12	80	19
12	82	4
12	83	15
12	84	63
12	85	4
12	86	164
12	88	13
12	89	15
12	90	85
12	91	61
12	93	6
13	0	2
13	1	326
13	3	27
13	4	2
13	5	101
13	6	2
13	7	164
13	8	23
13	10	111
13	11	111
13	12	25
13	13	37
13	14	2
13	15	92
13	17	11
13	18	2
13	19	2
13	20	34
13	21	25
13	23	9
13	24	88
13	25	81
13	26	226
13	27	9
13	28	2
13	29	48
13	31	37
13	32	136
13	33	6
13	35	20
13	36	4
13	39	20
13	40	224
13	41	152
13	42	90
13	44	240
13	47	18
13	48	25
13	49	74
13	50	11
13	51	6
13	54	2
13	56	125
13	57	25
13	58	32
13	59	46
13	60	2
13	61	2
13	62	2
13	63	4
13	64	78
13	67	4
13	69	55
13	70	37
13	71	4
13	72	4
13	73	152
13	74	32
13	75	27
13	76	90
13	77	44
13	78	6
13	80	2
13	82	2
13	83	11
13	84	55
13	85	4
13	86	50
13	88	32
13	89	18
13	90	39
13	91	71
13	92	2
13	93	13
13	94	2
14	0	6
14	1	438
14	3	9
14	4	37
14	5	647
14	6	2
14	7	85
14	8	243
14	10	894
14	11	51
14	12	267
14	13	18
14	14	227
14	15	831
14	17	4
14	18	6
14	19	46
14	20	60
14	21	9
14	23	11
14	24	118
14	25	111
14	26	543
14	27	123
14	28	4
14	29	74
14	30	9
14	31	30
14	32	199
14	33	18
14	34	6
14	35	85
14	36	9
14	38	2
14	39	11
14	40	1082
14	41	199
14	42	88
14	43	11
14	44	529
14	47	20
14	48	39
14	49	74
14	50	2
14	51	6
14	54	6
14	55	4
14	56	139
14	57	18
14	58	65
14	59	137
14	60	53
14	61	11
14	62	6
14	63	11
14	64	185
14	65	2
14	67	4
14	68	2
14	69	325
14	70	9
14	71	44
14	73	232
14	74	25
14	75	48
14	76	1163
14	77	257
14	78	60
14	80	39
14	82	13
14	83	32
14	84	46
14	85	9
14	86	280
14	88	23
14	89	23
14	90	83
14	91	127
14	93	20
14	94	2
15	0	11
15	1	2040
15	3	116
15	4	120
15	5	3019
15	7	389
15	8	1160
15	10	3624
15	11	422
15	12	996
15	13	54
15	14	185
15	15	4497
15	16	2
15	17	61
15	18	30
15	19	182
15	20	244
15	21	64
15	23	116
15	24	495
15	25	526
15	26	2554
15	27	365
15	28	21
15	29	422
15	30	18
15	31	206
15	32	896
15	33	104
15	34	28
15	35	253
15	36	35
15	37	2
15	38	21
15	39	68
15	40	4775
15	41	1012
15	42	427
15	43	33
15	44	2920
15	46	7
15	47	90
15	48	365
15	49	531
15	50	26
15	51	23
15	53	4
15	54	47
15	55	7
15	56	775
15	57	75
15	58	377
15	59	799
15	60	306
15	61	161
15	62	104
15	63	23
15	64	941
15	65	4
15	67	14
15	69	1480
15	70	130
15	71	263
15	72	2
15	73	1105
15	74	92
15	75	196
15	76	4125
15	77	1136
15	78	443
15	80	170
15	81	4
15	82	11
15	83	130
15	84	386
15	85	42
15	86	1335
15	87	2
15	88	265
15	89	137
15	90	476
15	91	678
15	92	9
15	93	90
15	94	9
16	0	3
16	1	16
16	5	9
16	8	3
16	10	42
16	11	6
16	15	16
16	16	6
16	20	6
16	25	3
16	26	42
16	27	13
16	29	13
16	31	6
16	32	3
16	34	9
16	35	3
16	36	42
16	38	6
16	40	39
16	41	9
16	42	9
16	43	13
16	44	16
16	47	3
16	48	3
16	49	6
16	50	3
16	54	3
16	56	6
16	58	6
16	59	9
16	60	19
16	61	13
16	63	3
16	64	13
16	65	6
16	67	6
16	69	26
16	71	6
16	73	13
16	75	13
16	76	16
16	80	6
16	81	6
16	82	16
16	84	3
16	86	6
16	88	9
16	89	6
16	91	6
17	0	32
17	1	1098
17	3	155
17	4	14
17	5	769
17	7	299
17	8	218
17	10	1496
17	11	565
17	12	92
17	13	59
17	14	44
17	15	849
17	17	577
17	18	110
17	19	59
17	20	463
17	21	38
17	22	5
17	23	122
17	24	353
17	25	706
17	26	1538
17	27	143
17	28	71
17	29	975
17	30	20
17	31	448
17	32	640
17	33	98
17	34	35
17	35	98
17	36	32
17	38	20
17	39	125
17	40	1795
17	41	1071
17	42	778
17	43	53
17	44	1601
17	46	8
17	47	86
17	48	254
17	49	1538
17	50	224
17	51	68
17	53	20
17	54	445
17	55	14
17	56	742
17	57	445
17	58	556
17	59	592
17	60	194
17	61	987
17	62	71
17	63	41
17	64	571
17	65	23
17	67	32
17	69	1325
17	70	101
17	71	260
17	72	5
17	73	685
17	74	140
17	75	568
17	76	724
17	77	344
17	78	215
17	80	338
17	81	5
17	82	77
17	83	191
17	84	242
17	85	23
17	86	583
17	87	5
17	88	86
17	89	197
17	90	119
17	91	418
17	92	17
17	93	62
17	94	32
18	0	37
18	1	446
18	2	3
18	3	96
18	4	3
18	5	136
18	6	6
18	7	68
18	8	21
18	10	195
18	11	232
18	12	21
18	13	18
18	14	6
18	15	195
18	17	31
18	18	229
18	19	3
18	20	31
18	21	34
18	23	62
18	24	142
18	25	142
18	26	366
18	27	31
18	28	6
18	29	43
18	30	6
18	31	108
18	32	204
18	33	9
18	35	18
18	36	3
18	38	3
18	39	304
18	40	356
18	41	220
18	42	477
18	43	114
18	44	443
18	47	40
18	48	80
18	49	322
18	50	15
18	51	24
18	53	12
18	54	6
18	55	18
18	56	189
18	57	74
18	58	49
18	59	77
18	60	37
18	61	15
18	62	34
18	63	167
18	64	111
18	67	18
18	69	136
18	70	31
18	71	37
18	72	15
18	73	136
18	74	49
18	75	301
18	76	130
18	77	124
18	78	43
18	80	31
18	82	21
18	83	108
18	84	102
18	85	3
18	86	108
18	88	49
18	89	127
18	90	65
18	91	77
18	92	18
18	93	27
18	94	12
19	1	407
19	3	19
19	4	4
19	5	496
19	7	71
19	8	85
19	10	267
19	11	41
19	12	68
19	13	2
19	14	19
19	15	439
19	17	2
19	18	4
19	19	127
19	20	31
19	21	12
19	23	22
19	24	142
19	25	90
19	26	538
19	27	51
19	28	4
19	29	58
19	30	14
19	31	44
19	32	208
19	33	2
19	34	4
19	35	71
19	38	2
19	39	7
19	40	791
19	41	213
19	42	68
19	43	7
19	44	675
19	47	44
19	48	93
19	49	78
19	50	7
19	53	4
19	54	12
19	56	115
19	57	24
19	58	34
19	59	98
19	60	14
19	61	17
19	62	14
19	63	2
19	64	218
19	66	2
19	69	140
19	70	19
19	71	41
19	72	2
19	73	203
19	74	41
19	75	19
19	76	601
19	77	243
19	78	31
19	80	19
19	83	7
19	84	93
19	85	7
19	86	245
19	88	34
19	89	17
19	90	78
19	91	120
19	93	24
20	0	21
20	1	2100
20	3	305
20	4	33
20	5	932
20	6	3
20	7	361
20	8	213
20	9	3
20	10	1800
20	11	648
20	12	95
20	13	43
20	14	83
20	15	874
20	17	80
20	18	46
20	19	52
20	20	1890
20	21	105
20	23	194
20	24	382
20	25	1572
20	26	2186
20	27	120
20	28	37
20	29	985
20	30	37
20	31	355
20	32	769
20	33	33
20	34	27
20	35	83
20	36	33
20	37	3
20	38	6
20	39	135
20	40	2319
20	41	1553
20	42	670
20	43	77
20	44	1930
20	46	21
20	47	108
20	48	284
20	49	960
20	50	194
20	51	55
20	53	12
20	54	123
20	55	15
20	56	1433
20	57	348
20	58	355
20	59	1118
20	60	197
20	61	126
20	62	95
20	63	43
20	64	870
20	65	3
20	67	46
20	69	1022
20	70	179
20	71	247
20	73	648
20	74	185
20	75	503
20	76	889
20	77	420
20	78	228
20	80	432
20	81	6
20	82	33
20	83	308
20	84	305
20	85	18
20	86	657
20	88	101
20	89	271
20	90	135
20	91	623
20	92	27
20	93	40
20	94	15
21	0	3
21	1	1044
21	3	112
21	5	268
21	7	319
21	8	40
21	10	285
21	11	387
21	12	17
21	13	78
21	14	20
21	15	238
21	17	6
21	18	13
21	19	20
21	20	129
21	21	166
21	23	88
21	24	166
21	25	364
21	26	677
21	27	47
21	28	3
21	29	163
21	30	17
21	31	71
21	32	442
21	33	47
21	34	6
21	35	13
21	36	17
21	38	6
21	39	64
21	40	588
21	41	490
21	42	367
21	43	10
21	44	667
21	46	10
21	47	34
21	48	81
21	49	272
21	50	40
21	51	23
21	53	13
21	54	6
21	55	3
21	56	350
21	57	91
21	58	44
21	59	234
21	60	17
21	61	13
21	62	30
21	63	20
21	64	275
21	67	40
21	69	211
21	70	54
21	71	23
21	72	3
21	73	483
21	74	115
21	75	54
21	76	211
21	77	136
21	78	44
21	80	57
21	81	3
21	82	3
21	83	173
21	84	142
21	85	6
21	86	248
21	88	85
21	89	146
21	90	44
21	91	255
21	92	20
21	93	78
21	94	3
22	15	15
22	22	23
22	24	15
22	25	7
22	26	15
22	34	30
22	35	7
22	38	99
22	41	7
22	42	7
22	44	15
22	48	15
22	53	7
22	56	7
22	57	7
22	71	7
22	73	15
22	74	7
22	76	7
22	77	7
22	78	7
22	86	7
22	89	7
23	0	5
23	1	1413
23	2	7
23	3	73
23	4	31
23	5	840
23	6	13
23	7	260
23	8	208
23	9	5
23	10	740
23	11	872
23	12	160
23	13	97
23	14	28
23	15	922
23	17	15
23	18	42
23	19	52
23	20	142
23	21	84
23	23	1065
23	24	2752
23	25	400
23	26	2472
23	27	89
23	28	21
23	29	247
23	30	108
23	31	210
23	32	1413
23	33	71
23	34	36
23	35	105
23	36	10
23	38	10
23	39	271
23	40	1763
23	41	688
23	42	553
23	43	76
23	44	2267
23	46	13
23	47	57
23	48	553
23	49	500
23	50	10
23	51	65
23	53	52
23	54	36
23	55	10
23	56	506
23	57	102
23	58	208
23	59	358
23	60	94
23	61	65
23	62	210
23	63	84
23	64	714
23	65	7
23	66	2
23	67	26
23	68	2
23	69	500
23	70	479
23	71	134
23	72	57
23	73	1072
23	74	561
23	75	205
23	76	927
23	77	743
23	78	105
23	80	150
23	81	2
23	82	13
23	83	276
23	84	1602
23	85	28
23	86	970
23	88	972
23	89	279
23	90	355
23	91	458
23	92	36
23	93	297
23	94	21
24	0	10
24	1	1585
24	3	141
24	4	32
24	5	1250
24	6	5
24	7	347
24	8	237
24	9	5
24	10	914
24	11	922
24	12	221
24	13	93
24	14	88
24	15	1325
24	17	56
24	18	48
24	19	109
24	20	221
24	21	130
24	23	449
24	24	3271
24	25	523
24	26	4300
24	27	125
24	28	2
24	29	267
24	30	171
24	31	221
24	32	1814
24	33	72
24	34	32
24	35	184
24	36	18
24	38	21
24	39	133
24	40	2082
24	41	951
24	42	636
24	43	42
24	44	3383
24	47	117
24	48	1242
24	49	494
24	50	56
24	51	32
24	53	37
24	54	42
24	55	2
24	56	563
24	57	85
24	58	205
24	59	424
24	60	112
24	61	40
24	62	400
24	63	50
24	64	932
24	65	2
24	67	48
24	68	5
24	69	606
24	70	470
24	71	88
24	72	48
24	73	1566
24	74	416
24	75	237
24	76	1160
24	77	1234
24	78	171
24	80	187
24	82	29
24	83	243
24	84	1750
24	85	58
24	86	1579
24	87	5
24	88	954
24	89	232
24	90	497
24	91	561
24	92	34
24	93	216
24	94	2
25	0	33
25	1	5289
25	3	408
25	4	40
25	5	1505
25	6	3
25	7	728
25	8	239
25	10	1947
25	11	975
25	12	143
25	13	106
25	14	62
25	15	1328
25	17	136
25	18	106
25	19	103
25	20	1170
25	21	213
25	23	209
25	24	662
25	25	3419
25	26	3147
25	27	195
25	28	14
25	29	872
25	30	44
25	31	412
25	32	1258
25	33	92
25	34	55
25	35	125
25	36	62
25	37	3
25	38	25
25	39	150
25	40	3243
25	41	2495
25	42	1277
25	43	103
25	44	3176
25	46	14
25	47	154
25	48	438
25	49	1328
25	50	467
25	51	47
25	53	11
25	54	125
25	55	3
25	56	2584
25	57	507
25	58	371
25	59	1439
25	60	231
25	61	161
25	62	103
25	63	58
25	64	1560
25	65	3
25	67	62
25	69	1056
25	70	202
25	71	173
25	72	40
25	73	1288
25	74	323
25	75	714
25	76	1188
25	77	655
25	78	265
25	79	3
25	80	386
25	81	7
25	82	51
25	83	357
25	84	493
25	85	18
25	86	802
25	88	213
25	89	301
25	90	217
25	91	1255
25	92	22
25	93	154
25	94	51
26	0	13
26	1	1260
26	3	97
26	4	21
26	5	1011
26	6	7
26	7	373
26	8	256
26	9	2
26	10	630
26	11	585
26	12	177
26	13	74
26	14	37
26	15	1024
26	17	34
26	18	29
26	19	71
26	20	156
26	21	58
26	23	193
26	24	1183
26	25	375
26	26	4013
26	27	100
26	29	158
26	30	71
26	31	169
26	32	1500
26	33	39
26	34	21
26	35	150
26	36	5
26	37	2
26	38	13
26	39	87
26	40	1747
26	41	923
26	42	471
26	43	47
26	44	2959
26	46	5
26	47	68
26	48	791
26	49	330
26	50	39
26	51	39
26	53	18
26	54	31
26	56	563
26	57	42
26	58	169
26	59	412
26	60	68
26	61	50
26	62	185
26	63	50
26	64	725
26	67	13
26	69	389
26	70	254
26	71	68
26	72	21
26	73	1580
26	74	246
26	75	206
26	76	743
26	77	857
26	78	90
26	80	92
26	82	18
26	83	169
26	84	751
26	85	60
26	86	1238
26	87	2
26	88	415
26	89	177
26	90	328
26	91	500
26	92	13
26	93	166
26	94	5
27	0	7
27	1	781
27	3	63
27	4	73
27	5	1210
27	6	4
27	7	191
27	8	457
27	9	2
27	10	2961
27	11	175
27	12	312
27	13	28
27	14	125
27	15	1821
27	16	2
27	17	30
27	18	21
27	19	61
27	20	135
27	21	42
27	22	2
27	23	33
27	24	177
27	25	225
27	26	1172
27	27	1040
27	28	4
27	29	260
27	30	11
27	31	90
27	32	312
27	33	26
27	34	35
27	35	97
27	36	75
27	37	4
27	38	47
27	39	28
27	40	2170
27	41	419
27	42	146
27	43	28
27	44	1108
27	47	47
27	48	135
27	49	251
27	50	16
27	51	18
27	53	4
27	54	23
27	55	2
27	56	255
27	57	56
27	58	236
27	59	310
27	60	194
27	61	111
27	62	35
27	63	18
27	64	296
27	65	2
27	66	4
27	67	4
27	69	864
27	70	40
27	71	253
27	72	11
27	73	452
27	74	35
27	75	116
27	76	2229
27	77	374
27	78	303
27	80	180
27	81	14
27	82	37
27	83	35
27	84	156
27	85	30
27	86	499
27	87	2
27	88	66
27	89	49
27	90	172
27	91	312
27	92	2
27	93	28
27	94	2
28	0	32
28	1	328
28	2	2
28	3	44
28	5	156
28	7	53
28	8	44
28	10	263
28	11	136
28	12	29
28	13	23
28	14	8
28	15	147
28	17	29
28	18	26
28	19	17
28	20	82
28	21	17
28	23	29
28	24	115
28	25	139
28	26	322
28	27	53
28	28	183
28	29	139
28	30	5
28	31	180
28	32	144
28	33	11
28	34	23
28	35	20
28	36	17
28	39	53
28	40	352
28	41	227
28	42	236
28	43	147
28	44	298
28	46	2
28	47	29
28	48	47
28	49	556
28	50	32
28	51	11
28	53	2
28	54	29
28	55	130
28	56	115
28	57	112
28	58	115
28	59	85
28	60	41
28	61	526
28	62	29
28	63	29
28	64	162
28	65	82
28	67	5
28	69	269
28	70	20
28	71	71
28	72	20
28	73	144
28	74	23
28	75	162
28	76	103
28	77	109
28	78	35
28	80	44
28	81	2
28	82	118
28	83	94
28	84	109
28	85	11
28	86	144
28	88	38
28	89	112
28	90	17
28	91	136
28	92	5
28	93	23
28	94	47
29	0	43
29	1	1796
29	3	224
29	4	29
29	5	1212
29	6	2
29	7	373
29	8	224
29	10	3449
29	11	736
29	12	242
29	13	73
29	14	35
29	15	1264
29	17	248
29	18	46
29	19	93
29	20	753
29	21	105
29	22	2
29	23	181
29	24	522
29	25	1069
29	26	2494
29	27	292
29	28	75
29	29	2295
29	30	49
29	31	519
29	32	835
29	33	52
29	34	61
29	35	113
29	36	40
29	37	2
29	38	17
29	39	119
29	40	3154
29	41	1358
29	42	838
29	43	87
29	44	2436
29	46	20
29	47	105
29	48	297
29	49	1530
29	50	192
29	51	46
29	53	20
29	54	496
29	55	20
29	56	1273
29	57	379
29	58	1025
29	59	966
29	60	297
29	61	569
29	62	93
29	63	64
29	64	899
29	65	2
29	67	40
29	68	2
29	69	2693
29	70	116
29	71	300
29	72	8
29	73	806
29	74	172
29	75	481
29	76	1212
29	77	625
29	78	461
29	80	359
29	81	11
29	82	61
29	83	207
29	84	353
29	85	55
29	86	876
29	88	151
29	89	219
29	90	184
29	91	607
29	92	8
29	93	140
29	94	32
30	0	8
30	1	959
30	3	106
30	4	22
30	5	627
30	6	27
30	7	181
30	8	133
30	9	2
30	10	376
30	11	482
30	12	128
30	13	36
30	14	33
30	15	636
30	17	13
30	18	44
30	19	30
30	20	122
30	21	36
30	22	2
30	23	284
30	24	1752
30	25	214
30	26	2058
30	27	30
30	28	8
30	29	117
30	30	842
30	31	136
30	32	1012
30	33	100
30	34	11
30	35	92
30	36	8
30	37	2
30	38	8
30	39	111
30	40	1297
30	41	594
30	42	298
30	43	53
30	44	1626
30	46	19
30	47	58
30	48	407
30	49	231
30	50	25
30	51	27
30	53	192
30	54	36
30	55	16
30	56	270
30	57	64
30	58	106
30	59	270
30	60	66
30	61	44
30	62	359
30	63	47
30	64	418
30	65	5
30	67	22
30	69	390
30	70	131
30	71	50
30	72	36
30	73	761
30	74	223
30	75	97
30	76	889
30	77	627
30	78	92
30	80	117
30	82	11
30	83	128
30	84	4313
30	85	19
30	86	892
30	88	697
30	89	156
30	90	265
30	91	329
30	92	13
30	93	150
30	94	5
31	0	44
31	1	1645
31	2	5
31	3	260
31	4	8
31	5	449
31	6	2
31	7	302
31	8	98
31	10	632
31	11	416
31	12	38
31	13	50
31	14	35
31	15	374
31	17	101
31	18	65
31	19	44
31	20	278
31	21	122
31	23	119
31	24	230
31	25	683
31	26	1624
31	27	74
31	28	23
31	29	344
31	30	2
31	31	1387
31	32	554
31	33	20
31	34	5
31	35	32
31	36	5
31	38	2
31	39	95
31	40	1300
31	41	950
31	42	818
31	43	35
31	44	1174
31	46	17
31	47	80
31	48	164
31	49	1171
31	50	158
31	51	71
31	53	17
31	54	62
31	55	2
31	56	569
31	57	344
31	58	185
31	59	413
31	60	140
31	61	104
31	62	71
31	63	59
31	64	434
31	65	2
31	67	23
31	69	482
31	70	56
31	71	68
31	72	20
31	73	446
31	74	140
31	75	908
31	76	428
31	77	215
31	78	71
31	80	152
31	81	2
31	82	11
31	83	173
31	84	227
31	85	11
31	86	281
31	88	86
31	89	224
31	90	77
31	91	545
31	92	23
31	93	89
31	94	5
32	0	11
32	1	1142
32	3	191
32	4	17
32	5	795
32	6	2
32	7	356
32	8	185
32	10	671
32	11	789
32	12	126
32	13	32
32	14	26
32	15	786
32	17	47
32	18	20
32	19	35
32	20	164
32	21	91
32	23	321
32	24	1216
32	25	435
32	26	2863
32	27	108
32	28	11
32	29	279
32	30	29
32	31	156
32	32	2689
32	33	14
32	34	17
32	35	135
32	36	35
32	38	11
32	39	144
32	40	1540
32	41	1025
32	42	539
32	43	58
32	44	2615
32	46	5
32	47	82
32	48	435
32	49	568
32	50	50
32	51	47
32	53	11
32	54	14
32	55	8
32	56	636
32	57	135
32	58	150
32	59	450
32	60	120
32	61	53
32	62	126
32	63	32
32	64	674
32	65	2
32	67	32
32	69	424
32	70	391
32	71	82
32	72	8
32	73	1670
32	74	430
32	75	229
32	76	715
32	77	683
32	78	114
32	80	94
32	81	11
32	82	14
32	83	303
32	84	821
32	85	53
32	86	833
32	88	468
32	89	235
32	90	226
32	91	379
32	92	20
32	93	306
32	94	5
33	1	297
33	3	13
33	4	96
33	5	359
33	6	3
33	7	86
33	8	155
33	10	179
33	11	155
33	12	44
33	13	31
33	14	17
33	15	411
33	18	17
33	19	31
33	20	31
33	21	34
33	23	17
33	24	265
33	25	72
33	26	853
33	27	41
33	28	6
33	29	51
33	30	13
33	31	34
33	32	203
33	33	666
33	34	6
33	35	93
33	36	6
33	38	3
33	39	17
33	40	518
33	41	283
33	42	148
33	43	13
33	44	770
33	47	162
33	48	134
33	49	55
33	50	6
33	53	6
33	54	10
33	56	107
33	57	37
33	58	34
33	59	86
33	60	31
33	61	13
33	62	93
33	63	10
33	64	179
33	69	107
33	70	6
33	71	27
33	72	3
33	73	265
33	74	44
33	75	31
33	76	421
33	77	404
33	78	48
33	80	24
33	82	3
33	83	17
33	84	393
33	85	79
33	86	442
33	87	3
33	88	69
33	89	51
33	90	207
33	91	145
33	93	13
34	0	12
34	1	193
34	2	20
34	3	20
34	4	8
34	5	137
34	6	4
34	7	40
34	8	68
34	10	471
34	11	141
34	12	16
34	13	40
34	14	4
34	15	270
34	17	28
34	18	16
34	19	28
34	20	28
34	21	8
34	23	32
34	24	116
34	25	173
34	26	451
34	27	60
34	28	4
34	29	76
34	30	8
34	31	68
34	32	165
34	33	8
34	34	5497
34	35	12
34	36	367
34	37	16
34	38	201
34	39	20
34	40	697
34	41	173
34	42	120
34	43	112
34	44	504
34	46	4
34	47	8
34	48	84
34	49	145
34	50	16
34	51	24
34	53	28
34	54	16
34	55	16
34	56	149
34	57	36
34	58	270
34	59	153
34	60	165
34	61	274
34	62	12
34	63	64
34	64	149
34	65	12
34	67	12
34	69	193
34	70	16
34	71	52
34	72	12
34	73	129
34	74	56
34	75	84
34	76	250
34	77	120
34	78	36
34	80	48
34	81	44
34	82	76
34	83	32
34	84	84
34	85	4
34	86	116
34	87	4
34	88	44
34	89	68
34	90	28
34	91	84
34	93	16
34	94	8
35	1	566
35	3	26
35	4	26
35	5	698
35	7	134
35	8	169
35	10	488
35	11	107
35	12	104
35	13	24
35	14	24
35	15	639
35	17	13
35	18	10
35	19	94
35	20	42
35	21	8
35	22	2
35	23	32
35	24	182
35	25	161
35	26	1123
35	27	40
35	28	5
35	29	75
35	30	13
35	31	51
35	32	335
35	33	10
35	34	13
35	35	494
35	36	5
35	38	5
35	39	42
35	40	1131
35	41	376
35	42	67
35	43	21
35	44	1308
35	47	21
35	48	150
35	49	96
35	50	2
35	51	10
35	54	2
35	56	177
35	57	34
35	58	64
35	59	206
35	60	26
35	61	10
35	62	5
35	63	18
35	64	384
35	67	5
35	69	282
35	70	29
35	71	26
35	72	8
35	73	456
35	74	45
35	75	75
35	76	832
35	77	655
35	78	69
35	80	61
35	82	2
35	83	32
35	84	145
35	85	13
35	86	574
35	88	29
35	89	59
35	90	198
35	91	115
35	92	5
35	93	16
36	1	236
36	3	6
36	4	3
36	5	164
36	7	29
36	8	19
36	10	636
36	11	72
36	12	29
36	13	39
36	14	6
36	15	187
36	16	19
36	17	22
36	18	22
36	19	6
36	20	82
36	21	9
36	23	22
36	24	75
36	25	72
36	26	384
36	27	98
36	28	6
36	29	111
36	30	6
36	31	26
36	32	78
36	33	13
36	34	246
36	35	32
36	36	640
36	37	52
36	38	22
36	39	16
36	40	436
36	41	157
36	42	118
36	43	32
36	44	269
36	46	6
36	47	9
36	48	36
36	49	128
36	50	9
36	51	6
36	54	45
36	55	13
36	56	65
36	57	32
36	58	236
36	59	52
36	60	147
36	61	200
36	62	22
36	63	26
36	64	105
36	65	9
36	67	6
36	69	393
36	70	9
36	71	82
36	72	6
36	73	118
36	74	22
36	75	62
36	76	196
36	77	52
36	78	49
36	80	42
36	81	65
36	82	131
36	83	6
36	84	55
36	85	3
36	86	88
36	88	26
36	89	19
36	90	9
36	91	108
36	92	13
36	93	9
37	1	45
37	3	7
37	5	19
37	7	7
37	8	19
37	10	159
37	11	15
37	12	3
37	13	3
37	15	45
37	16	3
37	17	3
37	19	3
37	20	3
37	21	3
37	23	3
37	24	34
37	25	11
37	26	91
37	27	19
37	28	15
37	29	15
37	31	3
37	32	30
37	33	11
37	34	49
37	35	11
37	36	133
37	37	19
37	38	3
37	39	3
37	40	87
37	41	53
37	42	30
37	43	11
37	44	49
37	47	3
37	48	3
37	49	7
37	54	15
37	56	15
37	57	11
37	58	38
37	59	22
37	60	41
37	61	64
37	62	7
37	64	34
37	65	7
37	67	3
37	69	76
37	71	7
37	73	11
37	75	11
37	76	26
37	77	26
37	78	15
37	80	22
37	81	22
37	82	30
37	83	11
37	84	19
37	86	19
37	88	7
37	89	3
37	90	7
37	91	19
37	93	3
37	94	3
38	1	219
38	3	14
38	4	52
38	5	157
38	7	57
38	8	95
38	10	385
38	11	33
38	12	57
38	13	57
38	14	61
38	15	247
38	17	19
38	18	4
38	19	38
38	20	23
38	21	4
38	22	23
38	23	19
38	24	47
38	25	52
38	26	423
38	27	109
38	29	71
38	30	9
38	31	23
38	32	85
38	33	9
38	34	190
38	35	52
38	36	33
38	37	4
38	38	3048
38	39	9
38	40	476
38	41	85
38	42	52
38	43	85
38	44	328
38	47	19
38	48	47
38	49	47
38	51	4
38	53	4
38	54	19
38	55	4
38	56	157
38	57	19
38	58	57
38	59	76
38	60	33
38	61	19
38	62	19
38	64	76
38	69	190
38	70	19
38	71	38
38	72	9
38	73	166
38	74	33
38	75	28
38	76	200
38	77	90
38	78	33
38	80	47
38	81	4
38	82	19
38	83	9
38	84	47
38	85	19
38	86	157
38	88	38
38	89	47
38	90	42
38	91	57
38	92	9
39	0	2
39	1	281
39	3	25
39	4	2
39	5	51
39	6	2
39	7	34
39	8	14
39	10	105
39	11	176
39	12	14
39	13	8
39	14	14
39	15	88
39	17	17
39	18	39
39	19	8
39	20	8
39	21	8
39	23	56
39	24	133
39	25	45
39	26	301
39	27	5
39	28	5
39	29	31
39	30	14
39	31	62
39	32	113
39	33	11
39	34	8
39	35	19
39	38	2
39	39	486
39	40	213
39	41	127
39	42	182
39	43	14
39	44	236
39	46	25
39	47	5
39	48	42
39	49	85
39	51	8
39	53	14
39	54	5
39	55	2
39	56	39
39	57	17
39	58	22
39	59	36
39	60	2
39	61	5
39	62	45
39	63	65
39	64	91
39	67	5
39	69	59
39	70	17
39	71	8
39	72	71
39	73	99
39	74	56
39	75	48
39	76	105
39	77	59
39	78	11
39	80	11
39	83	108
39	84	133
39	85	8
39	86	65
39	87	2
39	88	48
39	89	130
39	90	14
39	91	42
39	92	62
39	93	5
40	0	5
40	1	1294
40	2	2
40	3	93
40	4	38
40	5	1454
40	7	296
40	8	288
40	10	1504
40	11	311
40	12	304
40	13	43
40	14	58
40	15	1487
40	17	35
40	18	5
40	19	73
40	20	164
40	21	30
40	23	103
40	24	324
40	25	420
40	26	1413
40	27	106
40	28	7
40	29	314
40	30	35
40	31	169
40	32	610
40	33	20
40	34	12
40	35	131
40	36	25
40	38	7
40	39	45
40	40	4375
40	41	785
40	42	298
40	43	30
40	44	1874
40	46	2
40	47	40
40	48	230
40	49	402
40	50	58
40	51	27
40	54	45
40	55	5
40	56	874
40	57	68
40	58	238
40	59	633
40	60	131
40	61	68
40	62	58
40	63	7
40	64	917
40	66	2
40	67	5
40	69	947
40	70	65
40	71	124
40	72	5
40	73	663
40	74	101
40	75	149
40	76	1489
40	77	506
40	78	235
40	80	98
40	82	10
40	83	86
40	84	255
40	85	22
40	86	676
40	88	243
40	89	134
40	90	164
40	91	372
40	92	2
40	93	20
40	94	5
41	0	5
41	1	2630
41	2	2
41	3	163
41	4	19
41	5	826
41	7	829
41	8	169
41	9	2
41	10	824
41	11	395
41	12	203
41	13	62
41	14	28
41	15	919
41	17	28
41	18	50
41	19	33
41	20	160
41	21	87
41	23	79
41	24	366
41	25	787
41	26	1501
41	27	53
41	28	11
41	29	279
41	30	25
41	31	191
41	32	807
41	33	42
41	34	19
41	35	70
41	36	14
41	38	19
41	39	62
41	40	1707
41	41	2683
41	42	392
41	43	22
41	44	2342
41	46	5
41	47	36
41	48	276
41	49	341
41	50	73
41	51	19
41	53	11
41	54	59
41	55	11
41	56	804
41	57	87
41	58	138
41	59	378
41	60	124
41	61	87
41	62	45
41	63	25
41	64	699
41	65	5
41	67	36
41	69	476
41	70	93
41	71	104
41	72	16
41	73	1368
41	74	107
41	75	180
41	76	880
41	77	491
41	78	93
41	80	115
41	81	11
41	82	2
41	83	79
41	84	248
41	85	16
41	86	649
41	88	110
41	89	93
41	90	155
41	91	818
41	92	28
41	93	76
41	94	5
42	0	66
42	1	4109
42	2	2
42	3	601
42	4	18
42	5	1118
42	6	7
42	7	686
42	8	193
42	10	1118
42	11	1399
42	12	121
42	13	140
42	14	53
42	15	1105
42	17	153
42	18	318
42	19	55
42	20	487
42	21	214
42	23	304
42	24	776
42	25	1171
42	26	3232
42	27	156
42	28	50
42	29	503
42	30	37
42	31	1280
42	32	1498
42	33	60
42	34	26
42	35	98
42	36	55
42	38	15
42	39	1185
42	40	2479
42	41	2044
42	42	2821
42	43	201
42	44	2701
42	46	39
42	47	106
42	48	445
42	49	1773
42	50	148
42	51	164
42	53	31
42	54	55
42	55	29
42	56	1063
42	57	490
42	58	328
42	59	755
42	60	151
42	61	172
42	62	140
42	63	201
42	64	904
42	65	5
42	67	98
42	69	1055
42	70	235
42	71	174
42	72	90
42	73	1275
42	74	339
42	75	912
42	76	1174
42	77	535
42	78	182
42	80	241
42	81	10
42	82	68
42	83	548
42	84	522
42	85	34
42	86	792
42	88	262
42	89	845
42	90	230
42	91	1023
42	92	79
42	93	206
42	94	7
43	0	108
43	1	449
43	2	29
43	3	26
43	4	26
43	5	142
43	7	74
43	8	29
43	10	176
43	11	161
43	12	33
43	14	7
43	15	164
43	16	3
43	17	26
43	18	97
43	19	11
43	20	14
43	21	11
43	23	89
43	24	86
43	25	112
43	26	416
43	27	26
43	28	48
43	29	116
43	30	18
43	31	82
43	32	228
43	33	11
43	34	11
43	35	22
43	36	29
43	38	29
43	39	48
43	40	566
43	41	146
43	42	247
43	43	5748
43	44	382
43	47	26
43	48	41
43	49	371
43	50	18
43	51	3
43	53	7
43	54	3
43	55	671
43	56	142
43	57	67
43	58	59
43	59	108
43	60	52
43	61	37
43	62	11
43	63	382
43	64	221
43	65	11
43	67	3
43	69	161
43	70	41
43	71	52
43	72	22
43	73	168
43	74	52
43	75	131
43	76	134
43	77	104
43	78	71
43	79	18
43	80	22
43	81	14
43	82	56
43	83	37
43	84	153
43	85	11
43	86	183
43	88	29
43	89	86
43	90	56
43	91	138
43	92	18
43	93	22
44	0	9
44	1	2016
44	2	2
44	3	157
44	4	24
44	5	1467
44	6	4
44	7	534
44	8	362
44	10	1149
44	11	492
44	12	329
44	13	89
44	14	57
44	15	1327
44	17	47
44	18	22
44	19	152
44	20	222
44	21	74
44	23	147
44	24	657
44	25	539
44	26	3269
44	27	107
44	28	7
44	29	352
44	30	47
44	31	204
44	32	1229
44	33	59
44	34	22
44	35	377
44	36	29
44	37	4
44	38	2
44	39	62
44	40	2366
44	41	1427
44	42	387
44	43	39
44	44	5383
44	46	2
44	47	94
44	48	629
44	49	459
44	50	34
44	51	47
44	53	7
44	54	22
44	55	7
44	56	749
44	57	74
44	58	239
44	59	594
44	60	152
44	61	54
44	62	102
44	63	32
44	64	1214
44	67	39
44	69	774
44	70	157
44	71	104
44	72	22
44	73	1829
44	74	192
44	75	199
44	76	1487
44	77	1274
44	78	267
44	80	122
44	82	12
44	83	117
44	84	517
44	85	74
44	86	1739
44	88	214
44	89	202
44	90	402
44	91	604
44	92	9
44	93	92
44	94	4
45	1	10
45	26	10
45	41	10
45	44	10
45	56	5
45	62	5
45	63	25
45	72	5
45	74	5
46	0	2
46	1	159
46	3	11
46	4	2
46	5	42
46	6	2
46	7	25
46	8	5
46	10	22
46	11	99
46	12	8
46	13	5
46	15	42
46	17	2
46	18	5
46	21	2
46	23	45
46	24	45
46	25	25
46	26	142
46	27	5
46	29	25
46	30	17
46	31	8
46	32	74
46	33	8
46	34	8
46	35	2
46	36	2
46	39	170
46	40	62
46	41	51
46	42	56
46	43	11
46	44	122
46	46	76
46	47	17
46	48	11
46	49	28
46	51	2
46	53	22
46	54	2
46	55	2
46	56	19
46	57	5
46	58	8
46	59	11
46	60	5
46	61	5
46	62	17
46	63	14
46	64	31
46	67	2
46	69	34
46	70	14
46	71	2
46	72	51
46	73	37
46	74	11
46	75	14
46	76	65
46	77	14
46	78	17
46	80	28
46	82	2
46	83	45
46	84	125
46	85	2
46	86	48
46	88	19
46	89	39
46	90	11
46	91	42
46	92	34
46	93	8
47	0	10
47	1	876
47	3	58
47	4	29
47	5	926
47	6	2
47	7	211
47	8	296
47	10	677
47	11	238
47	12	158
47	13	50
47	14	52
47	15	1154
47	17	26
47	18	10
47	19	116
47	20	71
47	21	34
47	22	2
47	23	105
47	24	497
47	25	190
47	26	2253
47	27	45
47	28	2
47	29	97
47	30	45
47	31	92
47	32	701
47	33	238
47	34	18
47	35	304
47	36	21
47	37	2
47	38	21
47	39	15
47	40	1530
47	41	397
47	42	137
47	43	23
47	44	1922
47	47	1085
47	48	338
47	49	145
47	50	13
47	51	18
47	53	2
47	54	15
47	55	5
47	56	259
47	57	18
47	58	140
47	59	243
47	60	71
47	61	45
47	62	74
47	63	31
47	64	405
47	66	2
47	67	2
47	69	413
47	70	68
47	71	50
47	72	7
47	73	810
47	74	90
47	75	68
47	76	1570
47	77	1885
47	78	79
47	80	100
47	81	2
47	82	13
47	83	39
47	84	439
47	85	58
47	86	1260
47	88	119
47	89	150
47	90	775
47	91	203
47	92	7
47	93	31
47	94	2
48	0	17
48	1	2146
48	3	180
48	4	29
48	5	1686
48	7	454
48	8	518
48	9	4
48	10	1089
48	11	674
48	12	345
48	13	98
48	14	79
48	15	1689
48	17	44
48	18	46
48	19	160
48	20	170
48	21	86
48	23	266
48	24	1780
48	25	538
48	26	5922
48	27	113
48	28	7
48	29	274
48	30	88
48	31	212
48	32	1768
48	33	74
48	34	19
48	35	271
48	36	17
48	37	7
48	38	19
48	39	160
48	40	2731
48	41	1239
48	42	545
48	43	37
48	44	4230
48	46	14
48	47	175
48	48	1980
48	49	476
48	50	12
48	51	27
48	53	22
48	54	32
48	55	4
48	56	698
48	57	108
48	58	192
48	59	582
48	60	108
48	61	83
48	62	244
48	63	29
48	64	866
48	67	22
48	69	582
48	70	296
48	71	91
48	72	14
48	73	1849
48	74	313
48	75	256
48	76	1625
48	77	1758
48	78	138
48	80	195
48	81	2
48	82	19
48	83	249
48	84	1217
48	85	74
48	86	2445
48	87	2
48	88	469
48	89	237
48	90	834
48	91	790
48	92	14
48	93	145
48	94	9
49	0	27
49	1	986
49	3	180
49	4	5
49	5	379
49	7	152
49	8	85
49	10	507
49	11	329
49	12	66
49	13	44
49	14	11
49	15	379
49	17	385
49	18	49
49	19	44
49	20	207
49	21	36
49	23	63
49	24	229
49	25	457
49	26	1000
49	27	80
49	28	36
49	29	288
49	30	2
49	31	520
49	32	346
49	33	27
49	34	11
49	35	41
49	36	33
49	37	2
49	38	2
49	39	58
49	40	917
49	41	592
49	42	387
49	43	58
49	44	886
49	46	8
49	47	16
49	48	152
49	49	1612
49	50	91
49	51	30
49	53	2
49	54	80
49	55	11
49	56	410
49	57	324
49	58	141
49	59	241
49	60	99
49	61	326
49	62	47
49	63	49
49	64	296
49	65	2
49	67	11
49	69	396
49	70	72
49	71	55
49	72	8
49	73	357
49	74	110
49	75	551
49	76	387
49	77	202
49	78	58
49	80	171
49	82	8
49	83	141
49	84	182
49	85	8
49	86	299
49	88	77
49	89	149
49	90	77
49	91	346
49	92	13
49	93	30
49	94	13
50	0	2
50	1	1299
50	2	2
50	3	119
50	4	14
50	5	265
50	7	161
50	8	14
50	10	531
50	11	325
50	12	38
50	13	26
50	14	2
50	15	235
50	16	2
50	17	95
50	18	8
50	19	2
50	20	155
50	21	35
50	23	62
50	24	113
50	25	483
50	26	898
50	27	26
50	28	11
50	29	226
50	30	5
50	31	307
50	32	349
50	33	5
50	34	5
50	35	8
50	36	11
50	39	26
50	40	740
50	41	510
50	42	313
50	43	5
50	44	701
50	47	38
50	48	95
50	49	618
50	50	280
50	51	8
50	54	26
50	55	5
50	56	373
50	57	185
50	58	107
50	59	221
50	60	38
50	61	59
50	62	35
50	63	26
50	64	319
50	65	2
50	67	17
50	69	292
50	70	47
50	71	68
50	72	5
50	73	235
50	74	74
50	75	256
50	76	229
50	77	155
50	78	38
50	79	2
50	80	122
50	82	5
50	83	77
50	84	110
50	85	5
50	86	155
50	88	23
50	89	77
50	90	50
50	91	298
50	92	5
50	93	50
51	1	37
51	3	11
51	5	4
51	7	2
51	8	2
51	10	8
51	11	5
51	15	10
51	18	5
51	19	2
51	20	1
51	23	1
51	24	7
51	25	1
51	26	32
51	29	2
51	31	7
51	32	7
51	39	4
51	40	16
51	41	7
51	42	22
51	43	2
51	44	22
51	48	5
51	49	17
51	51	5
51	56	5
51	57	2
51	58	7
51	59	2
51	62	1
51	63	1
51	64	2
51	69	8
51	70	4
51	71	1
51	73	4
51	74	1
51	75	8
51	76	17
51	77	8
51	83	2
51	86	2
51	88	1
51	89	1
51	90	1
51	91	2
51	92	1
52	0	7
52	1	18
52	4	3
52	5	18
52	10	7
52	11	25
52	14	3
52	15	18
52	17	7
52	18	7
52	20	11
52	24	7
52	25	22
52	26	33
52	29	11
52	31	3
52	32	14
52	34	3
52	39	7
52	40	44
52	41	22
52	42	25
52	43	158
52	44	22
52	46	3
52	48	14
52	49	36
52	50	3
52	55	7
52	56	18
52	58	7
52	59	11
52	60	11
52	63	22
52	64	14
52	69	3
52	70	7
52	71	3
52	72	3
52	73	11
52	74	7
52	75	18
52	76	3
52	77	3
52	78	3
52	80	3
52	83	3
52	84	7
52	89	11
52	90	3
52	91	11
52	93	3
53	0	3
53	1	206
53	3	13
53	4	3
53	5	138
53	6	37
53	7	54
53	8	20
53	10	37
53	11	57
53	12	30
53	13	13
53	14	3
53	15	104
53	18	16
53	19	3
53	20	23
53	21	6
53	23	87
53	24	267
53	25	54
53	26	436
53	27	6
53	29	57
53	30	165
53	31	30
53	32	189
53	33	27
53	34	13
53	35	13
53	36	13
53	37	10
53	38	6
53	39	33
53	40	213
53	41	111
53	42	81
53	43	13
53	44	317
53	46	16
53	47	23
53	48	64
53	49	43
53	50	3
53	51	6
53	53	263
53	54	3
53	55	3
53	56	64
53	57	20
53	58	30
53	59	40
53	60	13
53	61	16
53	62	77
53	63	13
53	64	60
53	65	6
53	66	3
53	67	3
53	69	47
53	70	60
53	72	27
53	73	152
53	74	54
53	75	6
53	76	135
53	77	104
53	78	27
53	80	47
53	83	37
53	84	733
53	85	3
53	86	142
53	88	152
53	89	30
53	90	40
53	91	43
53	92	33
53	93	23
54	1	78
54	4	117
54	5	313
54	7	117
54	8	39
54	10	352
54	11	156
54	12	117
54	14	78
54	15	196
54	21	156
54	23	78
54	24	470
54	25	235
54	26	392
54	29	352
54	30	78
54	32	39
54	34	39
54	40	431
54	41	39
54	42	156
54	43	156
54	44	235
54	47	39
54	48	352
54	49	274
54	54	431
54	55	156
54	56	117
54	57	39
54	58	39
54	59	196
54	60	117
54	61	117
54	62	313
54	63	78
54	64	196
54	69	196
54	70	39
54	71	39
54	72	156
54	73	235
54	75	39
54	76	313
54	77	274
54	78	78
54	80	39
54	83	39
54	84	784
54	86	156
54	88	784
54	89	39
54	90	39
54	91	156
54	93	39
54	94	39
55	0	45
55	1	275
55	3	88
55	5	168
55	6	7
55	7	19
55	8	42
55	10	279
55	11	176
55	12	22
55	13	15
55	14	11
55	15	141
55	17	49
55	18	45
55	19	7
55	20	72
55	21	26
55	23	49
55	24	95
55	25	114
55	26	428
55	27	42
55	28	145
55	29	111
55	30	7
55	31	103
55	32	160
55	33	34
55	34	38
55	35	11
55	36	49
55	38	15
55	39	34
55	40	482
55	41	218
55	42	233
55	43	995
55	44	356
55	47	88
55	48	68
55	49	716
55	50	30
55	51	26
55	53	3
55	54	26
55	55	1317
55	56	153
55	57	80
55	58	114
55	59	99
55	60	65
55	61	206
55	62	38
55	63	122
55	64	210
55	65	80
55	66	3
55	67	34
55	69	229
55	70	34
55	71	61
55	72	7
55	73	99
55	74	42
55	75	252
55	76	137
55	77	99
55	78	42
55	80	111
55	82	191
55	83	72
55	84	180
55	85	7
55	86	134
55	88	61
55	89	95
55	90	45
55	91	164
55	92	11
55	93	7
55	94	22
56	0	14
56	1	3200
56	2	8
56	3	230
56	4	46
56	5	1623
56	6	2
56	7	668
56	8	296
56	10	1825
56	11	628
56	12	273
56	13	95
56	14	86
56	15	1461
56	17	115
56	18	77
56	19	74
56	20	461
56	21	121
56	22	2
56	23	158
56	24	507
56	25	1115
56	26	2788
56	27	210
56	28	14
56	29	487
56	30	14
56	31	366
56	32	1167
56	33	69
56	34	20
56	35	126
56	36	31
56	37	2
56	38	23
56	39	138
56	40	3503
56	41	2275
56	42	772
56	43	20
56	44	3122
56	46	14
56	47	92
56	48	461
56	49	741
56	50	123
56	51	40
56	53	11
56	54	34
56	55	11
56	56	2698
56	57	187
56	58	328
56	59	1087
56	60	173
56	61	112
56	62	80
56	63	31
56	64	1484
56	65	8
56	66	2
56	67	31
56	69	997
56	70	144
56	71	155
56	72	17
56	73	1421
56	74	190
56	75	400
56	76	1470
56	77	766
56	78	285
56	80	216
56	81	8
56	82	20
56	83	233
56	84	360
56	85	63
56	86	1000
56	87	2
56	88	126
56	89	164
56	90	216
56	91	876
56	92	43
56	93	103
56	94	5
57	0	46
57	1	1759
57	2	6
57	3	200
57	4	9
57	5	751
57	7	413
57	8	100
57	10	879
57	11	739
57	12	68
57	13	115
57	14	34
57	15	548
57	17	663
57	18	100
57	19	43
57	20	407
57	21	93
57	23	109
57	24	429
57	25	1002
57	26	1612
57	27	131
57	28	43
57	29	616
57	30	15
57	31	1005
57	32	883
57	33	43
57	34	34
57	35	90
57	36	28
57	38	12
57	39	134
57	40	1427
57	41	1158
57	42	895
57	43	81
57	44	1869
57	46	15
57	47	84
57	48	266
57	49	2076
57	50	378
57	51	50
57	53	12
57	54	100
57	55	28
57	56	804
57	57	920
57	58	303
57	59	610
57	60	191
57	61	288
57	62	81
57	63	37
57	64	745
57	65	9
57	67	15
57	69	789
57	70	97
57	71	147
57	72	9
57	73	585
57	74	147
57	75	826
57	76	541
57	77	335
57	78	128
57	80	347
57	81	3
57	82	28
57	83	278
57	84	281
57	85	40
57	86	450
57	87	3
57	88	118
57	89	284
57	90	106
57	91	629
57	92	15
57	93	103
57	94	12
58	0	49
58	1	2208
58	2	4
58	3	219
58	4	30
58	5	1729
58	7	467
58	8	368
58	10	5011
58	11	630
58	12	358
58	13	84
58	14	84
58	15	1967
58	16	4
58	17	202
58	18	66
58	19	110
58	20	653
58	21	110
58	23	110
58	24	533
58	25	804
58	26	3020
58	27	257
58	28	49
58	29	1378
58	30	40
58	31	445
58	32	1040
58	33	49
58	34	82
58	35	132
58	36	110
58	37	9
58	38	18
58	39	129
58	40	3714
58	41	1326
58	42	748
58	43	68
58	44	2857
58	46	23
58	47	129
58	48	455
58	49	1710
58	50	84
58	51	47
58	53	18
58	54	335
58	55	21
58	56	1019
58	57	261
58	58	1911
58	59	899
58	60	528
58	61	991
58	62	125
58	63	101
58	64	1134
58	65	14
58	67	25
58	68	2
58	69	5151
58	70	160
58	71	462
58	72	11
58	73	1109
58	74	219
58	75	580
58	76	2291
58	77	835
58	78	530
58	80	512
58	81	18
58	82	139
58	83	252
58	84	384
58	85	63
58	86	1083
58	88	162
58	89	316
58	90	247
58	91	693
58	92	25
58	93	103
58	94	18
59	0	50
59	1	3360
59	2	8
59	3	300
59	4	64
59	5	1883
59	6	2
59	7	595
59	8	471
59	10	4300
59	11	906
59	12	311
59	13	70
59	14	101
59	15	2038
59	16	2
59	17	145
59	18	42
59	19	95
59	20	1271
59	21	140
59	23	235
59	24	645
59	25	1543
59	26	3424
59	27	275
59	28	33
59	29	1055
59	30	39
59	31	474
59	32	1240
59	33	95
59	34	16
59	35	171
59	36	81
59	38	22
59	39	131
59	40	4800
59	41	2102
59	42	842
59	43	50
59	44	3697
59	46	8
59	47	95
59	48	381
59	49	1142
59	50	190
59	51	30
59	53	19
59	54	157
59	55	11
59	56	2231
59	57	353
59	58	583
59	59	2422
59	60	305
59	61	207
59	62	140
59	63	25
59	64	1414
59	65	2
59	67	61
59	69	1998
59	70	174
59	71	247
59	72	11
59	73	1400
59	74	230
59	75	538
59	76	1917
59	77	850
59	78	488
59	80	364
59	81	16
59	82	14
59	83	275
59	84	426
59	85	50
59	86	1052
59	88	185
59	89	308
59	90	258
59	91	909
59	92	14
59	93	126
59	94	16
60	0	25
60	1	1191
60	3	81
60	4	6
60	5	976
60	6	2
60	7	227
60	8	317
60	9	2
60	10	3438
60	11	301
60	12	217
60	13	32
60	14	53
60	15	1022
60	16	2
60	17	90
60	18	48
60	19	74
60	20	289
60	21	34
60	23	67
60	24	275
60	25	301
60	26	1353
60	27	303
60	28	25
60	29	475
60	30	20
60	31	169
60	32	479
60	33	34
60	34	118
60	35	90
60	36	120
60	38	13
60	39	41
60	40	2060
60	41	602
60	42	322
60	43	76
60	44	1291
60	46	6
60	47	34
60	48	164
60	49	683
60	50	16
60	51	25
60	53	9
60	54	157
60	55	16
60	56	398
60	57	129
60	58	788
60	59	459
60	60	816
60	61	361
60	62	32
60	63	41
60	64	435
60	66	2
60	67	9
60	68	2
60	69	2462
60	70	81
60	71	296
60	72	25
60	73	459
60	74	90
60	75	217
60	76	1263
60	77	440
60	78	231
60	80	350
60	81	9
60	82	44
60	83	62
60	84	252
60	85	25
60	86	526
60	88	85
60	89	118
60	90	166
60	91	414
60	92	13
60	93	71
60	94	20
61	0	3
61	1	298
61	3	19
61	4	3
61	5	212
61	6	3
61	7	34
61	8	53
61	10	311
61	11	92
61	12	22
61	13	9
61	14	9
61	15	180
61	17	69
61	18	15
61	19	12
61	20	114
61	21	19
61	23	22
61	24	63
61	25	126
61	26	336
61	27	44
61	28	44
61	29	174
61	30	9
61	31	79
61	32	139
61	33	19
61	34	25
61	35	15
61	36	50
61	37	9
61	38	3
61	39	9
61	40	393
61	41	225
61	42	111
61	43	12
61	44	399
61	46	3
61	47	9
61	48	76
61	49	330
61	50	25
61	51	9
61	54	44
61	55	6
61	56	165
61	57	34
61	58	218
61	59	133
61	60	72
61	61	587
61	62	15
61	63	12
61	64	114
61	65	12
61	69	425
61	70	31
61	71	34
61	72	6
61	73	114
61	74	31
61	75	76
61	76	203
61	77	92
61	78	31
61	80	50
61	81	12
61	82	126
61	83	47
61	84	57
61	85	3
61	86	111
61	88	22
61	89	38
61	90	19
61	91	111
61	92	3
61	93	19
61	94	28
62	1	201
62	3	10
62	4	7
62	5	122
62	6	5
62	7	45
62	8	39
62	10	116
62	11	111
62	12	29
62	13	21
62	14	15
62	15	156
62	18	5
62	19	18
62	20	13
62	21	7
62	23	53
62	24	358
62	25	37
62	26	496
62	27	5
62	29	39
62	30	66
62	31	10
62	32	265
62	33	34
62	34	7
62	35	21
62	36	10
62	38	2
62	39	29
62	40	260
62	41	74
62	42	68
62	44	339
62	46	7
62	47	21
62	48	132
62	49	23
62	51	7
62	53	21
62	54	2
62	56	55
62	57	2
62	58	21
62	59	37
62	60	10
62	61	7
62	62	286
62	63	5
62	64	79
62	66	2
62	67	5
62	69	63
62	70	42
62	71	15
62	72	7
62	73	119
62	74	47
62	75	31
62	76	188
62	77	148
62	78	15
62	80	26
62	83	23
62	84	530
62	85	7
62	86	156
62	88	90
62	89	53
62	90	82
62	91	66
62	92	10
62	93	18
63	0	33
63	1	1076
63	2	228
63	3	76
63	4	12
63	5	311
63	7	198
63	8	57
63	10	338
63	11	375
63	12	36
63	13	57
63	14	12
63	15	396
63	17	18
63	18	173
63	19	15
63	20	100
63	21	30
63	23	158
63	24	308
63	25	149
63	26	1113
63	27	33
63	28	9
63	29	88
63	30	36
63	31	167
63	32	481
63	33	12
63	34	27
63	35	57
63	36	24
63	38	3
63	39	356
63	40	713
63	41	381
63	42	539
63	43	494
63	44	838
63	46	9
63	47	51
63	48	128
63	49	420
63	50	30
63	51	27
63	53	9
63	54	27
63	55	79
63	56	210
63	57	36
63	58	109
63	59	161
63	60	64
63	61	60
63	62	76
63	63	4604
63	64	271
63	65	3
63	67	18
63	68	3
63	69	219
63	70	60
63	71	48
63	72	603
63	73	365
63	74	109
63	75	176
63	76	448
63	77	222
63	78	48
63	80	79
63	82	45
63	83	198
63	84	247
63	85	9
63	86	399
63	88	128
63	89	265
63	90	134
63	91	225
63	92	79
63	93	30
63	94	6
64	0	23
64	1	2362
64	3	192
64	4	26
64	5	1656
64	7	508
64	8	344
64	10	1335
64	11	502
64	12	352
64	13	55
64	14	68
64	15	1448
64	17	55
64	18	39
64	19	229
64	20	255
64	21	60
64	23	126
64	24	595
64	25	687
64	26	2962
64	27	179
64	28	13
64	29	376
64	30	36
64	31	229
64	32	1103
64	33	34
64	34	31
64	35	316
64	36	28
64	37	2
64	38	15
64	39	68
64	40	2912
64	41	1614
64	42	534
64	43	26
64	44	3865
64	46	10
64	47	123
64	48	553
64	49	537
64	50	42
64	51	21
64	54	42
64	55	13
64	56	1290
64	57	136
64	58	234
64	59	668
64	60	150
64	61	79
64	62	100
64	63	21
64	64	2067
64	65	2
64	67	28
64	69	861
64	70	147
64	71	136
64	72	7
64	73	1422
64	74	210
64	75	234
64	76	1461
64	77	1034
64	78	184
64	80	160
64	81	5
64	82	18
64	83	163
64	84	400
64	85	39
64	86	1158
64	88	221
64	89	126
64	90	279
64	91	603
64	92	15
64	93	94
64	94	7
65	0	24
65	1	153
65	3	10
65	5	76
65	7	38
65	8	34
65	10	149
65	11	59
65	12	17
65	13	10
65	14	3
65	15	80
65	17	24
65	18	17
65	19	17
65	20	55
65	21	20
65	23	27
65	24	41
65	25	108
65	26	184
65	27	17
65	28	83
65	29	66
65	30	6
65	31	101
65	32	59
65	33	6
65	34	10
65	35	24
65	36	6
65	37	3
65	39	31
65	40	240
65	41	139
65	42	160
65	43	188
65	44	223
65	46	3
65	48	20
65	49	394
65	50	31
65	51	6
65	54	6
65	55	278
65	56	80
65	57	80
65	58	80
65	59	62
65	60	38
65	61	167
65	62	10
65	63	24
65	64	111
65	65	69
65	67	10
65	69	146
65	70	17
65	71	20
65	73	80
65	74	17
65	75	69
65	76	83
65	77	41
65	78	24
65	80	59
65	82	202
65	83	24
65	84	76
65	86	59
65	87	3
65	88	24
65	89	52
65	90	13
65	91	87
65	93	6
65	94	17
66	0	4
66	1	38
66	3	4
66	4	51
66	5	60
66	8	38
66	10	51
66	11	8
66	12	30
66	14	4
66	15	90
66	18	4
66	19	8
66	20	8
66	23	17
66	24	4
66	25	25
66	26	69
66	27	4
66	32	8
66	33	12
66	34	4
66	35	12
66	38	8
66	40	103
66	41	21
66	42	8
66	43	8
66	44	43
66	47	8
66	48	4
66	50	4
66	56	30
66	57	4
66	58	8
66	59	12
66	61	4
66	63	4
66	64	4
66	66	8
66	69	8
66	71	4
66	72	4
66	73	43
66	76	103
66	77	56
66	78	4
66	84	12
66	85	17
66	86	38
66	89	8
66	90	17
66	91	8
67	0	5
67	1	668
67	3	91
67	4	2
67	5	137
67	6	2
67	7	100
67	8	20
67	10	177
67	11	177
67	12	17
67	13	25
67	14	5
67	15	146
67	17	8
67	18	8
67	19	11
67	20	40
67	21	37
67	23	45
67	24	71
67	25	177
67	26	398
67	27	22
67	29	74
67	30	5
67	31	45
67	32	189
67	33	5
67	35	11
67	36	5
67	39	37
67	40	387
67	41	275
67	42	241
67	43	11
67	44	367
67	46	5
67	47	22
67	48	43
67	49	117
67	50	20
67	51	5
67	53	5
67	54	17
67	55	5
67	56	175
67	57	22
67	58	54
67	59	137
67	60	22
67	61	5
67	62	8
67	63	8
67	64	132
67	67	34
67	69	94
67	70	17
67	71	17
67	72	2
67	73	186
67	74	43
67	75	63
67	76	134
67	77	51
67	78	11
67	80	31
67	82	2
67	83	74
67	84	60
67	85	5
67	86	80
67	88	48
67	89	97
67	90	14
67	91	126
67	92	8
67	93	11
67	94	2
68	1	45
68	2	3
68	5	18
68	10	11
68	11	41
68	12	7
68	13	3
68	15	22
68	17	3
68	23	15
68	24	15
68	25	18
68	26	49
68	28	3
68	29	3
68	30	7
68	31	3
68	32	22
68	33	3
68	38	3
68	39	37
68	40	11
68	41	18
68	42	11
68	43	11
68	44	30
68	48	11
68	49	7
68	55	15
68	57	3
68	59	3
68	62	3
68	63	87
68	64	7
68	68	3
68	69	11
68	71	7
68	72	136
68	73	11
68	74	3
68	76	18
68	80	7
68	82	3
68	83	11
68	84	18
68	86	11
68	88	7
68	89	15
68	90	3
68	91	11
68	92	7
68	93	3
69	0	18
69	1	2288
69	3	157
69	4	24
69	5	1615
69	6	4
69	7	396
69	8	366
69	10	5088
69	11	499
69	12	362
69	13	83
69	14	85
69	15	1735
69	16	4
69	17	144
69	18	56
69	19	72
69	20	605
69	21	74
69	23	135
69	24	407
69	25	657
69	26	2721
69	27	306
69	28	27
69	29	812
69	30	27
69	31	391
69	32	864
69	33	51
69	34	54
69	35	105
69	36	56
69	37	4
69	38	13
69	39	96
69	40	3535
69	41	1197
69	42	627
69	43	65
69	44	2489
69	46	4
69	47	60
69	48	310
69	49	1141
69	50	74
69	51	45
69	53	18
69	54	249
69	55	6
69	56	814
69	57	220
69	58	990
69	59	904
69	60	497
69	61	447
69	62	81
69	63	49
69	64	834
69	65	4
69	67	15
69	68	4
69	69	5723
69	70	117
69	71	319
69	72	15
69	73	925
69	74	168
69	75	396
69	76	2158
69	77	771
69	78	459
69	80	375
69	81	6
69	82	56
69	83	135
69	84	321
69	85	45
69	86	1015
69	87	2
69	88	135
69	89	162
69	90	168
69	91	747
69	92	18
69	93	67
69	94	15
70	0	9
70	1	1072
70	3	106
70	4	12
70	5	630
70	7	197
70	8	163
70	9	3
70	10	706
70	11	688
70	12	142
70	13	75
70	14	27
70	15	733
70	17	21
70	18	24
70	19	69
70	20	172
70	21	81
70	23	409
70	24	1448
70	25	327
70	26	2612
70	27	66
70	29	303
70	30	78
70	31	139
70	32	1642
70	33	45
70	34	18
70	35	75
70	36	33
70	38	21
70	39	112
70	40	1557
70	41	891
70	42	381
70	43	60
70	44	2139
70	46	3
70	47	42
70	48	594
70	49	360
70	50	33
70	51	21
70	53	9
70	54	30
70	55	12
70	56	448
70	57	109
70	58	178
70	59	342
70	60	78
70	61	45
70	62	115
70	63	33
70	64	666
70	67	9
70	69	400
70	70	836
70	71	36
70	72	27
70	73	1151
70	74	378
70	75	212
70	76	594
70	77	663
70	78	136
70	80	81
70	82	21
70	83	181
70	84	969
70	85	30
70	86	791
70	88	506
70	89	224
70	90	287
70	91	454
70	92	27
70	93	281
70	94	3
71	0	27
71	1	1557
71	3	111
71	4	43
71	5	1756
71	6	2
71	7	351
71	8	710
71	10	4969
71	11	356
71	12	509
71	13	47
71	14	130
71	15	2445
71	17	102
71	18	70
71	19	109
71	20	390
71	21	50
71	23	100
71	24	392
71	25	431
71	26	2201
71	27	833
71	28	11
71	29	475
71	30	13
71	31	143
71	32	719
71	33	57
71	34	50
71	35	164
71	36	47
71	37	2
71	38	47
71	39	68
71	40	3699
71	41	982
71	42	452
71	43	43
71	44	2240
71	46	13
71	47	89
71	48	315
71	49	634
71	50	20
71	51	36
71	53	15
71	54	75
71	55	4
71	56	550
71	57	130
71	58	616
71	59	600
71	60	461
71	61	278
71	62	52
71	63	27
71	64	735
71	65	6
71	66	2
71	67	11
71	69	2815
71	70	109
71	71	943
71	72	18
71	73	863
71	74	125
71	75	237
71	76	3270
71	77	1000
71	78	671
71	80	244
71	81	31
71	82	43
71	83	125
71	84	360
71	85	38
71	86	1002
71	87	2
71	88	127
71	89	155
71	90	292
71	91	577
71	92	22
71	93	116
71	94	15
72	0	12
72	1	635
72	2	18
72	3	77
72	4	9
72	5	211
72	6	18
72	7	74
72	8	9
72	10	180
72	11	345
72	12	28
72	13	37
72	14	37
72	15	214
72	16	3
72	17	15
72	18	62
72	19	12
72	20	43
72	21	24
72	23	208
72	24	252
72	25	108
72	26	768
72	27	56
72	28	6
72	29	43
72	30	62
72	31	56
72	32	264
72	33	6
72	34	18
72	35	37
72	36	9
72	38	15
72	39	373
72	40	317
72	41	236
72	42	171
72	43	77
72	44	435
72	46	34
72	47	12
72	48	96
72	49	164
72	50	9
72	51	12
72	53	40
72	54	6
72	55	18
72	56	99
72	57	34
72	58	52
72	59	77
72	60	18
72	61	28
72	62	34
72	63	753
72	64	164
72	65	6
72	67	3
72	68	34
72	69	136
72	70	68
72	71	28
72	72	1671
72	73	217
72	74	74
72	75	71
72	76	255
72	77	127
72	78	24
72	80	77
72	81	6
72	82	12
72	83	183
72	84	298
72	85	18
72	86	186
72	88	96
72	89	211
72	90	34
72	91	152
72	92	90
72	93	31
73	0	9
73	1	2904
73	3	242
73	4	21
73	5	996
73	6	6
73	7	1084
73	8	175
73	9	3
73	10	887
73	11	596
73	12	169
73	13	109
73	14	57
73	15	1084
73	17	45
73	18	75
73	19	84
73	20	148
73	21	115
73	22	3
73	23	121
73	24	608
73	25	726
73	26	3232
73	27	72
73	28	12
73	29	202
73	30	84
73	31	160
73	32	1729
73	33	45
73	34	9
73	35	142
73	36	12
73	37	6
73	38	24
73	39	51
73	40	2429
73	41	2017
73	42	339
73	43	45
73	44	3226
73	46	9
73	47	84
73	48	284
73	49	302
73	50	45
73	51	33
73	53	15
73	54	33
73	55	6
73	56	581
73	57	81
73	58	142
73	59	463
73	60	102
73	61	63
73	62	81
73	63	60
73	64	633
73	65	6
73	66	3
73	67	9
73	69	454
73	70	130
73	71	69
73	72	30
73	73	5434
73	74	169
73	75	199
73	76	1226
73	77	860
73	78	118
73	80	99
73	82	12
73	83	151
73	84	402
73	85	39
73	86	1002
73	88	181
73	89	154
73	90	260
73	91	793
73	92	27
73	93	209
73	94	3
74	0	2
74	1	1497
74	2	2
74	3	180
74	4	8
74	5	796
74	6	2
74	7	308
74	8	172
74	9	5
74	10	692
74	11	1150
74	12	115
74	13	104
74	14	25
74	15	717
74	17	42
74	18	53
74	19	31
74	20	169
74	21	76
74	22	2
74	23	480
74	24	1788
74	25	480
74	26	2357
74	27	141
74	28	14
74	29	299
74	30	70
74	31	163
74	32	1511
74	33	25
74	34	14
74	35	81
74	36	22
74	37	2
74	38	8
74	39	260
74	40	1656
74	41	828
74	42	505
74	43	39
74	44	2023
74	46	19
74	47	33
74	48	486
74	49	607
74	50	42
74	51	28
74	53	19
74	54	28
74	55	14
74	56	477
74	57	121
74	58	203
74	59	310
74	60	135
74	61	48
74	62	141
74	63	53
74	64	681
74	65	8
74	67	19
74	68	2
74	69	534
74	70	347
74	71	76
74	72	33
74	73	929
74	74	884
74	75	262
74	76	763
74	77	548
74	78	130
74	80	203
74	82	14
74	83	336
74	84	830
74	85	25
74	86	765
74	88	503
74	89	248
74	90	200
74	91	404
74	92	19
74	93	262
74	94	8
75	0	91
75	1	2021
75	2	2
75	3	286
75	4	16
75	5	902
75	6	11
75	7	327
75	8	158
75	10	952
75	11	838
75	12	77
75	13	97
75	14	33
75	15	688
75	17	236
75	18	124
75	19	52
75	20	427
75	21	105
75	23	180
75	24	402
75	25	902
75	26	2266
75	27	108
75	28	61
75	29	519
75	30	47
75	31	2018
75	32	758
75	33	36
75	34	27
75	35	77
75	36	30
75	37	5
75	38	5
75	39	247
75	40	1718
75	41	1307
75	42	1191
75	43	188
75	44	1757
75	46	19
75	47	91
75	48	238
75	49	2188
75	50	183
75	51	113
75	53	27
75	54	77
75	55	44
75	56	724
75	57	522
75	58	313
75	59	441
75	60	116
75	61	211
75	62	127
75	63	138
75	64	702
75	65	19
75	67	33
75	69	747
75	70	130
75	71	127
75	72	24
75	73	697
75	74	261
75	75	1757
75	76	738
75	77	333
75	78	133
75	80	344
75	81	13
75	82	30
75	83	377
75	84	424
75	85	27
75	86	433
75	88	163
75	89	349
75	90	138
75	91	885
75	92	44
75	93	124
75	94	27
76	0	4
76	1	2167
76	3	141
76	4	54
76	5	2444
76	7	462
76	8	632
76	10	3424
76	11	495
76	12	474
76	13	110
76	14	108
76	15	2989
76	17	77
76	18	51
76	19	73
76	20	314
76	21	51
76	23	162
76	24	618
76	25	599
76	26	2644
76	27	283
76	28	14
76	29	500
76	30	37
76	31	224
76	32	869
76	33	33
76	34	28
76	35	181
76	36	37
76	37	2
76	38	18
76	39	66
76	40	6902
76	41	1126
76	42	500
76	43	35
76	44	3053
76	47	96
76	48	382
76	49	673
76	50	54
76	51	25
76	53	11
76	54	40
76	55	14
76	56	1117
76	57	174
76	58	408
76	59	885
76	60	210
76	61	125
76	62	94
76	63	40
76	64	1237
76	66	7
76	67	21
76	69	1565
76	70	136
76	71	247
76	72	2
76	73	1310
76	74	134
76	75	273
76	76	4881
76	77	982
76	78	462
76	80	165
76	81	2
76	82	23
76	83	115
76	84	465
76	85	51
76	86	1166
76	87	7
76	88	361
76	89	181
76	90	255
76	91	599
76	92	7
76	93	56
76	94	7
77	0	7
77	1	1497
77	3	120
77	4	49
77	5	1539
77	6	2
77	7	408
77	8	484
77	10	1123
77	11	439
77	12	384
77	13	57
77	14	81
77	15	2113
77	17	39
77	18	39
77	19	149
77	20	141
77	21	49
77	23	86
77	24	714
77	25	366
77	26	3671
77	27	107
77	28	2
77	29	219
77	30	57
77	31	138
77	32	1063
77	33	83
77	34	20
77	35	604
77	36	7
77	38	13
77	39	18
77	40	2979
77	41	895
77	42	243
77	43	23
77	44	3199
77	46	7
77	47	246
77	48	508
77	49	455
77	50	47
77	51	13
77	53	7
77	54	34
77	56	455
77	57	109
77	58	191
77	59	481
77	60	96
77	61	41
77	62	91
77	63	26
77	64	751
77	65	5
77	66	7
77	67	23
77	68	2
77	69	733
77	70	107
77	71	107
77	72	26
77	73	1235
77	74	136
77	75	175
77	76	2356
77	77	3799
77	78	219
77	80	94
77	81	2
77	82	13
77	83	89
77	84	534
77	85	123
77	86	1998
77	88	235
77	89	138
77	90	987
77	91	513
77	92	13
77	93	83
77	94	5
78	0	21
78	1	1931
78	3	169
78	4	70
78	5	2240
78	6	2
78	7	362
78	8	758
78	10	5662
78	11	514
78	12	552
78	13	77
78	14	118
78	15	2689
78	16	4
78	17	137
78	18	62
78	19	96
78	20	543
78	21	84
78	22	2
78	23	132
78	24	557
78	25	622
78	26	2491
78	27	533
78	28	26
78	29	630
78	30	24
78	31	296
78	32	970
78	33	60
78	34	33
78	35	140
78	36	60
78	37	2
78	38	33
78	39	70
78	40	4766
78	41	1344
78	42	606
78	43	21
78	44	2813
78	46	7
78	47	74
78	48	466
78	49	741
78	50	60
78	51	50
78	53	14
78	54	159
78	55	9
78	56	903
78	57	202
78	58	796
78	59	936
78	60	659
78	61	338
78	62	91
78	63	55
78	64	1091
78	65	4
78	66	2
78	67	9
78	69	4445
78	70	108
78	71	589
78	72	7
78	73	1224
78	74	156
78	75	328
78	76	3291
78	77	936
78	78	1335
78	80	263
78	81	14
78	82	19
78	83	147
78	84	292
78	85	36
78	86	1245
78	87	2
78	88	149
78	89	161
78	90	289
78	91	721
78	92	4
78	93	96
78	94	14
79	1	10
79	3	5
79	5	10
79	7	5
79	11	5
79	15	5
79	20	5
79	24	5
79	25	5
79	26	10
79	30	5
79	32	15
79	34	5
79	40	45
79	41	20
79	42	10
79	43	111
79	44	10
79	49	10
79	55	15
79	56	10
79	64	15
79	69	10
79	71	5
79	73	15
79	74	5
79	75	25
79	76	5
79	78	5
79	86	10
79	88	5
79	89	5
79	91	5
80	0	5
80	1	406
80	3	32
80	4	8
80	5	112
80	7	80
80	8	8
80	10	246
80	11	142
80	12	11
80	13	17
80	14	8
80	15	106
80	17	20
80	18	14
80	19	17
80	20	210
80	21	20
80	23	35
80	24	83
80	25	237
80	26	427
80	27	35
80	29	136
80	30	11
80	31	86
80	32	183
80	33	2
80	34	8
80	35	14
80	36	8
80	39	23
80	40	430
80	41	290
80	42	160
80	43	8
80	44	347
80	46	2
80	47	26
80	48	56
80	49	266
80	50	97
80	51	8
80	53	8
80	54	17
80	56	213
80	57	124
80	58	83
80	59	169
80	60	11
80	61	44
80	62	11
80	63	11
80	64	109
80	67	14
80	69	163
80	70	29
80	71	35
80	72	2
80	73	136
80	74	23
80	75	136
80	76	198
80	77	53
80	78	26
80	80	100
80	81	2
80	83	44
80	84	41
80	86	80
80	87	2
80	88	29
80	89	50
80	90	23
80	91	142
80	93	32
81	0	3
81	1	52
81	4	7
81	5	63
81	7	14
81	8	10
81	10	179
81	11	28
81	12	7
81	13	3
81	14	7
81	15	45
81	16	10
81	19	3
81	20	10
81	24	7
81	25	14
81	26	126
81	27	24
81	29	14
81	31	3
81	32	21
81	33	3
81	34	129
81	35	3
81	36	119
81	37	10
81	38	21
81	40	165
81	41	35
81	42	38
81	43	7
81	44	98
81	47	3
81	48	10
81	49	31
81	50	3
81	51	3
81	54	10
81	55	3
81	56	45
81	58	28
81	59	21
81	60	52
81	61	28
81	64	17
81	65	3
81	69	98
81	70	3
81	71	24
81	72	3
81	73	17
81	74	7
81	76	59
81	77	3
81	78	10
81	80	24
81	81	3
81	82	28
81	83	3
81	84	10
81	85	3
81	86	17
81	88	7
81	89	7
81	90	7
81	91	24
82	0	12
82	1	283
82	3	42
82	4	16
82	5	76
82	6	4
82	7	29
82	8	16
82	10	237
82	11	71
82	12	21
82	13	29
82	14	8
82	15	152
82	17	29
82	18	8
82	19	16
82	20	33
82	21	12
82	23	50
82	24	63
82	25	93
82	26	309
82	27	42
82	28	46
82	29	80
82	30	4
82	31	63
82	32	76
82	34	80
82	35	21
82	36	97
82	37	12
82	38	4
82	39	8
82	40	304
82	41	160
82	42	165
82	43	59
82	44	283
82	47	59
82	48	25
82	49	351
82	50	4
82	53	4
82	54	16
82	55	38
82	56	131
82	57	63
82	58	110
82	59	55
82	60	38
82	61	203
82	62	21
82	63	38
82	64	122
82	65	21
82	67	8
82	69	169
82	70	12
82	71	29
82	73	59
82	74	46
82	75	93
82	76	156
82	77	93
82	78	16
82	80	29
82	81	12
82	82	719
82	83	16
82	84	71
82	86	135
82	87	4
82	88	33
82	89	80
82	90	12
82	91	88
82	92	12
82	93	4
82	94	42
83	0	6
83	1	1209
83	3	111
83	4	9
83	5	369
83	6	6
83	7	153
83	8	96
83	9	3
83	10	387
83	11	837
83	12	45
83	13	45
83	14	24
83	15	336
83	17	30
83	18	39
83	19	27
83	20	108
83	21	78
83	23	129
83	24	336
83	25	318
83	26	1053
83	27	24
83	28	12
83	29	147
83	30	30
83	31	183
83	32	657
83	33	36
83	34	12
83	35	39
83	36	3
83	38	6
83	39	219
83	40	852
83	41	573
83	42	426
83	43	36
83	44	1026
83	46	12
83	47	54
83	48	114
83	49	342
83	50	36
83	51	39
83	53	15
83	54	18
83	56	447
83	57	105
83	58	108
83	59	255
83	60	60
83	61	33
83	62	78
83	63	39
83	64	432
83	67	51
83	69	162
83	70	84
83	71	45
83	72	6
83	73	519
83	74	150
83	75	195
83	76	282
83	77	207
83	78	39
83	80	78
83	81	9
83	82	12
83	83	366
83	84	258
83	85	18
83	86	282
83	88	156
83	89	309
83	90	81
83	91	270
83	92	18
83	93	138
83	94	3
84	0	10
84	1	1087
84	3	104
84	4	41
84	5	744
84	6	20
84	7	200
84	8	137
84	9	2
84	10	502
84	11	457
84	12	122
84	13	31
84	14	52
84	15	783
84	17	18
84	18	75
84	19	52
84	20	124
84	21	59
84	22	2
84	23	478
84	24	1899
84	25	286
84	26	2120
84	27	52
84	29	127
84	30	442
84	31	166
84	32	1160
84	33	62
84	34	20
84	35	101
84	36	2
84	37	2
84	38	15
84	39	145
84	40	1506
84	41	627
84	42	351
84	43	33
84	44	1740
84	46	10
84	47	46
84	48	538
84	49	260
84	50	5
84	51	26
84	53	57
84	54	41
84	55	5
84	56	309
84	57	72
84	58	166
84	59	218
84	60	88
84	61	41
84	62	486
84	63	46
84	64	504
84	65	2
84	67	5
84	69	387
84	70	163
84	71	70
84	72	44
84	73	752
84	74	231
84	75	122
84	76	785
84	77	647
84	78	96
84	80	145
84	82	10
84	83	169
84	84	4780
84	85	46
84	86	897
84	87	5
84	88	988
84	89	202
84	90	366
84	91	351
84	92	20
84	93	143
84	94	2
85	1	536
85	3	61
85	4	4
85	5	437
85	7	105
85	8	115
85	10	275
85	11	96
85	12	150
85	13	25
85	14	30
85	15	416
85	17	14
85	18	7
85	19	77
85	20	51
85	21	35
85	22	4
85	23	54
85	24	392
85	25	167
85	26	1383
85	27	44
85	28	2
85	29	63
85	30	28
85	31	54
85	32	463
85	33	105
85	34	16
85	35	129
85	36	7
85	38	2
85	39	18
85	40	912
85	41	263
85	42	148
85	43	9
85	44	990
85	47	138
85	48	275
85	49	89
85	50	7
85	51	14
85	53	11
85	54	7
85	56	169
85	57	18
85	58	47
85	59	143
85	60	42
85	61	25
85	62	75
85	63	7
85	64	225
85	65	2
85	67	2
85	69	254
85	70	65
85	71	21
85	72	2
85	73	399
85	74	72
85	75	47
85	76	616
85	77	922
85	78	61
85	80	30
85	82	4
85	83	30
85	84	296
85	85	174
85	86	639
85	88	70
85	89	49
85	90	540
85	91	167
85	92	7
85	93	32
86	0	2
86	1	1608
86	3	130
86	4	42
86	5	1229
86	6	2
86	7	411
86	8	273
86	10	936
86	11	414
86	12	240
86	13	95
86	14	62
86	15	1179
86	17	30
86	18	27
86	19	110
86	20	205
86	21	55
86	23	148
86	24	813
86	25	356
86	26	3836
86	27	102
86	28	7
86	29	193
86	30	40
86	31	112
86	32	1038
86	33	80
86	34	32
86	35	348
86	36	2
86	38	7
86	39	50
86	40	1982
86	41	1011
86	42	363
86	43	35
86	44	3259
86	46	7
86	47	102
86	48	762
86	49	296
86	50	20
86	51	25
86	53	10
86	54	47
86	55	2
86	56	376
86	57	40
86	58	122
86	59	444
86	60	105
86	61	57
86	62	102
86	63	25
86	64	727
86	65	2
86	67	15
86	69	542
86	70	185
86	71	55
86	72	47
86	73	1442
86	74	130
86	75	168
86	76	1277
86	77	1513
86	78	150
86	80	72
86	81	2
86	82	15
86	83	65
86	84	559
86	85	87
86	86	2963
86	88	218
86	89	145
86	90	639
86	91	567
86	92	2
86	93	87
87	1	9
87	3	6
87	5	6
87	7	6
87	10	3
87	15	3
87	20	3
87	23	6
87	24	12
87	25	6
87	26	15
87	27	3
87	32	6
87	35	3
87	40	12
87	41	3
87	44	9
87	46	3
87	48	3
87	50	6
87	51	3
87	56	9
87	63	3
87	64	9
87	69	12
87	70	3
87	75	6
87	76	18
87	80	12
87	83	3
87	84	3
87	86	9
87	89	3
87	90	3
87	91	6
88	0	3
88	1	658
88	3	81
88	4	24
88	5	465
88	6	9
88	7	160
88	8	157
88	10	392
88	11	338
88	12	66
88	13	66
88	14	24
88	15	573
88	17	15
88	18	21
88	19	36
88	20	60
88	21	21
88	23	283
88	24	1648
88	25	187
88	26	1325
88	27	54
88	28	3
88	29	129
88	30	120
88	31	72
88	32	794
88	33	45
88	34	21
88	35	81
88	36	6
88	37	3
88	38	15
88	39	81
88	40	881
88	41	398
88	42	229
88	43	21
88	44	1168
88	46	6
88	47	48
88	48	449
88	49	196
88	50	12
88	51	9
88	53	39
88	54	33
88	55	15
88	56	265
88	57	48
88	58	90
88	59	172
88	60	36
88	61	24
88	62	226
88	63	30
88	64	347
88	66	3
88	67	12
88	69	253
88	70	238
88	71	21
88	72	27
88	73	619
88	74	187
88	75	108
88	76	459
88	77	564
88	78	90
88	80	93
88	82	9
88	83	132
88	84	1875
88	85	33
88	86	694
88	88	1232
88	89	117
88	90	163
88	91	274
88	92	12
88	93	117
89	0	17
89	1	1390
89	3	212
89	5	398
89	6	7
89	7	232
89	8	88
89	10	394
89	11	778
89	12	48
89	13	83
89	14	14
89	15	362
89	17	51
89	18	51
89	19	22
89	20	144
89	21	102
89	23	141
89	24	408
89	25	411
89	26	1179
89	27	44
89	28	12
89	29	151
89	30	19
89	31	323
89	32	702
89	33	26
89	34	9
89	35	63
89	36	17
89	37	4
89	38	4
89	39	763
89	40	969
89	41	756
89	42	714
89	43	68
89	44	1179
89	46	14
89	47	26
89	48	137
89	49	594
89	50	41
89	51	56
89	53	9
89	54	12
89	55	7
89	56	313
89	57	102
89	58	105
89	59	242
89	60	80
89	61	56
89	62	36
89	63	48
89	64	474
89	67	26
89	69	345
89	70	95
89	71	46
89	72	36
89	73	575
89	74	186
89	75	256
89	76	389
89	77	183
89	78	53
89	80	70
89	81	2
89	82	26
89	83	418
89	84	239
89	85	9
89	86	318
89	87	2
89	88	129
89	89	695
89	90	68
89	91	372
89	92	46
89	93	73
89	94	2
90	0	4
90	1	903
90	3	73
90	4	24
90	5	699
90	6	2
90	7	262
90	8	216
90	9	4
90	10	527
90	11	243
90	12	196
90	13	24
90	14	46
90	15	719
90	17	17
90	18	31
90	19	68
90	20	98
90	21	46
90	23	81
90	24	638
90	25	247
90	26	2985
90	27	68
90	28	4
90	29	115
90	30	41
90	31	98
90	32	712
90	33	85
90	34	19
90	35	142
90	36	17
90	38	4
90	39	54
90	40	1262
90	41	449
90	42	184
90	43	9
90	44	1735
90	46	4
90	47	135
90	48	437
90	49	144
90	50	4
90	51	14
90	53	19
90	54	27
90	55	12
90	56	274
90	57	31
90	58	76
90	59	208
90	60	95
90	61	41
90	62	103
90	63	17
90	64	358
90	65	2
90	67	12
90	69	417
90	70	98
90	71	24
90	72	14
90	73	712
90	74	95
90	75	95
90	76	903
90	77	1379
90	78	51
90	80	61
90	82	9
90	83	71
90	84	387
90	85	139
90	86	1146
90	87	4
90	88	115
90	89	81
90	90	1176
90	91	387
90	92	19
90	93	58
90	94	9
91	0	11
91	1	1305
91	3	148
91	4	11
91	5	357
91	7	254
91	8	30
91	10	307
91	11	240
91	12	33
91	13	19
91	14	13
91	15	190
91	17	16
91	18	16
91	19	22
91	20	128
91	21	41
91	23	33
91	24	75
91	25	349
91	26	642
91	27	30
91	28	2
91	29	167
91	30	2
91	31	220
91	32	268
91	33	13
91	34	2
91	35	27
91	36	5
91	38	2
91	39	50
91	40	620
91	41	441
91	42	248
91	43	8
91	44	659
91	47	47
91	48	100
91	49	313
91	50	67
91	51	11
91	53	2
91	54	25
91	55	5
91	56	285
91	57	131
91	58	53
91	59	170
91	60	36
91	61	25
91	62	13
91	63	16
91	64	271
91	67	27
91	69	176
91	70	41
91	71	27
91	72	2
91	73	296
91	74	47
91	75	248
91	76	318
91	77	109
91	78	27
91	80	95
91	81	5
91	82	5
91	83	67
91	84	86
91	85	5
91	86	167
91	88	39
91	89	64
91	90	22
91	91	592
91	92	2
91	93	39
91	94	2
92	0	5
92	1	495
92	2	32
92	3	29
92	4	2
92	5	131
92	6	2
92	7	83
92	8	37
92	10	141
92	11	283
92	12	26
92	13	10
92	14	10
92	15	163
92	17	10
92	18	72
92	19	10
92	20	21
92	21	21
92	23	91
92	24	195
92	25	64
92	26	543
92	27	18
92	28	2
92	29	37
92	30	24
92	31	91
92	32	182
92	33	10
92	34	18
92	35	34
92	36	10
92	39	546
92	40	286
92	41	208
92	42	246
92	43	83
92	44	417
92	46	34
92	47	21
92	48	50
92	49	133
92	50	10
92	51	2
92	53	10
92	54	8
92	55	10
92	56	96
92	57	16
92	58	56
92	59	48
92	60	13
92	61	32
92	62	34
92	63	391
92	64	136
92	66	2
92	67	5
92	69	96
92	70	24
92	71	21
92	72	289
92	73	184
92	74	64
92	75	85
92	76	200
92	77	72
92	78	21
92	80	29
92	81	2
92	83	109
92	84	235
92	85	5
92	86	171
92	87	2
92	88	50
92	89	163
92	90	18
92	91	147
92	92	64
92	93	8
93	1	248
93	5	124
93	7	31
93	8	31
93	10	62
93	11	31
93	12	31
93	15	311
93	24	311
93	25	62
93	26	280
93	27	31
93	29	93
93	30	31
93	32	217
93	34	93
93	36	31
93	38	62
93	40	186
93	41	124
93	42	62
93	43	124
93	44	311
93	47	93
93	48	93
93	49	93
93	54	93
93	56	93
93	58	186
93	59	62
93	60	62
93	61	31
93	63	93
93	64	31
93	69	62
93	70	31
93	71	31
93	72	31
93	73	529
93	74	31
93	75	124
93	76	217
93	77	217
93	78	31
93	80	31
93	82	62
93	83	93
93	86	280
93	88	93
93	89	124
93	90	62
93	91	155
93	92	31
93	93	1058
94	0	6
94	1	273
94	3	27
94	4	10
94	5	204
94	6	3
94	7	86
94	8	24
94	10	343
94	11	128
94	12	38
94	13	17
94	14	13
94	15	211
94	17	45
94	18	31
94	19	6
94	20	62
94	21	17
94	23	31
94	24	83
94	25	128
94	26	329
94	27	31
94	28	107
94	29	169
94	30	6
94	31	48
94	32	142
94	33	13
94	34	34
94	35	17
94	36	100
94	37	10
94	38	3
94	40	412
94	41	194
94	42	156
94	43	38
94	44	422
94	46	3
94	47	27
94	48	62
94	49	260
94	50	24
94	51	10
94	53	13
94	54	13
94	55	17
94	56	156
94	57	76
94	58	214
94	59	114
94	60	86
94	61	956
94	62	34
94	63	34
94	64	117
94	65	17
94	69	305
94	70	17
94	71	58
94	72	17
94	73	138
94	74	24
94	75	100
94	76	201
94	77	72
94	78	69
94	80	52
94	81	10
94	82	204
94	83	38
94	84	100
94	85	3
94	86	97
94	87	3
94	88	38
94	89	41
94	90	27
94	91	117
94	92	10
94	93	27
94	94	197
