90	6206
0	0	2689
0	1	3
0	3	85
0	4	28
0	6	14
0	7	118
0	8	17
0	9	121
0	10	14
0	11	3
0	12	665
0	13	336
0	14	78
0	15	100
0	16	1094
0	17	64
0	18	572
0	19	39
0	20	257
0	21	3
0	23	532
0	24	35
0	25	82
0	26	92
0	27	107
0	29	50
0	30	28
0	32	146
0	33	128
0	34	7
0	35	42
0	36	92
0	39	389
0	40	121
0	41	668
0	42	21
0	43	71
0	45	32
0	47	42
0	49	879
0	51	46
0	52	139
0	53	386
0	54	50
0	55	39
0	56	364
0	57	39
0	58	135
0	59	75
0	60	92
0	61	128
0	62	32
0	63	75
0	64	57
0	66	386
0	67	225
0	68	25
0	69	110
0	70	178
0	71	665
0	72	114
0	74	7
0	75	1208
0	76	382
0	77	207
0	78	933
0	79	146
0	81	582
0	82	17
0	84	17
0	85	171
0	86	60
0	87	67
0	88	71
0	89	17
1	0	23
1	1	13
1	3	59
1	4	3
1	6	3
1	7	49
1	8	3
1	9	62
1	10	9
1	11	6
1	12	62
1	13	138
1	14	92
1	15	36
1	16	39
1	17	13
1	19	9
1	20	72
1	23	89
1	24	3
1	25	13
1	26	36
1	27	66
1	29	6
1	30	3
1	32	43
1	33	3
1	34	39
1	35	33
1	36	56
1	37	23
1	39	39
1	40	6
1	41	23
1	42	39
1	43	36
1	47	6
1	49	82
1	50	6
1	51	16
1	52	19
1	53	33
1	55	16
1	56	86
1	57	19
1	59	6
1	60	36
1	61	19
1	62	23
1	63	9
1	64	9
1	66	122
1	67	33
1	68	9
1	69	16
1	70	19
1	71	29
1	72	26
1	74	72
1	75	6
1	76	6
1	77	13
1	78	16
1	79	43
1	80	3
1	81	301
1	84	13
1	85	19
1	86	9
1	87	66
1	88	19
2	0	2
2	3	12
2	6	2
2	9	2
2	12	5
2	13	5
2	14	10
2	15	12
2	16	7
2	20	43
2	23	10
2	25	2
2	26	7
2	27	5
2	32	2
2	35	7
2	36	2
2	39	7
2	43	7
2	44	5
2	45	2
2	49	7
2	51	7
2	53	2
2	55	30
2	56	7
2	60	7
2	63	2
2	66	22
2	67	2
2	72	15
2	77	2
2	78	2
2	81	27
2	82	2
2	84	2
2	85	2
2	86	2
2	88	7
3	0	72
3	1	4
3	3	5938
3	6	28
3	7	349
3	8	8
3	9	984
3	10	263
3	11	179
3	12	594
3	13	1426
3	14	2596
3	15	3417
3	16	238
3	17	159
3	18	15
3	19	90
3	20	2397
3	21	4
3	23	758
3	24	4
3	25	453
3	26	767
3	27	2519
3	28	19
3	29	170
3	30	2
3	32	420
3	33	185
3	34	174
3	35	3001
3	36	345
3	37	13
3	39	692
3	40	28
3	41	205
3	42	33
3	43	1088
3	44	6
3	45	150
3	47	126
3	49	541
3	50	79
3	51	303
3	52	48
3	53	285
3	55	471
3	56	962
3	57	265
3	58	4
3	59	176
3	60	303
3	61	161
3	62	502
3	63	643
3	64	431
3	66	3107
3	67	413
3	68	75
3	69	325
3	70	86
3	71	267
3	72	1008
3	74	37
3	75	77
3	76	35
3	77	130
3	78	59
3	79	415
3	81	5651
3	82	139
3	83	2
3	84	913
3	85	115
3	86	95
3	87	342
3	88	123
3	89	13
4	0	88
4	3	3
4	4	228
4	7	7
4	9	14
4	12	117
4	13	66
4	14	25
4	15	22
4	16	239
4	17	14
4	18	290
4	20	58
4	23	77
4	24	33
4	25	29
4	26	7
4	27	18
4	29	14
4	30	11
4	32	25
4	33	14
4	35	11
4	36	7
4	39	47
4	40	18
4	41	103
4	43	7
4	45	3
4	47	14
4	49	114
4	51	7
4	52	11
4	53	99
4	55	3
4	56	58
4	57	3
4	58	106
4	59	7
4	61	3
4	63	7
4	64	18
4	66	47
4	67	22
4	68	3
4	69	3
4	70	80
4	71	88
4	72	22
4	74	3
4	75	231
4	76	7
4	77	14
4	78	224
4	79	33
4	81	58
4	84	3
4	85	22
4	86	11
4	87	18
4	88	3
5	3	31
5	5	39
5	6	206
5	8	3
5	9	11
5	12	15
5	13	27
5	14	15
5	15	43
5	16	11
5	17	3
5	18	3
5	20	198
5	21	103
5	22	7
5	23	11
5	24	3
5	25	135
5	26	19
5	27	15
5	28	3
5	29	27
5	32	3
5	35	7
5	39	3
5	40	3
5	41	15
5	43	15
5	44	3
5	45	23
5	47	7
5	49	3
5	51	27
5	53	3
5	55	27
5	56	99
5	57	3
5	59	71
5	60	35
5	62	11
5	63	59
5	64	59
5	66	91
5	67	11
5	69	11
5	70	7
5	71	7
5	72	119
5	73	3
5	77	3
5	79	11
5	81	119
5	82	11
5	83	63
5	85	7
5	86	27
5	87	3
5	88	3
6	0	14
6	1	2
6	3	132
6	5	10
6	6	2840
6	7	40
6	8	153
6	9	87
6	10	34
6	11	4
6	12	318
6	13	151
6	14	117
6	15	109
6	16	89
6	17	27
6	18	10
6	19	40
6	20	1040
6	21	25
6	22	8
6	23	173
6	25	1087
6	26	141
6	27	185
6	28	160
6	29	104
6	30	4
6	32	211
6	33	21
6	34	4
6	35	51
6	36	64
6	39	247
6	40	29
6	41	94
6	43	115
6	44	6
6	45	205
6	47	113
6	49	113
6	50	4
6	51	151
6	52	4
6	53	175
6	55	138
6	56	609
6	57	38
6	59	611
6	60	224
6	61	49
6	62	91
6	63	247
6	64	322
6	65	8
6	66	579
6	67	149
6	68	23
6	69	89
6	70	70
6	71	98
6	72	859
6	73	98
6	75	19
6	76	4
6	77	44
6	78	19
6	79	117
6	81	874
6	82	74
6	83	25
6	84	19
6	85	34
6	86	215
6	87	38
6	88	123
6	89	14
7	0	28
7	1	4
7	3	427
7	6	30
7	7	1430
7	8	7
7	9	404
7	10	140
7	11	11
7	12	838
7	13	2310
7	14	481
7	15	308
7	16	250
7	17	254
7	18	30
7	19	210
7	20	1018
7	23	1198
7	24	2
7	25	226
7	26	376
7	27	560
7	28	4
7	29	116
7	30	4
7	32	436
7	33	656
7	34	30
7	35	189
7	36	528
7	37	9
7	39	885
7	40	70
7	41	450
7	42	144
7	43	149
7	45	56
7	47	98
7	49	824
7	50	7
7	51	203
7	52	28
7	53	429
7	55	77
7	56	1025
7	57	236
7	58	2
7	59	95
7	60	366
7	61	163
7	62	250
7	63	324
7	64	165
7	66	1817
7	67	775
7	68	84
7	69	233
7	70	105
7	71	322
7	72	493
7	74	18
7	75	84
7	76	65
7	77	172
7	78	60
7	79	698
7	81	2813
7	82	42
7	84	25
7	85	322
7	86	51
7	87	299
7	88	161
7	89	28
8	3	57
8	6	237
8	7	15
8	8	347
8	9	25
8	10	12
8	12	115
8	13	57
8	14	52
8	15	27
8	16	25
8	17	12
8	18	5
8	19	10
8	20	446
8	21	7
8	22	5
8	23	60
8	24	5
8	25	237
8	26	47
8	27	63
8	28	12
8	29	55
8	32	55
8	33	7
8	34	7
8	35	27
8	36	22
8	37	2
8	39	98
8	40	7
8	41	10
8	42	2
8	43	78
8	44	27
8	45	90
8	47	15
8	49	40
8	51	75
8	52	2
8	53	45
8	55	121
8	56	128
8	57	25
8	59	98
8	60	78
8	61	15
8	62	78
8	63	148
8	64	98
8	65	7
8	66	181
8	67	50
8	68	2
8	69	15
8	70	2
8	71	37
8	72	716
8	73	2
8	74	2
8	75	7
8	76	2
8	77	12
8	78	5
8	79	47
8	81	350
8	82	57
8	83	25
8	84	2
8	85	17
8	86	47
8	87	22
8	88	37
8	89	5
9	0	52
9	1	10
9	3	816
9	6	68
9	7	628
9	8	18
9	9	2195
9	10	455
9	11	5
9	12	960
9	13	1847
9	14	1117
9	15	557
9	16	329
9	17	368
9	18	20
9	19	109
9	20	2038
9	23	1138
9	24	7
9	25	465
9	26	900
9	27	1640
9	28	7
9	29	274
9	30	7
9	32	533
9	33	337
9	34	122
9	35	238
9	36	667
9	37	10
9	38	2
9	39	1025
9	40	65
9	41	345
9	42	60
9	43	591
9	44	7
9	45	102
9	47	162
9	49	821
9	50	7
9	51	269
9	52	39
9	53	405
9	54	2
9	55	109
9	56	1318
9	57	591
9	58	2
9	59	222
9	60	463
9	61	201
9	62	379
9	63	740
9	64	248
9	66	2883
9	67	842
9	68	130
9	69	337
9	70	130
9	71	353
9	72	889
9	74	7
9	75	81
9	76	44
9	77	222
9	78	44
9	79	672
9	81	4825
9	82	133
9	84	60
9	85	230
9	86	115
9	87	497
9	88	261
9	89	44
10	0	16
10	1	8
10	3	400
10	6	43
10	7	129
10	8	13
10	9	815
10	10	435
10	11	8
10	12	274
10	13	583
10	14	761
10	15	285
10	16	80
10	17	75
10	18	5
10	19	26
10	20	629
10	22	2
10	23	290
10	25	123
10	26	215
10	27	721
10	28	2
10	29	59
10	30	2
10	32	131
10	33	78
10	34	61
10	35	145
10	36	164
10	37	10
10	39	274
10	40	16
10	41	94
10	42	29
10	43	196
10	44	5
10	45	43
10	47	88
10	49	201
10	51	61
10	52	10
10	53	126
10	55	94
10	56	403
10	57	115
10	58	2
10	59	56
10	60	139
10	61	51
10	62	137
10	63	193
10	64	83
10	66	866
10	67	266
10	68	37
10	69	126
10	70	18
10	71	94
10	72	330
10	73	2
10	74	10
10	75	16
10	76	18
10	77	53
10	78	16
10	79	182
10	81	1355
10	82	26
10	83	2
10	84	48
10	85	26
10	86	37
10	87	142
10	88	56
10	89	5
11	0	6
11	2	2
11	3	672
11	6	4
11	7	48
11	8	6
11	9	101
11	10	35
11	11	158
11	12	63
11	13	143
11	14	255
11	15	331
11	16	10
11	17	12
11	18	4
11	19	8
11	20	251
11	21	2
11	23	56
11	25	54
11	26	105
11	27	265
11	29	10
11	30	2
11	32	54
11	33	16
11	34	21
11	35	734
11	36	35
11	37	4
11	39	88
11	40	2
11	41	29
11	43	130
11	44	4
11	45	18
11	47	14
11	49	69
11	50	25
11	51	25
11	52	6
11	53	44
11	55	111
11	56	78
11	57	16
11	59	18
11	60	27
11	61	12
11	62	61
11	63	69
11	64	42
11	66	280
11	67	54
11	68	8
11	69	25
11	70	16
11	71	46
11	72	111
11	74	4
11	75	10
11	76	2
11	77	18
11	79	40
11	81	713
11	82	14
11	84	101
11	85	6
11	86	8
11	87	56
11	88	25
11	89	2
12	0	46
12	3	215
12	4	2
12	6	36
12	7	151
12	8	2
12	9	205
12	10	30
12	12	8149
12	13	709
12	14	189
12	15	145
12	16	907
12	17	219
12	18	54
12	19	110
12	20	828
12	21	4
12	23	1163
12	24	34
12	25	157
12	26	409
12	27	258
12	28	10
12	29	110
12	30	18
12	32	881
12	33	141
12	34	10
12	35	62
12	36	149
12	39	3081
12	40	165
12	41	639
12	42	22
12	43	84
12	45	78
12	47	205
12	49	1226
12	50	2
12	51	118
12	52	28
12	53	1996
12	54	2
12	55	30
12	56	2633
12	57	100
12	58	6
12	59	153
12	60	520
12	61	965
12	62	104
12	63	385
12	64	266
12	65	2
12	66	2462
12	67	806
12	68	435
12	69	451
12	70	915
12	71	711
12	72	274
12	73	2
12	75	129
12	76	40
12	77	1129
12	78	100
12	79	284
12	81	4972
12	82	14
12	84	18
12	85	137
12	86	181
12	87	86
12	88	808
12	89	36
13	0	51
13	1	11
13	3	424
13	6	42
13	7	1118
13	8	13
13	9	741
13	10	167
13	11	6
13	12	1049
13	13	3482
13	14	488
13	15	390
13	16	285
13	17	261
13	18	29
13	19	214
13	20	1359
13	21	2
13	23	1185
13	24	2
13	25	296
13	26	513
13	27	890
13	28	2
13	29	151
13	30	4
13	32	517
13	33	493
13	34	60
13	35	234
13	36	651
13	37	2
13	39	1107
13	40	46
13	41	437
13	42	80
13	43	238
13	44	4
13	45	71
13	47	125
13	49	866
13	50	6
13	51	209
13	52	66
13	53	477
13	55	109
13	56	1254
13	57	408
13	58	2
13	59	116
13	60	484
13	61	241
13	62	312
13	63	466
13	64	261
13	66	2467
13	67	857
13	68	113
13	69	372
13	70	104
13	71	430
13	72	555
13	74	4
13	75	55
13	76	46
13	77	147
13	78	26
13	79	850
13	81	4170
13	82	40
13	83	2
13	84	53
13	85	386
13	86	84
13	87	375
13	88	200
13	89	35
14	0	21
14	1	12
14	3	1508
14	4	4
14	6	34
14	7	420
14	8	10
14	9	1358
14	10	463
14	11	12
14	12	912
14	13	1613
14	14	2890
14	15	1010
14	16	311
14	17	246
14	18	12
14	19	141
14	20	2006
14	23	869
14	24	8
14	25	351
14	26	669
14	27	2240
14	28	2
14	29	180
14	30	8
14	32	515
14	33	326
14	34	605
14	35	495
14	36	414
14	37	8
14	39	944
14	40	40
14	41	304
14	42	55
14	43	641
14	44	10
14	45	90
14	47	182
14	49	699
14	50	6
14	51	306
14	52	30
14	53	347
14	55	195
14	56	1223
14	57	276
14	58	2
14	59	130
14	60	457
14	61	197
14	62	354
14	63	504
14	64	367
14	65	2
14	66	2611
14	67	663
14	68	75
14	69	336
14	70	103
14	71	324
14	72	847
14	74	30
14	75	81
14	76	36
14	77	152
14	78	38
14	79	478
14	81	5571
14	82	98
14	83	4
14	84	163
14	85	124
14	86	94
14	87	532
14	88	169
14	89	21
15	0	46
15	1	2
15	3	3426
15	6	41
15	7	236
15	8	16
15	9	604
15	10	192
15	11	85
15	12	426
15	13	831
15	14	1486
15	15	2565
15	16	131
15	17	125
15	18	9
15	19	83
15	20	1678
15	21	2
15	23	456
15	24	4
15	25	282
15	26	493
15	27	1757
15	28	4
15	29	157
15	30	9
15	32	268
15	33	162
15	34	111
15	35	1368
15	36	194
15	37	6
15	39	497
15	40	34
15	41	171
15	42	30
15	43	798
15	44	4
15	45	69
15	47	74
15	48	2
15	49	351
15	50	34
15	51	224
15	52	30
15	53	180
15	55	296
15	56	523
15	57	150
15	58	6
15	59	115
15	60	199
15	61	90
15	62	291
15	63	435
15	64	224
15	66	1981
15	67	291
15	68	48
15	69	171
15	70	41
15	71	131
15	72	676
15	74	4
15	75	53
15	76	34
15	77	57
15	78	32
15	79	273
15	81	3621
15	82	104
15	84	344
15	85	74
15	86	60
15	87	199
15	88	97
15	89	6
16	0	173
16	3	186
16	4	7
16	5	3
16	6	58
16	7	181
16	8	3
16	9	169
16	10	58
16	12	2844
16	13	741
16	14	186
16	15	173
16	16	6567
16	17	194
16	18	169
16	19	149
16	20	547
16	21	1
16	22	1
16	23	1413
16	24	165
16	25	227
16	26	173
16	27	311
16	28	5
16	29	91
16	30	276
16	32	451
16	33	186
16	34	23
16	35	40
16	36	173
16	39	1623
16	40	658
16	41	1337
16	42	31
16	43	134
16	44	3
16	45	56
16	47	149
16	49	1571
16	50	1
16	51	93
16	52	54
16	53	741
16	54	3
16	55	68
16	56	1103
16	57	52
16	58	75
16	59	192
16	60	276
16	61	389
16	62	130
16	63	190
16	64	140
16	66	1059
16	67	772
16	68	181
16	69	221
16	70	839
16	71	1824
16	72	290
16	73	1
16	75	309
16	76	136
16	77	613
16	78	282
16	79	315
16	81	1835
16	82	19
16	83	1
16	84	5
16	85	270
16	86	194
16	87	130
16	88	340
16	89	15
17	0	18
17	1	1
17	3	159
17	6	15
17	7	196
17	8	11
17	9	308
17	10	75
17	11	1
17	12	1181
17	13	723
17	14	179
17	15	162
17	16	267
17	17	725
17	18	18
17	19	113
17	20	787
17	23	920
17	25	242
17	26	441
17	27	342
17	28	3
17	29	155
17	30	9
17	32	509
17	33	170
17	34	13
17	35	85
17	36	416
17	37	1
17	39	1409
17	40	37
17	41	350
17	42	15
17	43	128
17	44	1
17	45	39
17	47	147
17	49	577
17	51	151
17	52	15
17	53	522
17	55	35
17	56	1236
17	57	157
17	58	3
17	59	151
17	60	424
17	61	195
17	62	168
17	63	441
17	64	178
17	66	2602
17	67	1441
17	68	104
17	69	710
17	70	130
17	71	255
17	72	393
17	75	41
17	76	22
17	77	149
17	78	20
17	79	340
17	81	3933
17	82	30
17	84	13
17	85	160
17	86	41
17	87	90
17	88	185
17	89	30
18	0	869
18	3	74
18	4	152
18	6	20
18	7	88
18	8	6
18	9	84
18	10	16
18	12	445
18	13	237
18	14	91
18	15	81
18	16	1219
18	17	27
18	18	2208
18	19	23
18	20	176
18	23	387
18	24	30
18	25	67
18	26	47
18	27	115
18	28	6
18	29	37
18	30	50
18	32	101
18	33	91
18	34	3
18	35	33
18	36	33
18	37	3
18	39	241
18	40	78
18	41	516
18	42	16
18	43	71
18	45	40
18	47	27
18	49	540
18	51	27
18	52	47
18	53	315
18	54	3
18	55	27
18	56	207
18	57	16
18	58	404
18	59	27
18	60	61
18	61	78
18	62	37
18	63	122
18	64	40
18	66	251
18	67	166
18	68	16
18	69	57
18	70	214
18	71	499
18	72	95
18	74	3
18	75	2160
18	76	84
18	77	166
18	78	2575
18	79	98
18	81	322
18	82	3
18	84	13
18	85	74
18	86	44
18	87	54
18	88	71
18	89	6
19	3	9
19	6	2
19	7	34
19	9	18
19	10	6
19	12	65
19	13	67
19	14	20
19	15	6
19	16	16
19	17	30
19	18	2
19	19	44
19	20	46
19	23	102
19	25	6
19	26	30
19	27	30
19	28	2
19	29	2
19	32	25
19	33	41
19	34	2
19	35	4
19	36	18
19	39	79
19	40	6
19	41	27
19	42	2
19	43	2
19	45	2
19	49	74
19	51	6
19	53	32
19	56	55
19	57	11
19	59	9
19	60	32
19	61	18
19	62	13
19	63	18
19	64	18
19	66	144
19	67	55
19	68	4
19	69	27
19	70	4
19	71	30
19	72	18
19	75	6
19	76	9
19	77	6
19	78	2
19	79	62
19	81	199
19	82	2
19	85	44
19	87	13
19	88	6
19	89	2
20	0	27
20	2	2
20	3	381
20	6	211
20	7	168
20	8	52
20	9	444
20	10	148
20	11	5
20	12	587
20	13	713
20	14	404
20	15	349
20	16	178
20	17	178
20	18	15
20	19	42
20	20	5032
20	21	2
20	22	5
20	23	562
20	25	786
20	26	454
20	27	806
20	28	22
20	29	545
20	32	505
20	33	92
20	34	22
20	35	138
20	36	261
20	37	2
20	39	610
20	40	52
20	41	170
20	42	12
20	43	507
20	44	15
20	45	336
20	47	427
20	49	291
20	50	5
20	51	605
20	52	7
20	53	379
20	55	464
20	56	1331
20	57	258
20	58	2
20	59	502
20	60	608
20	61	173
20	62	698
20	63	746
20	64	897
20	66	1449
20	67	419
20	68	103
20	69	180
20	70	65
20	71	178
20	72	2366
20	73	12
20	74	5
20	75	57
20	76	10
20	77	125
20	78	37
20	79	296
20	81	2299
20	82	221
20	83	5
20	84	35
20	85	65
20	86	113
20	87	135
20	88	211
20	89	15
21	3	20
21	5	49
21	6	237
21	8	37
21	9	20
21	12	12
21	13	8
21	14	16
21	15	33
21	16	12
21	20	191
21	21	133
21	22	4
21	23	16
21	25	112
21	26	12
21	27	29
21	28	20
21	29	4
21	32	16
21	35	16
21	36	8
21	39	8
21	41	8
21	43	16
21	44	12
21	45	33
21	47	8
21	49	8
21	51	24
21	55	20
21	56	66
21	59	41
21	60	12
21	62	24
21	63	37
21	64	49
21	65	4
21	66	83
21	67	12
21	69	4
21	71	8
21	72	112
21	76	4
21	79	12
21	81	108
21	82	20
21	83	70
21	84	4
21	86	45
21	87	16
21	88	24
21	89	4
22	3	19
22	5	2
22	6	64
22	7	4
22	8	56
22	9	7
22	10	4
22	11	4
22	12	9
22	13	24
22	14	22
22	15	17
22	16	4
22	18	2
22	19	12
22	20	64
22	21	2
22	22	12
22	23	12
22	25	49
22	26	17
22	27	22
22	28	4
22	32	12
22	33	2
22	35	4
22	36	9
22	39	4
22	40	2
22	41	4
22	43	19
22	44	22
22	45	12
22	47	7
22	49	17
22	51	12
22	53	22
22	55	44
22	56	32
22	57	2
22	59	17
22	60	9
22	61	2
22	62	7
22	63	2
22	64	14
22	65	4
22	66	14
22	67	14
22	69	2
22	70	7
22	71	9
22	72	113
22	75	2
22	77	7
22	78	2
22	79	2
22	81	74
22	82	9
22	83	12
22	86	7
22	87	4
22	88	2
23	0	41
23	1	1
23	3	92
23	5	1
23	6	35
23	7	157
23	8	1
23	9	118
23	10	27
23	11	1
23	12	1323
23	13	522
23	14	133
23	15	70
23	16	413
23	17	177
23	18	13
23	19	86
23	20	354
23	23	1512
23	24	5
23	25	110
23	26	220
23	27	189
23	28	7
23	29	80
23	30	5
23	32	307
23	33	200
23	34	27
23	35	49
23	36	133
23	39	1706
23	40	53
23	41	486
23	42	15
23	43	63
23	45	15
23	47	70
23	49	1010
23	51	55
23	52	21
23	53	526
23	54	1
23	55	23
23	56	823
23	57	53
23	58	7
23	59	68
23	60	226
23	61	240
23	62	76
23	63	183
23	64	84
23	66	1239
23	67	728
23	68	133
23	69	234
23	70	161
23	71	453
23	72	149
23	73	1
23	75	43
23	76	49
23	77	197
23	78	19
23	79	222
23	81	2192
23	82	21
23	84	11
23	85	179
23	86	43
23	87	53
23	88	153
23	89	9
24	0	17
24	3	24
24	4	2
24	6	7
24	7	17
24	9	17
24	10	2
24	12	260
24	13	84
24	14	27
24	15	17
24	16	629
24	17	7
24	18	12
24	19	7
24	20	54
24	23	74
24	24	153
24	25	12
24	26	7
24	27	19
24	28	2
24	29	2
24	30	203
24	32	32
24	33	7
24	34	2
24	35	4
24	36	14
24	39	123
24	40	76
24	41	84
24	42	2
24	45	7
24	47	29
24	49	91
24	51	4
24	52	2
24	53	76
24	55	4
24	56	101
24	57	9
24	58	2
24	59	9
24	60	14
24	61	29
24	62	9
24	63	32
24	64	7
24	66	61
24	67	39
24	68	7
24	69	4
24	70	188
24	71	136
24	72	32
24	75	27
24	76	9
24	77	94
24	78	22
24	79	19
24	81	109
24	82	7
24	84	2
24	85	27
24	86	22
24	87	12
24	88	27
24	89	2
25	0	24
25	1	4
25	3	259
25	6	1209
25	7	117
25	8	84
25	9	224
25	10	61
25	11	4
25	12	816
25	13	453
25	14	274
25	15	272
25	16	179
25	17	131
25	18	10
25	19	76
25	20	2817
25	21	8
25	22	8
25	23	492
25	24	4
25	25	3034
25	26	383
25	27	449
25	28	76
25	29	335
25	30	4
25	32	709
25	33	78
25	34	16
25	35	150
25	36	129
25	39	692
25	40	32
25	41	204
25	42	6
25	43	230
25	44	22
25	45	620
25	47	292
25	49	371
25	51	455
25	52	10
25	53	519
25	55	290
25	56	1508
25	57	105
25	58	2
25	59	1040
25	60	535
25	61	206
25	62	319
25	63	686
25	64	1001
25	65	4
25	66	1760
25	67	315
25	68	117
25	69	257
25	70	119
25	71	265
25	72	2407
25	73	8
25	75	63
25	76	16
25	77	105
25	78	24
25	79	152
25	81	3314
25	82	125
25	83	12
25	84	45
25	85	59
25	86	169
25	87	53
25	88	276
25	89	18
26	0	2
26	3	146
26	6	2
26	7	73
26	8	7
26	9	265
26	10	53
26	12	159
26	13	202
26	14	184
26	15	121
26	16	70
26	17	65
26	18	10
26	19	20
26	20	495
26	23	240
26	25	48
26	26	298
26	27	273
26	29	45
26	32	98
26	33	37
26	34	7
26	35	50
26	36	91
26	39	177
26	40	7
26	41	60
26	42	2
26	43	174
26	44	2
26	45	17
26	47	50
26	49	121
26	51	55
26	52	10
26	53	78
26	54	2
26	55	25
26	56	298
26	57	55
26	59	43
26	60	103
26	61	22
26	62	88
26	63	144
26	64	88
26	66	604
26	67	149
26	68	17
26	69	106
26	70	32
26	71	58
26	72	169
26	75	15
26	76	2
26	77	37
26	78	10
26	79	58
26	81	1133
26	82	40
26	84	12
26	85	25
26	86	27
26	87	43
26	88	50
26	89	17
27	0	42
27	1	14
27	3	2328
27	4	4
27	6	92
27	7	554
27	8	38
27	9	1323
27	10	457
27	11	59
27	12	1004
27	13	2023
27	14	2445
27	15	1707
27	16	319
27	17	330
27	18	16
27	19	114
27	20	3133
27	23	1140
27	24	16
27	25	780
27	26	988
27	27	4757
27	28	9
27	29	319
27	30	2
27	32	738
27	33	245
27	34	150
27	35	1381
27	36	588
27	37	2
27	39	1050
27	40	45
27	41	347
27	42	40
27	43	1738
27	44	7
27	45	166
27	47	728
27	49	678
27	50	21
27	51	628
27	52	28
27	53	464
27	54	2
27	55	1569
27	56	1611
27	57	419
27	58	2
27	59	347
27	60	714
27	61	285
27	62	619
27	63	800
27	64	828
27	66	3338
27	67	883
27	68	100
27	69	442
27	70	102
27	71	314
27	72	2997
27	73	7
27	74	35
27	75	152
27	76	28
27	77	128
27	78	52
27	79	690
27	81	6057
27	82	221
27	84	233
27	85	164
27	86	130
27	87	430
27	88	276
27	89	19
28	3	38
28	6	264
28	7	23
28	8	5
28	9	59
28	10	9
28	12	197
28	13	92
28	14	34
28	15	26
28	16	26
28	17	24
28	18	1
28	19	30
28	20	424
28	21	13
28	23	90
28	25	211
28	26	57
28	27	57
28	28	322
28	29	42
28	32	155
28	33	26
28	34	5
28	35	28
28	36	47
28	39	138
28	40	5
28	41	44
28	42	3
28	43	88
28	45	119
28	47	72
28	49	72
28	51	51
28	53	124
28	55	26
28	56	408
28	57	21
28	59	683
28	60	128
28	61	49
28	62	34
28	63	149
28	64	130
28	66	303
28	67	65
28	68	23
28	69	44
28	70	40
28	71	61
28	72	180
28	73	76
28	75	13
28	76	3
28	77	28
28	78	3
28	79	28
28	81	512
28	82	11
28	83	1
28	84	9
28	85	11
28	86	128
28	87	11
28	88	95
28	89	3
29	0	22
29	3	346
29	5	2
29	6	311
29	7	154
29	8	29
29	9	356
29	10	169
29	11	2
29	12	833
29	13	763
29	14	351
29	15	242
29	16	184
29	17	217
29	18	9
29	19	57
29	20	3235
29	21	2
29	22	7
29	23	553
29	25	958
29	26	421
29	27	633
29	28	22
29	29	1482
29	30	4
29	32	1110
29	33	127
29	34	9
29	35	82
29	36	289
29	39	963
29	40	37
29	41	174
29	42	14
29	43	184
29	44	9
29	45	371
29	47	491
29	49	304
29	50	4
29	51	598
29	52	12
29	53	608
29	55	304
29	56	2574
29	57	164
29	58	2
29	59	738
29	60	1205
29	61	234
29	62	326
29	63	1207
29	64	838
29	66	2185
29	67	805
29	68	149
29	69	324
29	70	112
29	71	159
29	72	2240
29	73	7
29	75	42
29	76	14
29	77	119
29	78	32
29	79	351
29	81	3260
29	82	139
29	83	4
29	84	22
29	85	72
29	86	202
29	87	87
29	88	324
29	89	59
30	0	16
30	3	23
30	4	4
30	6	4
30	7	37
30	9	21
30	10	11
30	12	593
30	13	128
30	14	37
30	15	28
30	16	1177
30	17	30
30	18	14
30	19	7
30	20	103
30	23	208
30	24	171
30	25	14
30	26	21
30	27	79
30	28	2
30	29	7
30	30	544
30	32	72
30	33	14
30	35	4
30	36	21
30	39	267
30	40	201
30	41	201
30	42	7
30	43	16
30	44	2
30	45	7
30	47	23
30	49	257
30	51	9
30	52	2
30	53	159
30	55	9
30	56	232
30	57	11
30	58	11
30	59	23
30	60	46
30	61	82
30	62	23
30	63	51
30	64	14
30	66	192
30	67	98
30	68	30
30	69	23
30	70	316
30	71	222
30	72	53
30	75	46
30	76	16
30	77	119
30	78	49
30	79	37
30	81	272
30	84	7
30	85	18
30	86	58
30	87	18
30	88	84
31	0	30
31	12	36
31	13	6
31	16	18
31	18	30
31	20	18
31	23	6
31	25	12
31	27	6
31	29	6
31	31	6
31	32	6
31	35	6
31	39	6
31	45	6
31	51	6
31	53	24
31	56	6
31	57	6
31	58	6
31	62	6
31	64	6
31	66	18
31	70	6
31	71	6
31	75	24
31	78	54
31	79	6
31	81	12
31	85	6
31	87	6
32	0	4
32	3	53
32	6	28
32	7	34
32	9	44
32	10	12
32	12	392
32	13	118
32	14	57
32	15	30
32	16	63
32	17	98
32	18	2
32	19	8
32	20	331
32	23	179
32	25	94
32	26	122
32	27	67
32	28	4
32	29	34
32	30	2
32	32	406
32	33	28
32	34	4
32	35	14
32	36	55
32	39	343
32	40	16
32	41	71
32	43	36
32	44	2
32	45	32
32	47	61
32	49	179
32	51	57
32	53	286
32	55	20
32	56	875
32	57	14
32	59	122
32	60	304
32	61	106
32	62	61
32	63	175
32	64	98
32	66	658
32	67	153
32	68	63
32	69	104
32	70	49
32	71	75
32	72	132
32	73	2
32	75	22
32	76	6
32	77	42
32	78	4
32	79	44
32	81	1359
32	82	14
32	84	4
32	85	30
32	86	47
32	87	16
32	88	181
32	89	22
33	0	36
33	1	5
33	3	270
33	4	5
33	6	28
33	7	765
33	8	5
33	9	385
33	10	91
33	11	2
33	12	1163
33	13	1972
33	14	307
33	15	184
33	16	471
33	17	335
33	18	28
33	19	231
33	20	983
33	23	1551
33	24	7
33	25	239
33	26	395
33	27	447
33	28	13
33	29	124
33	30	2
33	32	491
33	33	1337
33	34	15
33	35	85
33	36	536
33	39	1262
33	40	33
33	41	588
33	42	49
33	43	119
33	45	46
33	47	187
33	49	1072
33	51	218
33	52	80
33	53	583
33	55	65
33	56	1238
33	57	218
33	59	145
33	60	473
33	61	234
33	62	273
33	63	463
33	64	130
33	66	2048
33	67	1061
33	68	174
33	69	343
33	70	192
33	71	421
33	72	359
33	74	10
33	75	67
33	76	67
33	77	205
33	78	39
33	79	1356
33	81	3045
33	82	49
33	84	20
33	85	830
33	86	65
33	87	223
33	88	192
33	89	39
34	0	22
34	1	8
34	3	430
34	6	8
34	7	157
34	9	395
34	10	94
34	11	4
34	12	250
34	13	512
34	14	801
34	15	230
34	16	94
34	17	78
34	18	2
34	19	44
34	20	438
34	23	284
34	25	64
34	26	153
34	27	490
34	28	4
34	29	60
34	30	4
34	32	107
34	33	56
34	34	464
34	35	103
34	36	105
34	37	14
34	39	288
34	40	16
34	41	139
34	42	32
34	43	151
34	44	8
34	45	26
34	47	40
34	49	266
34	50	6
34	51	60
34	52	4
34	53	125
34	54	2
34	55	52
34	56	317
34	57	78
34	59	34
34	60	107
34	61	54
34	62	111
34	63	121
34	64	54
34	66	830
34	67	177
34	68	28
34	69	98
34	70	18
34	71	119
34	72	143
34	74	40
34	75	24
34	76	16
34	77	32
34	78	12
34	79	155
34	81	1894
34	82	14
34	84	82
34	85	48
34	86	18
34	87	208
34	88	62
34	89	6
35	0	55
35	1	18
35	3	2043
35	5	5
35	6	50
35	7	163
35	8	23
35	9	537
35	10	192
35	11	247
35	12	463
35	13	647
35	14	987
35	15	1169
35	16	171
35	17	89
35	18	18
35	19	71
35	20	924
35	21	10
35	23	563
35	24	10
35	25	234
35	26	337
35	27	990
35	28	7
35	29	131
35	30	2
35	32	284
35	33	139
35	34	89
35	35	9427
35	36	123
35	37	15
35	39	592
35	40	36
35	41	189
35	42	36
35	43	481
35	44	5
35	45	92
35	47	86
35	48	7
35	49	368
35	50	331
35	51	126
35	52	23
35	53	258
35	55	265
35	56	716
35	57	76
35	58	5
35	59	144
35	60	213
35	61	123
35	62	208
35	63	237
35	64	202
35	66	1008
35	67	294
35	68	71
35	69	160
35	70	68
35	71	165
35	72	603
35	74	39
35	75	79
35	76	26
35	77	92
35	78	44
35	79	244
35	80	2
35	81	1959
35	82	86
35	83	2
35	84	608
35	85	81
35	86	86
35	87	113
35	88	105
35	89	7
36	0	21
36	1	2
36	3	366
36	6	59
36	7	562
36	8	16
36	9	549
36	10	185
36	12	839
36	13	1747
36	14	355
36	15	271
36	16	223
36	17	479
36	18	8
36	19	137
36	20	1391
36	23	1171
36	25	341
36	26	465
36	27	546
36	28	16
36	29	199
36	32	527
36	33	479
36	34	26
36	35	129
36	36	1109
36	38	2
36	39	1057
36	40	32
36	41	352
36	42	26
36	43	126
36	44	2
36	45	51
36	47	207
36	49	581
36	51	242
36	52	18
36	53	503
36	55	56
36	56	1405
36	57	336
36	58	10
36	59	131
36	60	621
36	61	177
36	62	419
36	63	718
36	64	207
36	66	1986
36	67	1009
36	68	118
36	69	398
36	70	104
36	71	288
36	72	629
36	74	8
36	75	115
36	76	21
36	77	174
36	78	34
36	79	869
36	81	2955
36	82	56
36	83	2
36	84	10
36	85	266
36	86	83
36	87	169
36	88	172
36	89	26
37	1	2
37	3	13
37	7	10
37	8	8
37	9	8
37	10	10
37	12	21
37	13	37
37	14	16
37	15	8
37	16	8
37	17	5
37	19	2
37	20	26
37	23	10
37	25	2
37	26	18
37	27	13
37	32	5
37	34	10
37	35	8
37	36	8
37	37	2
37	39	8
37	41	2
37	42	8
37	49	8
37	53	8
37	56	8
37	57	2
37	59	2
37	60	2
37	62	2
37	64	2
37	66	26
37	67	5
37	68	2
37	71	10
37	72	13
37	74	34
37	75	5
37	77	2
37	79	10
37	81	53
37	84	5
37	85	8
37	87	2
38	3	2
38	6	2
38	13	2
38	14	2
38	15	2
38	16	2
38	20	10
38	23	4
38	25	2
38	26	2
38	29	2
38	39	2
38	41	2
38	43	2
38	44	2
38	45	2
38	55	4
38	56	4
38	59	2
38	63	2
38	64	2
38	66	2
38	71	2
38	72	2
38	81	15
39	0	24
39	3	106
39	4	2
39	6	20
39	7	88
39	8	8
39	9	136
39	10	28
39	12	1628
39	13	409
39	14	74
39	15	94
39	16	299
39	17	174
39	18	12
39	19	108
39	20	441
39	21	2
39	23	861
39	24	4
39	25	114
39	26	208
39	27	182
39	28	4
39	29	68
39	30	4
39	32	407
39	33	146
39	34	12
39	35	26
39	36	120
39	39	2429
39	40	64
39	41	315
39	42	8
39	43	54
39	44	2
39	45	28
39	47	84
39	49	556
39	50	2
39	51	68
39	52	22
39	53	708
39	55	22
39	56	1082
39	57	76
39	58	6
39	59	104
39	60	258
39	61	293
39	62	84
39	63	178
39	64	80
39	66	1218
39	67	889
39	68	152
39	69	307
39	70	156
39	71	315
39	72	128
39	73	2
39	74	2
39	75	40
39	76	26
39	77	222
39	78	20
39	79	176
39	81	2238
39	82	20
39	84	4
39	85	126
39	86	50
39	87	56
39	88	204
39	89	26
40	0	108
40	1	3
40	3	118
40	4	5
40	5	1
40	6	25
40	7	143
40	8	7
40	9	116
40	10	35
40	11	1
40	12	3453
40	13	565
40	14	167
40	15	151
40	16	4270
40	17	129
40	18	114
40	19	80
40	20	427
40	22	1
40	23	960
40	24	94
40	25	112
40	26	198
40	27	224
40	28	9
40	29	64
40	30	206
40	32	439
40	33	143
40	34	13
40	35	61
40	36	110
40	39	1754
40	40	1104
40	41	746
40	42	15
40	43	106
40	45	51
40	47	131
40	49	1045
40	51	64
40	52	25
40	53	882
40	54	1
40	55	25
40	56	1075
40	57	64
40	58	13
40	59	169
40	60	226
40	61	468
40	62	92
40	63	244
40	64	153
40	66	905
40	67	557
40	68	204
40	69	194
40	70	1458
40	71	1059
40	72	240
40	73	1
40	74	7
40	75	187
40	76	63
40	77	911
40	78	131
40	79	259
40	81	1683
40	82	37
40	84	5
40	85	126
40	86	179
40	87	76
40	88	379
40	89	21
41	0	137
41	1	4
41	3	173
41	4	6
41	5	2
41	6	16
41	7	321
41	8	2
41	9	260
41	10	29
41	11	4
41	12	2459
41	13	924
41	14	179
41	15	177
41	16	1718
41	17	216
41	18	79
41	19	216
41	20	559
41	23	1827
41	24	10
41	25	116
41	26	452
41	27	208
41	28	4
41	29	77
41	30	16
41	32	531
41	33	275
41	34	6
41	35	60
41	36	269
41	39	2463
41	40	148
41	41	2803
41	42	16
41	43	70
41	44	2
41	45	43
41	47	102
41	49	2517
41	50	6
41	51	110
41	52	150
41	53	886
41	54	2
41	55	33
41	56	1216
41	57	112
41	58	18
41	59	116
41	60	327
41	61	446
41	62	104
41	63	235
41	64	148
41	66	2017
41	67	771
41	68	212
41	69	327
41	70	248
41	71	2204
41	72	185
41	74	6
41	75	108
41	76	264
41	77	425
41	78	87
41	79	429
41	81	4255
41	82	12
41	84	12
41	85	367
41	86	110
41	87	118
41	88	283
41	89	12
42	0	42
42	1	23
42	3	219
42	4	2
42	6	16
42	7	456
42	8	2
42	9	248
42	10	61
42	11	2
42	12	378
42	13	808
42	14	269
42	15	127
42	16	144
42	17	63
42	18	25
42	19	108
42	20	354
42	23	463
42	24	4
42	25	82
42	26	125
42	27	259
42	29	28
42	32	94
42	33	170
42	34	68
42	35	77
42	36	165
42	37	9
42	39	347
42	40	11
42	41	189
42	42	836
42	43	134
42	45	35
42	47	14
42	49	437
42	50	2
42	51	44
42	52	61
42	53	196
42	55	49
42	56	266
42	57	61
42	58	2
42	59	35
42	60	113
42	61	87
42	62	75
42	63	141
42	64	68
42	66	741
42	67	198
42	68	44
42	69	134
42	70	51
42	71	193
42	72	87
42	74	47
42	75	61
42	76	94
42	77	56
42	78	37
42	79	245
42	81	1401
42	82	4
42	84	33
42	85	96
42	86	21
42	87	215
42	88	73
42	89	2
43	0	23
43	1	2
43	3	1135
43	6	74
43	7	221
43	8	34
43	9	616
43	10	168
43	11	40
43	12	463
43	13	867
43	14	1069
43	15	993
43	16	140
43	17	180
43	18	17
43	19	70
43	20	1839
43	23	472
43	25	397
43	26	557
43	27	1918
43	28	8
43	29	199
43	30	6
43	32	389
43	33	102
43	34	42
43	35	606
43	36	267
43	37	2
43	38	4
43	39	474
43	40	25
43	41	155
43	42	27
43	43	1429
43	44	12
43	45	80
43	47	233
43	49	287
43	50	6
43	51	338
43	52	10
43	53	227
43	55	548
43	56	959
43	57	212
43	58	2
43	59	174
43	60	348
43	61	121
43	62	353
43	63	459
43	64	474
43	66	2067
43	67	357
43	68	74
43	69	236
43	70	34
43	71	138
43	72	1450
43	74	12
43	75	55
43	76	8
43	77	65
43	78	19
43	79	329
43	81	3929
43	82	119
43	83	4
43	84	129
43	85	70
43	86	63
43	87	148
43	88	133
43	89	14
44	3	37
44	5	2
44	6	42
44	7	27
44	8	64
44	9	59
44	10	2
44	11	4
44	12	57
44	13	59
44	14	44
44	15	39
44	16	22
44	17	17
44	18	2
44	19	7
44	20	395
44	22	14
44	23	57
44	25	114
44	26	47
44	27	59
44	28	4
44	29	17
44	30	2
44	32	44
44	33	7
44	34	7
44	35	19
44	36	24
44	39	37
44	41	37
44	43	52
44	44	208
44	45	32
44	47	24
44	49	39
44	50	2
44	51	37
44	52	2
44	53	44
44	55	330
44	56	101
44	57	22
44	59	32
44	60	42
44	61	19
44	62	74
44	63	101
44	64	64
44	65	2
44	66	173
44	67	19
44	68	4
44	69	7
44	70	9
44	71	24
44	72	275
44	73	2
44	74	2
44	75	4
44	77	14
44	78	7
44	79	49
44	81	273
44	82	42
44	83	2
44	84	7
44	85	14
44	86	12
44	87	19
44	88	42
44	89	2
45	0	9
45	3	190
45	6	421
45	7	89
45	8	43
45	9	186
45	10	91
45	11	7
45	12	654
45	13	427
45	14	226
45	15	200
45	16	115
45	17	139
45	18	13
45	19	53
45	20	2068
45	21	3
45	22	1
45	23	393
45	25	1171
45	26	320
45	27	389
45	28	59
45	29	352
45	32	588
45	33	51
45	34	13
45	35	99
45	36	143
45	39	634
45	40	25
45	41	157
45	42	3
45	43	173
45	44	3
45	45	632
45	47	272
45	49	268
45	51	461
45	52	11
45	53	495
45	54	1
45	55	161
45	56	1503
45	57	81
45	59	1273
45	60	580
45	61	157
45	62	216
45	63	535
45	64	974
45	66	1641
45	67	348
45	68	109
45	69	276
45	70	73
45	71	145
45	72	1215
45	73	11
45	75	21
45	76	5
45	77	103
45	78	23
45	79	206
45	81	2757
45	82	95
45	83	9
45	84	11
45	85	49
45	86	167
45	87	59
45	88	284
45	89	29
46	5	2
46	6	2
46	20	2
46	23	2
46	30	2
46	44	2
46	51	2
46	53	2
46	55	5
46	56	2
46	57	2
46	62	2
46	63	2
46	66	2
46	72	5
46	81	2
46	87	2
47	0	3
47	3	14
47	6	11
47	7	5
47	8	7
47	9	16
47	10	5
47	12	237
47	13	38
47	14	11
47	15	16
47	16	50
47	17	11
47	18	1
47	19	1
47	20	94
47	23	50
47	24	1
47	25	27
47	26	31
47	27	20
47	28	3
47	29	12
47	30	3
47	32	74
47	33	7
47	35	12
47	36	11
47	39	140
47	40	9
47	41	48
47	43	3
47	45	3
47	47	126
47	49	61
47	51	20
47	53	107
47	55	5
47	56	255
47	57	5
47	59	24
47	60	38
47	61	38
47	62	3
47	63	33
47	64	24
47	66	124
47	67	38
47	68	35
47	69	33
47	70	53
47	71	24
47	72	64
47	75	14
47	76	1
47	77	35
47	78	9
47	79	14
47	81	272
47	86	163
47	87	5
47	88	276
47	89	7
48	3	39
48	9	11
48	11	2
48	12	5
48	13	14
48	14	28
48	15	14
48	16	2
48	18	2
48	20	17
48	23	5
48	25	2
48	26	11
48	27	25
48	29	2
48	32	8
48	33	2
48	34	2
48	35	48
48	36	5
48	39	17
48	40	2
48	41	2
48	43	11
48	49	5
48	52	2
48	55	2
48	56	5
48	57	2
48	60	5
48	62	2
48	63	11
48	64	2
48	66	11
48	67	5
48	69	2
48	70	2
48	71	2
48	72	5
48	74	2
48	76	2
48	77	5
48	79	2
48	81	59
48	82	2
48	84	11
48	87	5
49	0	44
49	3	105
49	6	6
49	7	235
49	8	4
49	9	210
49	10	48
49	11	4
49	12	1444
49	13	735
49	14	214
49	15	71
49	16	666
49	17	227
49	18	33
49	19	180
49	20	533
49	23	1538
49	24	8
49	25	111
49	26	254
49	27	210
49	28	2
49	29	56
49	30	2
49	32	359
49	33	264
49	34	21
49	35	46
49	36	243
49	39	1538
49	40	77
49	41	824
49	42	14
49	43	75
49	44	2
49	45	29
49	47	84
49	49	1791
49	51	54
49	52	44
49	53	582
49	55	23
49	56	950
49	57	88
49	58	8
49	59	73
49	60	229
49	61	298
49	62	77
49	63	222
49	64	88
49	66	1500
49	67	908
49	68	142
49	69	294
49	70	206
49	71	651
49	72	180
49	74	10
49	75	69
49	76	63
49	77	275
49	78	37
49	79	403
49	81	2932
49	82	18
49	84	6
49	85	483
49	86	63
49	87	90
49	88	233
49	89	10
50	0	2
50	1	2
50	3	266
50	6	17
50	7	14
50	8	2
50	9	35
50	10	23
50	11	68
50	12	85
50	13	88
50	14	118
50	15	174
50	16	32
50	17	23
50	19	8
50	20	183
50	21	2
50	23	91
50	25	50
50	26	47
50	27	124
50	28	2
50	29	26
50	32	38
50	33	26
50	34	11
50	35	1189
50	36	23
50	39	56
50	40	8
50	41	38
50	42	2
50	43	88
50	45	11
50	47	8
50	49	56
50	50	429
50	51	17
50	52	2
50	53	32
50	55	32
50	56	133
50	57	14
50	59	29
50	60	29
50	61	26
50	62	47
50	63	38
50	64	14
50	66	171
50	67	53
50	68	8
50	69	26
50	70	2
50	71	20
50	72	29
50	76	5
50	77	14
50	78	2
50	79	32
50	81	372
50	82	20
50	84	82
50	85	17
50	86	11
50	87	32
50	88	14
51	0	4
51	3	99
51	6	128
51	7	41
51	8	26
51	9	99
51	10	35
51	12	244
51	13	182
51	14	130
51	15	86
51	16	39
51	17	55
51	18	4
51	19	18
51	20	1169
51	21	4
51	23	167
51	25	567
51	26	124
51	27	200
51	28	20
51	29	113
51	30	4
51	32	233
51	33	28
51	34	8
51	35	28
51	36	80
51	39	236
51	40	4
51	41	55
51	42	2
51	43	82
51	44	6
51	45	157
51	47	124
51	49	99
51	51	343
51	52	6
51	53	167
51	55	105
51	56	529
51	57	43
51	59	192
51	60	252
51	61	55
51	62	115
51	63	223
51	64	327
51	66	608
51	67	105
51	68	24
51	69	68
51	70	22
51	71	51
51	72	935
51	75	18
51	76	8
51	77	31
51	78	8
51	79	99
51	81	1117
51	82	49
51	84	6
51	85	33
51	86	43
51	87	43
51	88	74
51	89	6
52	0	90
52	1	1
52	3	80
52	6	5
52	7	163
52	8	7
52	9	66
52	10	11
52	12	460
52	13	403
52	14	62
52	15	51
52	16	350
52	17	88
52	18	49
52	19	84
52	20	245
52	23	474
52	24	9
52	25	35
52	26	118
52	27	125
52	29	19
52	30	7
52	32	127
52	33	163
52	34	3
52	35	43
52	36	137
52	37	3
52	39	523
52	40	29
52	41	436
52	42	43
52	43	49
52	45	15
52	47	19
52	49	570
52	51	27
52	52	212
52	53	182
52	54	3
52	55	15
52	56	300
52	57	27
52	58	3
52	59	19
52	60	88
52	61	104
52	62	53
52	63	98
52	64	47
52	66	611
52	67	236
52	68	37
52	69	98
52	70	68
52	71	363
52	72	59
52	74	1
52	75	86
52	76	503
52	77	76
52	78	33
52	79	188
52	81	1058
52	82	11
52	84	3
52	85	220
52	86	27
52	87	49
52	88	72
52	89	13
53	0	15
53	3	250
53	6	46
53	7	180
53	8	17
53	9	230
53	10	44
53	11	2
53	12	2121
53	13	645
53	14	185
53	15	147
53	16	243
53	17	276
53	18	22
53	19	122
53	20	1027
53	23	1219
53	24	4
53	25	308
53	26	352
53	27	319
53	28	17
53	29	203
53	30	4
53	32	1072
53	33	212
53	34	6
53	35	80
53	36	227
53	39	2476
53	40	73
53	41	395
53	42	6
53	43	113
53	44	4
53	45	71
53	47	417
53	49	692
53	50	2
53	51	214
53	52	4
53	53	2257
53	54	6
53	55	80
53	56	3238
53	57	104
53	59	232
53	60	663
53	61	437
53	62	129
53	63	524
53	64	247
53	66	1969
53	67	951
53	68	268
53	69	672
53	70	294
53	71	433
53	72	573
53	73	2
53	75	49
53	76	20
53	77	370
53	78	42
53	79	283
53	81	3443
53	82	42
53	84	11
53	85	122
53	86	158
53	87	67
53	88	533
53	89	87
54	0	193
54	1	2
54	3	13
54	4	2
54	6	2
54	7	21
54	9	26
54	10	2
54	12	96
54	13	75
54	14	10
54	15	16
54	16	204
54	17	10
54	18	26
54	19	8
54	20	43
54	23	102
54	24	2
54	25	18
54	26	13
54	27	26
54	29	2
54	30	8
54	32	29
54	33	16
54	35	21
54	36	37
54	39	99
54	40	8
54	41	99
54	42	2
54	43	13
54	47	10
54	49	126
54	51	5
54	52	37
54	53	48
54	54	8
54	55	5
54	56	69
54	57	13
54	58	13
54	59	5
54	60	29
54	61	26
54	62	13
54	63	24
54	64	5
54	66	72
54	67	72
54	68	10
54	69	10
54	70	8
54	71	110
54	72	32
54	75	67
54	76	59
54	77	40
54	78	32
54	79	34
54	81	96
54	82	2
54	85	21
54	86	2
54	87	13
54	88	10
55	0	15
55	2	9
55	3	502
55	5	4
55	6	252
55	7	118
55	8	154
55	9	234
55	10	145
55	11	29
55	12	445
55	13	402
55	14	509
55	15	315
55	16	111
55	17	88
55	18	13
55	19	34
55	20	2223
55	22	11
55	23	286
55	25	470
55	26	261
55	27	545
55	28	34
55	29	147
55	30	4
55	32	256
55	33	93
55	34	38
55	35	300
55	36	102
55	37	4
55	39	304
55	40	40
55	41	129
55	42	11
55	43	459
55	44	370
55	45	197
55	47	109
55	49	304
55	50	13
55	51	220
55	52	4
55	53	179
55	55	3534
55	56	638
55	57	129
55	58	2
55	59	215
55	60	209
55	61	93
55	62	397
55	63	386
55	64	331
55	65	4
55	66	1070
55	67	179
55	68	31
55	69	104
55	70	56
55	71	136
55	72	2029
55	73	6
55	74	9
55	75	43
55	76	18
55	77	65
55	78	20
55	79	156
55	81	1800
55	82	340
55	83	6
55	84	52
55	85	79
55	86	93
55	87	115
55	88	156
55	89	20
56	0	16
56	3	124
56	4	2
56	6	52
56	7	100
56	8	10
56	9	160
56	10	58
56	11	4
56	12	1456
56	13	503
56	14	138
56	15	106
56	16	201
56	17	171
56	18	16
56	19	52
56	20	1046
56	21	2
56	23	812
56	24	2
56	25	249
56	26	247
56	27	275
56	28	6
56	29	169
56	30	2
56	32	1225
56	33	122
56	34	4
56	35	42
56	36	183
56	39	1261
56	40	56
56	41	267
56	42	4
56	43	56
56	44	2
56	45	84
56	47	350
56	49	517
56	51	229
56	52	18
56	53	1329
56	55	60
56	56	3424
56	57	88
56	59	249
56	60	740
56	61	354
56	62	144
56	63	398
56	64	253
56	66	1521
56	67	609
56	68	215
56	69	400
56	70	162
56	71	235
56	72	478
56	73	6
56	75	48
56	76	16
56	77	235
56	78	30
56	79	217
56	81	2492
56	82	38
56	83	4
56	84	6
56	85	84
56	86	169
56	87	40
56	88	460
56	89	36
57	0	23
57	1	7
57	3	396
57	6	57
57	7	508
57	8	28
57	9	993
57	10	233
57	11	7
57	12	837
57	13	1558
57	14	567
57	15	300
57	16	243
57	17	355
57	18	23
57	19	124
57	20	1641
57	23	853
57	25	329
57	26	601
57	27	835
57	28	10
57	29	191
57	30	5
57	32	599
57	33	308
57	34	31
57	35	121
57	36	767
57	38	2
57	39	907
57	40	25
57	41	243
57	42	38
57	43	259
57	44	7
57	45	88
57	47	142
57	49	565
57	50	5
57	51	173
57	52	28
57	53	368
57	55	95
57	56	1408
57	57	995
57	59	194
57	60	531
57	61	155
57	62	298
57	63	733
57	64	277
57	66	2824
57	67	840
57	68	85
57	69	451
57	70	77
57	71	334
57	72	746
57	74	7
57	75	44
57	76	15
57	77	186
57	78	28
57	79	588
57	81	3716
57	82	64
57	84	28
57	85	163
57	86	75
57	87	329
57	88	204
57	89	33
58	0	144
58	3	9
58	4	44
58	6	3
58	7	6
58	9	25
58	10	6
58	12	76
58	13	25
58	14	22
58	15	12
58	16	432
58	17	12
58	18	166
58	19	6
58	20	19
58	23	44
58	24	19
58	25	12
58	26	12
58	27	32
58	29	9
58	30	6
58	32	16
58	33	6
58	34	3
58	35	9
58	36	12
58	37	3
58	39	67
58	40	32
58	41	96
58	43	16
58	45	3
58	47	3
58	49	118
58	51	9
58	52	38
58	53	35
58	54	3
58	56	38
58	57	3
58	58	230
58	59	9
58	60	12
58	61	9
58	63	25
58	64	6
58	66	41
58	67	35
58	68	3
58	69	12
58	70	73
58	71	166
58	75	195
58	76	19
58	77	48
58	78	153
58	79	22
58	81	51
58	82	3
58	85	6
58	86	3
58	87	3
58	88	12
58	89	9
59	0	33
59	1	5
59	2	1
59	3	260
59	5	3
59	6	748
59	7	115
59	8	73
59	9	278
59	10	91
59	11	5
59	12	1193
59	13	476
59	14	317
59	15	246
59	16	192
59	17	131
59	18	7
59	19	97
59	20	1912
59	21	5
59	23	568
59	24	7
59	25	1084
59	26	337
59	27	365
59	28	143
59	29	361
59	30	3
59	32	931
59	33	139
59	34	17
59	35	103
59	36	156
59	37	13
59	38	1
59	39	979
59	40	43
59	41	232
59	42	13
59	43	270
59	45	681
59	47	339
59	48	1
59	49	494
59	50	1
59	51	357
59	52	7
59	53	770
59	55	148
59	56	2137
59	57	107
59	58	1
59	59	4354
59	60	659
59	61	288
59	62	262
59	63	675
59	64	778
59	65	1
59	66	1889
59	67	391
59	68	133
59	69	319
59	70	166
59	71	246
59	72	1177
59	73	39
59	74	9
59	75	35
59	76	15
59	77	143
59	78	23
59	79	194
59	81	3452
59	82	59
59	83	13
59	84	41
59	85	105
59	86	498
59	87	71
59	88	558
59	89	23
60	0	21
60	3	241
60	6	160
60	7	230
60	8	23
60	9	337
60	10	98
60	11	2
60	12	1452
60	13	826
60	14	192
60	15	151
60	16	234
60	17	380
60	18	6
60	19	113
60	20	2435
60	23	1072
60	24	10
60	25	610
60	26	521
60	27	358
60	28	17
60	29	484
60	30	10
60	32	1499
60	33	151
60	34	12
60	35	59
60	36	354
60	39	1395
60	40	72
60	41	320
60	42	12
60	43	162
60	44	8
60	45	239
60	47	775
60	49	581
60	51	546
60	52	19
60	53	1132
60	54	4
60	55	108
60	56	3757
60	57	162
60	58	4
60	59	621
60	60	1877
60	61	296
60	62	292
60	63	732
60	64	647
60	66	2717
60	67	704
60	68	224
60	69	534
60	70	222
60	71	271
60	72	1435
60	73	6
60	74	4
60	75	44
60	76	17
60	77	241
60	78	29
60	79	307
60	81	4400
60	82	121
60	84	12
60	85	119
60	86	215
60	87	72
60	88	461
60	89	81
61	0	21
61	3	39
61	6	6
61	7	34
61	9	43
61	10	4
61	11	2
61	12	1186
61	13	146
61	14	37
61	15	17
61	16	150
61	17	39
61	18	13
61	19	19
61	20	131
61	23	198
61	24	2
61	25	28
61	26	65
61	27	34
61	29	21
61	30	4
61	32	150
61	33	34
61	34	10
61	35	2
61	36	24
61	39	572
61	40	17
61	41	91
61	43	10
61	45	2
61	47	39
61	49	194
61	50	2
61	51	15
61	52	2
61	53	308
61	55	2
61	56	402
61	57	4
61	59	10
61	60	96
61	61	177
61	62	28
61	63	54
61	64	30
61	66	410
61	67	137
61	68	76
61	69	85
61	70	135
61	71	135
61	72	37
61	74	4
61	75	17
61	76	8
61	77	190
61	78	21
61	79	41
61	81	721
61	84	2
61	85	37
61	86	15
61	87	21
61	88	155
62	0	31
62	3	567
62	6	139
62	7	187
62	8	62
62	9	538
62	10	151
62	11	14
62	12	420
62	13	632
62	14	581
62	15	374
62	16	120
62	17	141
62	18	16
62	19	48
62	20	3902
62	23	461
62	24	2
62	25	591
62	26	466
62	27	701
62	28	9
62	29	307
62	30	4
62	32	355
62	33	134
62	34	24
62	35	257
62	36	216
62	37	7
62	39	478
62	40	26
62	41	187
62	42	19
62	43	475
62	44	19
62	45	228
62	47	182
62	49	322
62	50	9
62	51	334
62	52	9
62	53	245
62	55	562
62	56	1045
62	57	182
62	59	281
62	60	449
62	61	122
62	62	1136
62	63	680
62	64	449
62	66	1401
62	67	329
62	68	48
62	69	134
62	70	43
62	71	139
62	72	1713
62	74	9
62	75	69
62	76	19
62	77	103
62	78	28
62	79	305
62	81	2273
62	82	247
62	84	52
62	85	120
62	86	64
62	87	177
62	88	168
62	89	24
63	0	25
63	1	8
63	3	349
63	5	5
63	6	206
63	7	145
63	8	97
63	9	486
63	10	165
63	11	2
63	12	938
63	13	829
63	14	329
63	15	271
63	16	186
63	17	383
63	18	17
63	19	91
63	20	2861
63	21	2
63	22	5
63	23	861
63	25	752
63	26	578
63	27	618
63	28	8
63	29	661
63	32	1047
63	33	131
63	34	20
63	35	128
63	36	389
63	37	5
63	39	1010
63	40	14
63	41	240
63	42	17
63	43	243
63	44	5
63	45	243
63	47	546
63	49	374
63	51	572
63	52	2
63	53	540
63	54	2
63	55	271
63	56	2180
63	57	243
63	58	2
63	59	400
63	60	1184
63	61	163
63	62	454
63	63	1839
63	64	603
63	66	2297
63	67	812
63	68	151
63	69	340
63	70	131
63	71	223
63	72	1576
63	74	2
63	75	74
63	76	17
63	77	188
63	78	34
63	79	372
63	81	3250
63	82	134
63	84	11
63	85	103
63	86	165
63	87	71
63	88	260
63	89	48
64	0	6
64	1	2
64	3	184
64	6	223
64	7	123
64	8	31
64	9	220
64	10	63
64	11	6
64	12	574
64	13	480
64	14	218
64	15	182
64	16	129
64	17	164
64	19	56
64	20	2428
64	21	2
64	23	480
64	24	2
64	25	735
64	26	287
64	27	432
64	28	22
64	29	353
64	32	738
64	33	82
64	34	9
64	35	66
64	36	195
64	38	2
64	39	758
64	40	15
64	41	100
64	42	4
64	43	166
64	44	4
64	45	330
64	47	234
64	49	186
64	51	467
64	52	4
64	53	501
64	55	195
64	56	1745
64	57	120
64	59	590
64	60	706
64	61	150
64	62	243
64	63	649
64	64	977
64	66	1681
64	67	460
64	68	107
64	69	268
64	70	56
64	71	116
64	72	1346
64	73	9
64	74	4
64	75	41
64	76	13
64	77	104
64	78	29
64	79	216
64	81	2503
64	82	111
64	83	2
64	84	18
64	85	63
64	86	111
64	87	91
64	88	257
64	89	27
65	3	4
65	6	17
65	10	2
65	12	4
65	14	4
65	16	2
65	20	22
65	22	2
65	25	7
65	27	2
65	32	2
65	35	2
65	44	2
65	53	2
65	55	2
65	59	9
65	60	4
65	63	4
65	64	7
65	65	4
65	66	2
65	67	4
65	69	2
65	71	2
65	72	14
65	81	12
65	83	4
66	0	9
66	3	125
66	6	23
66	7	114
66	8	9
66	9	244
66	10	55
66	11	1
66	12	546
66	13	316
66	14	178
66	15	114
66	16	81
66	17	169
66	19	38
66	20	570
66	23	360
66	25	134
66	26	418
66	27	222
66	28	7
66	29	73
66	32	278
66	33	58
66	34	12
66	35	38
66	36	180
66	39	613
66	40	20
66	41	132
66	42	12
66	43	58
66	44	1
66	45	23
66	47	69
66	49	250
66	50	3
66	51	60
66	52	3
66	53	244
66	54	5
66	55	46
66	56	694
66	57	110
66	58	1
66	59	53
66	60	184
66	61	92
66	62	103
66	63	270
66	64	134
66	66	2604
66	67	423
66	68	51
66	69	346
66	70	25
66	71	117
66	72	191
66	74	3
66	75	25
66	76	11
66	77	62
66	78	18
66	79	121
66	81	4475
66	82	18
66	84	3
66	85	51
66	86	31
66	87	47
66	88	104
66	89	18
67	0	33
67	3	160
67	6	46
67	7	228
67	8	7
67	9	248
67	10	65
67	11	1
67	12	2120
67	13	835
67	14	222
67	15	166
67	16	473
67	17	508
67	18	18
67	19	179
67	20	792
67	23	1540
67	24	9
67	25	188
67	26	527
67	27	364
67	28	14
67	29	164
67	30	11
67	32	566
67	33	211
67	34	24
67	35	65
67	36	344
67	39	2571
67	40	123
67	41	471
67	42	18
67	43	95
67	44	3
67	45	48
67	47	123
67	49	1211
67	50	3
67	51	110
67	52	20
67	53	981
67	55	41
67	56	1540
67	57	162
67	58	5
67	59	166
67	60	403
67	61	345
67	62	125
67	63	431
67	64	201
67	66	3353
67	67	2599
67	68	211
67	69	751
67	70	269
67	71	575
67	72	250
67	74	3
67	75	48
67	76	48
67	77	327
67	78	31
67	79	428
67	81	5638
67	82	28
67	84	28
67	85	278
67	86	80
67	87	100
67	88	374
67	89	46
68	3	1
68	12	32
68	13	5
68	16	5
68	20	1
68	23	14
68	27	5
68	32	1
68	33	1
68	39	14
68	40	1
68	41	3
68	47	1
68	49	1
68	51	1
68	53	3
68	56	12
68	57	1
68	60	3
68	61	1
68	64	1
68	66	5
68	68	1
68	69	1
68	71	3
68	77	9
68	78	1
68	79	1
68	81	12
68	85	1
68	88	9
69	0	27
69	3	201
69	6	52
69	7	146
69	8	2
69	9	246
69	10	85
69	12	869
69	13	594
69	14	156
69	15	151
69	16	171
69	17	370
69	18	15
69	19	80
69	20	1023
69	23	672
69	24	5
69	25	214
69	26	400
69	27	330
69	28	5
69	29	148
69	30	7
69	32	471
69	33	153
69	34	12
69	35	55
69	36	337
69	39	1078
69	40	35
69	41	196
69	42	15
69	43	88
69	44	2
69	45	83
69	47	166
69	49	367
69	51	171
69	52	2
69	53	577
69	55	55
69	56	1355
69	57	126
69	58	2
69	59	151
69	60	425
69	61	171
69	62	156
69	63	491
69	64	216
69	66	2187
69	67	965
69	68	105
69	69	1071
69	70	78
69	71	171
69	72	367
69	73	5
69	75	60
69	76	7
69	77	115
69	78	27
69	79	226
69	80	2
69	81	3434
69	82	35
69	84	15
69	85	55
69	86	27
69	87	93
69	88	183
69	89	52
70	0	53
70	3	112
70	4	1
70	5	3
70	6	33
70	7	84
70	8	7
70	9	129
70	10	33
70	11	1
70	12	3990
70	13	432
70	14	149
70	15	133
70	16	1092
70	17	114
70	18	49
70	19	53
70	20	545
70	23	749
70	24	118
70	25	153
70	26	177
70	27	183
70	28	13
70	29	86
70	30	70
70	32	521
70	33	94
70	34	11
70	35	41
70	36	108
70	39	1721
70	40	336
70	41	499
70	42	7
70	43	88
70	45	33
70	47	165
70	49	730
70	51	147
70	52	11
70	53	1078
70	55	47
70	56	1611
70	57	45
70	58	11
70	59	104
70	60	202
70	61	468
70	62	72
70	63	200
70	64	167
70	66	1210
70	67	493
70	68	196
70	69	255
70	70	2298
70	71	529
70	72	198
70	73	1
70	74	3
70	75	55
70	76	29
70	77	871
70	78	100
70	79	143
70	81	2373
70	82	21
70	84	9
70	85	92
70	86	222
70	87	35
70	88	482
70	89	11
71	0	124
71	1	2
71	3	190
71	4	6
71	5	2
71	6	22
71	7	295
71	8	2
71	9	229
71	10	32
71	12	3282
71	13	854
71	14	206
71	15	147
71	16	2321
71	17	297
71	18	84
71	19	172
71	20	637
71	23	1878
71	24	30
71	25	96
71	26	362
71	27	239
71	28	2
71	29	106
71	30	24
71	32	588
71	33	223
71	34	18
71	35	51
71	36	211
71	39	2348
71	40	190
71	41	2110
71	42	47
71	43	102
71	45	40
71	47	112
71	49	2327
71	50	2
71	51	84
71	52	57
71	53	1112
71	54	8
71	55	36
71	56	1370
71	57	104
71	58	34
71	59	92
71	60	342
71	61	555
71	62	92
71	63	278
71	64	184
71	66	1995
71	67	907
71	68	225
71	69	370
71	70	479
71	71	3180
71	72	213
71	74	4
71	75	129
71	76	122
71	77	538
71	78	96
71	79	381
71	81	3653
71	82	14
71	84	10
71	85	274
71	86	139
71	87	157
71	88	409
71	89	36
72	0	32
72	3	408
72	5	2
72	6	835
72	7	168
72	8	284
72	9	277
72	10	85
72	11	13
72	12	743
72	13	351
72	14	349
72	15	341
72	16	194
72	17	146
72	18	10
72	19	61
72	20	2671
72	21	19
72	22	6
72	23	480
72	25	1591
72	26	327
72	27	494
72	28	26
72	29	257
72	30	2
72	32	375
72	33	124
72	34	26
72	35	214
72	36	142
72	37	8
72	39	647
72	40	34
72	41	218
72	42	4
72	43	297
72	44	87
72	45	336
72	47	242
72	49	308
72	50	6
72	51	435
72	52	8
72	53	356
72	55	679
72	56	959
72	57	111
72	58	4
72	59	467
72	60	345
72	61	139
72	62	345
72	63	629
72	64	677
72	65	6
72	66	1396
72	67	286
72	68	104
72	69	201
72	70	109
72	71	185
72	72	5871
72	73	4
72	74	21
72	75	28
72	76	17
72	77	93
72	78	28
72	79	185
72	81	2502
72	82	297
72	83	21
72	84	41
72	85	54
72	86	126
72	87	89
72	88	183
72	89	26
73	3	28
73	6	247
73	7	2
73	8	14
73	9	2
73	10	5
73	12	56
73	13	17
73	14	17
73	15	14
73	16	17
73	17	5
73	19	2
73	20	119
73	21	8
73	22	2
73	23	25
73	25	93
73	26	11
73	27	19
73	28	65
73	29	17
73	32	48
73	35	5
73	36	8
73	39	34
73	41	5
73	42	2
73	43	28
73	45	34
73	47	19
73	49	11
73	50	2
73	51	2
73	53	19
73	55	17
73	56	65
73	57	2
73	59	102
73	60	31
73	61	19
73	62	19
73	63	34
73	64	37
73	66	74
73	67	34
73	69	11
73	70	5
73	71	11
73	72	76
73	73	113
73	77	11
73	79	8
73	81	91
73	82	5
73	83	5
73	85	5
73	86	54
73	87	2
73	88	25
74	0	8
74	1	41
74	3	133
74	6	2
74	7	100
74	8	2
74	9	121
74	10	47
74	12	130
74	13	228
74	14	296
74	15	68
74	16	47
74	17	23
74	18	5
74	19	14
74	20	201
74	23	109
74	25	32
74	26	53
74	27	130
74	29	35
74	32	62
74	33	17
74	34	94
74	35	124
74	36	44
74	37	71
74	39	62
74	40	2
74	41	32
74	42	68
74	43	94
74	45	17
74	47	11
74	49	136
74	50	8
74	51	26
74	52	8
74	53	47
74	55	11
74	56	154
74	57	26
74	59	29
74	60	38
74	61	23
74	62	38
74	63	26
74	64	35
74	66	216
74	67	91
74	68	5
74	69	32
74	70	11
74	71	23
74	72	80
74	74	278
74	75	17
74	76	8
74	77	20
74	78	11
74	79	77
74	81	448
74	82	14
74	84	23
74	85	17
74	86	11
74	87	86
74	88	26
75	0	1482
75	3	46
75	4	53
75	6	13
75	7	53
75	8	3
75	9	110
75	10	10
75	11	6
75	12	439
75	13	275
75	14	67
75	15	93
75	16	1036
75	17	26
75	18	1429
75	19	50
75	20	184
75	22	3
75	23	409
75	24	33
75	25	100
75	26	60
75	27	117
75	29	23
75	30	20
75	32	124
75	33	83
75	35	46
75	36	43
75	39	278
75	40	120
75	41	466
75	42	6
75	43	57
75	45	20
75	47	33
75	49	583
75	51	16
75	52	73
75	53	348
75	54	26
75	55	33
75	56	271
75	57	23
75	58	288
75	59	46
75	60	73
75	61	57
75	62	40
75	63	90
75	64	63
75	66	328
75	67	150
75	68	26
75	69	50
75	70	231
75	71	560
75	72	60
75	75	3355
75	76	157
75	77	177
75	78	2526
75	79	97
75	81	372
75	82	13
75	84	23
75	85	114
75	86	50
75	87	46
75	88	46
75	89	10
76	0	155
76	1	1
76	3	71
76	4	3
76	6	3
76	7	106
76	9	69
76	10	23
76	11	1
76	12	510
76	13	331
76	14	57
76	15	31
76	16	404
76	17	69
76	18	39
76	19	72
76	20	187
76	23	445
76	24	3
76	25	33
76	26	94
76	27	80
76	28	1
76	29	35
76	30	1
76	32	128
76	33	128
76	34	7
76	35	21
76	36	71
76	39	532
76	40	37
76	41	520
76	42	17
76	43	25
76	45	15
76	47	21
76	49	642
76	51	19
76	52	193
76	53	197
76	54	13
76	55	13
76	56	323
76	57	31
76	58	13
76	59	29
76	60	92
76	61	98
76	62	41
76	63	80
76	64	33
76	66	538
76	67	167
76	68	41
76	69	69
76	70	74
76	71	457
76	72	59
76	74	3
76	75	92
76	76	473
76	77	108
76	78	33
76	79	138
76	81	1159
76	82	9
76	84	17
76	85	145
76	86	13
76	87	71
76	88	67
76	89	5
77	0	84
77	1	2
77	3	187
77	4	6
77	6	36
77	7	153
77	9	179
77	10	21
77	11	4
77	12	5481
77	13	621
77	14	161
77	15	123
77	16	1072
77	17	181
77	18	36
77	19	123
77	20	705
77	23	1277
77	24	30
77	25	131
77	26	276
77	27	248
77	28	4
77	29	88
77	30	28
77	32	623
77	33	131
77	34	19
77	35	41
77	36	192
77	39	2574
77	40	274
77	41	694
77	42	10
77	43	92
77	45	49
77	47	129
77	49	1303
77	50	8
77	51	92
77	52	21
77	53	1158
77	54	2
77	55	38
77	56	1504
77	57	99
77	58	6
77	59	140
77	60	319
77	61	697
77	62	82
77	63	291
77	64	222
77	66	1873
77	67	679
77	68	321
77	69	470
77	70	930
77	71	738
77	72	198
77	74	8
77	75	88
77	76	38
77	77	2069
77	78	151
77	79	265
77	81	4018
77	82	15
77	84	6
77	85	183
77	86	179
77	87	86
77	88	461
77	89	17
78	0	890
78	1	4
78	3	81
78	4	44
78	6	4
78	7	97
78	8	4
78	9	93
78	10	16
78	12	569
78	13	260
78	14	85
78	15	73
78	16	1012
78	17	32
78	18	1532
78	19	40
78	20	260
78	23	512
78	24	28
78	25	105
78	26	36
78	27	117
78	29	60
78	30	24
78	32	150
78	33	138
78	34	4
78	35	32
78	36	56
78	39	377
78	40	166
78	41	406
78	42	12
78	43	69
78	45	65
78	47	40
78	49	386
78	51	24
78	52	105
78	53	394
78	54	16
78	55	32
78	56	369
78	57	16
78	58	191
78	59	113
78	60	77
78	61	93
78	62	48
78	63	113
78	64	44
78	66	349
78	67	227
78	68	16
78	69	52
78	70	308
78	71	394
78	72	134
78	75	3674
78	76	113
78	77	154
78	78	3349
78	79	113
78	81	443
78	82	8
78	84	12
78	85	130
78	86	40
78	87	77
78	88	69
78	89	20
79	0	75
79	1	2
79	3	360
79	6	41
79	7	767
79	8	12
79	9	542
79	10	142
79	11	10
79	12	1626
79	13	2575
79	14	394
79	15	290
79	16	630
79	17	570
79	18	54
79	19	443
79	20	1413
79	23	2188
79	24	12
79	25	282
79	26	557
79	27	666
79	28	12
79	29	261
79	30	7
79	32	863
79	33	1011
79	34	31
79	35	108
79	36	835
79	39	1911
79	40	127
79	41	739
79	42	64
79	43	158
79	44	2
79	45	62
79	47	261
79	49	1506
79	50	2
79	51	261
79	52	62
79	53	941
79	55	77
79	56	2136
79	57	300
79	58	12
79	59	189
79	60	746
79	61	326
79	62	420
79	63	741
79	64	326
79	66	2997
79	67	1662
79	68	173
79	69	565
79	70	326
79	71	669
79	72	560
79	74	5
79	75	121
79	76	67
79	77	401
79	78	75
79	79	2181
79	81	4201
79	82	57
79	84	25
79	85	941
79	86	101
79	87	251
79	88	293
79	89	46
80	0	5
80	1	5
80	7	5
80	9	10
80	10	5
80	12	10
80	13	15
80	14	15
80	16	5
80	20	10
80	23	30
80	27	5
80	29	5
80	35	10
80	39	10
80	40	10
80	43	5
80	49	5
80	62	5
80	66	5
80	71	5
80	81	20
80	86	5
80	87	5
81	0	5
81	3	38
81	6	5
81	7	22
81	8	5
81	9	55
81	10	18
81	12	161
81	13	90
81	14	44
81	15	22
81	16	22
81	17	24
81	19	7
81	20	206
81	23	105
81	25	50
81	26	128
81	27	77
81	29	20
81	30	1
81	32	70
81	33	20
81	34	14
81	35	9
81	36	33
81	39	217
81	40	3
81	41	46
81	42	1
81	43	20
81	45	12
81	47	16
81	49	79
81	50	1
81	51	16
81	52	1
81	53	63
81	55	16
81	56	122
81	57	14
81	59	22
81	60	55
81	61	33
81	62	22
81	63	72
81	64	37
81	66	857
81	67	128
81	68	12
81	69	87
81	70	9
81	71	33
81	72	48
81	74	1
81	75	3
81	76	1
81	77	25
81	78	5
81	79	25
81	81	1674
81	82	3
81	85	5
81	86	5
81	87	20
81	88	16
81	89	11
82	0	4
82	1	2
82	3	333
82	6	138
82	7	82
82	8	62
82	9	144
82	10	75
82	11	10
82	12	212
82	13	281
82	14	365
82	15	222
82	16	75
82	17	47
82	18	6
82	19	34
82	20	1672
82	21	2
82	23	216
82	24	2
82	25	281
82	26	194
82	27	359
82	28	8
82	29	116
82	30	4
82	32	162
82	33	51
82	34	10
82	35	151
82	36	73
82	39	209
82	40	12
82	41	56
82	42	2
82	43	289
82	44	25
82	45	108
82	47	88
82	49	136
82	50	2
82	51	188
82	52	4
82	53	93
82	55	993
82	56	504
82	57	56
82	58	2
82	59	144
82	60	199
82	61	56
82	62	441
82	63	296
82	64	251
82	65	2
82	66	781
82	67	153
82	68	10
82	69	121
82	70	32
82	71	86
82	72	1272
82	73	2
82	75	15
82	76	4
82	77	28
82	78	12
82	79	108
82	81	1328
82	82	279
82	83	4
82	84	30
82	85	43
82	86	30
82	87	67
82	88	67
82	89	8
83	0	3
83	3	46
83	5	80
83	6	597
83	7	3
83	8	233
83	9	46
83	10	13
83	12	50
83	13	43
83	14	73
83	15	40
83	16	6
83	17	20
83	18	3
83	19	20
83	20	460
83	21	163
83	22	30
83	23	50
83	25	277
83	26	23
83	27	86
83	28	43
83	29	40
83	32	60
83	33	13
83	35	36
83	36	16
83	39	50
83	40	6
83	41	23
83	43	103
83	44	33
83	45	36
83	47	16
83	49	26
83	50	3
83	51	103
83	52	3
83	53	43
83	55	76
83	56	176
83	57	3
83	59	140
83	60	50
83	61	6
83	62	66
83	63	100
83	64	123
83	65	20
83	66	210
83	67	33
83	68	3
83	69	30
83	70	6
83	71	36
83	72	460
83	73	36
83	75	3
83	77	13
83	78	3
83	79	30
83	81	307
83	82	13
83	83	110
83	85	13
83	86	103
83	87	13
83	88	46
84	0	6
84	1	2
84	3	1278
84	6	11
84	7	117
84	8	6
84	9	238
84	10	83
84	11	48
84	12	161
84	13	337
84	14	552
84	15	656
84	16	78
84	17	39
84	18	2
84	19	27
84	20	508
84	21	2
84	23	154
84	24	2
84	25	90
84	26	147
84	27	566
84	28	4
84	29	73
84	32	92
84	33	36
84	34	34
84	35	1396
84	36	62
84	37	2
84	39	205
84	40	11
84	41	67
84	42	13
84	43	217
84	45	30
84	47	16
84	49	157
84	50	39
84	51	78
84	52	4
84	53	53
84	55	90
84	56	210
84	57	64
84	59	30
84	60	92
84	61	27
84	62	113
84	63	127
84	64	131
84	66	644
84	67	138
84	68	30
84	69	48
84	70	30
84	71	73
84	72	187
84	73	2
84	74	27
84	75	23
84	76	13
84	77	25
84	78	4
84	79	122
84	81	959
84	82	36
84	84	667
84	85	20
84	86	16
84	87	85
84	88	34
84	89	4
85	0	50
85	3	166
85	4	2
85	6	20
85	7	410
85	8	4
85	9	212
85	10	70
85	11	4
85	12	1405
85	13	1213
85	14	264
85	15	118
85	16	563
85	17	282
85	18	31
85	19	328
85	20	583
85	23	1532
85	24	2
85	25	102
85	26	335
85	27	280
85	28	4
85	29	79
85	30	2
85	32	385
85	33	604
85	34	29
85	35	79
85	36	257
85	37	6
85	39	1441
85	40	25
85	41	739
85	42	66
85	43	88
85	44	2
85	45	34
85	47	116
85	49	1681
85	51	88
85	52	95
85	53	647
85	54	2
85	55	36
85	56	948
85	57	118
85	58	11
85	59	84
85	60	228
85	61	312
85	62	164
85	63	323
85	64	98
85	66	1708
85	67	798
85	68	132
85	69	328
85	70	175
85	71	631
85	72	212
85	74	2
85	75	72
85	76	166
85	77	193
85	78	41
85	79	784
85	81	3284
85	82	25
85	84	15
85	85	1468
85	86	54
85	87	141
85	88	241
85	89	18
86	0	50
86	1	2
86	3	111
86	6	163
86	7	93
86	8	70
86	9	125
86	10	47
86	11	6
86	12	867
86	13	238
86	14	143
86	15	91
86	16	279
86	17	86
86	18	43
86	19	31
86	20	628
86	22	2
86	23	304
86	24	25
86	25	207
86	26	104
86	27	172
86	28	72
86	29	79
86	30	6
86	32	505
86	33	43
86	34	4
86	35	31
86	36	97
86	37	2
86	39	673
86	40	61
86	41	150
86	42	13
86	43	170
86	44	2
86	45	102
86	47	703
86	49	264
86	51	88
86	52	11
86	53	489
86	55	47
86	56	1226
86	57	47
86	58	6
86	59	496
86	60	202
86	61	177
86	62	68
86	63	188
86	64	113
86	66	637
86	67	207
86	68	86
86	69	118
86	70	330
86	71	152
86	72	314
86	73	38
86	75	102
86	76	25
86	77	175
86	78	72
86	79	161
86	81	1131
86	82	40
86	83	2
86	84	13
86	85	45
86	86	7465
86	87	54
86	88	814
86	89	18
87	0	20
87	1	6
87	3	633
87	4	2
87	6	28
87	7	783
87	8	6
87	9	787
87	10	230
87	11	6
87	12	703
87	13	1589
87	14	1042
87	15	370
87	16	208
87	17	172
87	18	6
87	19	138
87	20	966
87	23	761
87	25	166
87	26	370
87	27	779
87	28	6
87	29	104
87	30	10
87	32	322
87	33	300
87	34	440
87	35	200
87	36	368
87	37	12
87	39	819
87	40	32
87	41	316
87	42	92
87	43	260
87	45	34
87	47	58
87	49	611
87	50	4
87	51	164
87	52	18
87	53	318
87	55	82
87	56	801
87	57	172
87	58	4
87	59	74
87	60	262
87	61	136
87	62	260
87	63	322
87	64	178
87	66	1860
87	67	445
87	68	94
87	69	208
87	70	66
87	71	256
87	72	388
87	74	36
87	75	60
87	76	20
87	77	106
87	78	22
87	79	489
87	81	3584
87	82	44
87	83	8
87	84	56
87	85	206
87	86	52
87	87	669
87	88	90
87	89	10
88	0	21
88	3	108
88	4	1
88	6	104
88	7	34
88	8	11
88	9	83
88	10	11
88	11	1
88	12	1733
88	13	234
88	14	139
88	15	77
88	16	237
88	17	119
88	18	19
88	19	54
88	20	721
88	21	1
88	23	504
88	24	3
88	25	203
88	26	297
88	27	178
88	28	23
88	29	104
88	30	11
88	32	657
88	33	58
88	34	9
88	35	38
88	36	110
88	39	1068
88	40	52
88	41	232
88	42	5
88	43	63
88	44	7
88	45	73
88	47	441
88	49	516
88	50	1
88	51	131
88	52	9
88	53	969
88	54	3
88	55	58
88	56	2161
88	57	77
88	58	1
88	59	247
88	60	402
88	61	330
88	62	89
88	63	290
88	64	228
88	66	1567
88	67	396
88	68	208
88	69	268
88	70	193
88	71	251
88	72	311
88	73	3
88	74	3
88	75	40
88	76	29
88	77	189
88	78	61
88	79	94
88	81	3917
88	82	27
88	84	7
88	85	58
88	86	553
88	87	36
88	88	2878
88	89	25
89	0	21
89	3	91
89	4	2
89	6	28
89	7	99
89	8	6
89	9	132
89	10	39
89	12	616
89	13	275
89	14	132
89	15	67
89	16	138
89	17	217
89	18	13
89	19	45
89	20	607
89	23	427
89	25	158
89	26	256
89	27	171
89	28	4
89	29	73
89	30	2
89	32	458
89	33	102
89	34	6
89	35	23
89	36	158
89	39	781
89	40	34
89	41	130
89	42	6
89	43	56
89	44	4
89	45	47
89	47	158
89	49	260
89	51	117
89	52	8
89	53	507
89	54	4
89	55	15
89	56	1387
89	57	86
89	58	2
89	59	121
89	60	455
89	61	112
89	62	97
89	63	277
89	64	175
89	66	1280
89	67	401
89	68	84
89	69	338
89	70	67
89	71	128
89	72	306
89	75	17
89	76	8
89	77	97
89	78	17
89	79	119
89	81	2199
89	82	34
89	84	6
89	85	47
89	86	45
89	87	26
89	88	184
89	89	112
