126	10484
0	0	863
0	1	8
0	2	71
0	3	253
0	4	727
0	6	251
0	7	22
0	8	619
0	9	385
0	10	2
0	11	207
0	12	580
0	14	2
0	15	2
0	16	4
0	17	430
0	18	812
0	19	150
0	20	12
0	21	101
0	22	16
0	23	434
0	24	146
0	25	79
0	27	270
0	28	2
0	29	42
0	30	140
0	31	444
0	33	119
0	34	329
0	35	4
0	36	284
0	37	207
0	38	4
0	39	117
0	40	152
0	42	14
0	43	4
0	45	18
0	46	2
0	47	4
0	50	188
0	54	42
0	55	2
0	56	42
0	57	2
0	58	2
0	59	87
0	61	532
0	62	639
0	63	140
0	64	197
0	65	190
0	68	379
0	70	4
0	71	420
0	73	2
0	76	846
0	78	48
0	79	2
0	80	85
0	81	170
0	82	6
0	83	85
0	84	64
0	85	491
0	86	385
0	87	69
0	88	62
0	89	101
0	90	775
0	91	12
0	92	209
0	93	404
0	95	113
0	97	194
0	99	885
0	100	14
0	101	4
0	102	203
0	103	99
0	104	160
0	105	107
0	106	12
0	107	2
0	108	6
0	109	517
0	110	2201
0	111	20
0	112	144
0	113	156
0	114	125
0	115	12
0	116	20
0	118	796
0	119	109
0	120	485
0	121	87
0	122	383
0	123	50
0	124	123
1	0	2
1	1	249
1	2	2
1	3	19
1	4	58
1	6	58
1	7	16
1	8	53
1	9	55
1	10	12
1	11	43
1	12	26
1	13	2
1	14	2
1	15	26
1	17	19
1	18	70
1	19	9
1	20	38
1	21	41
1	23	58
1	24	16
1	25	21
1	27	21
1	29	2
1	30	346
1	31	113
1	33	225
1	34	474
1	36	36
1	37	16
1	39	99
1	40	353
1	42	171
1	43	4
1	47	7
1	50	7
1	53	7
1	54	4
1	56	181
1	57	2
1	58	2
1	59	4
1	60	2
1	61	50
1	62	24
1	63	16
1	64	9
1	65	50
1	68	21
1	69	4
1	71	16
1	73	4
1	74	9
1	75	2
1	76	67
1	80	4
1	81	14
1	84	244
1	85	26
1	86	24
1	87	50
1	88	31
1	89	154
1	90	48
1	91	31
1	92	38
1	93	29
1	95	33
1	97	215
1	98	2
1	99	121
1	101	4
1	102	21
1	103	4
1	104	21
1	105	9
1	106	65
1	107	12
1	109	7
1	110	525
1	111	2
1	112	26
1	113	16
1	114	21
1	115	4
1	116	58
1	118	12
1	119	16
1	120	55
1	121	4
1	122	31
1	123	43
1	124	24
2	0	90
2	2	143
2	3	40
2	4	196
2	6	50
2	7	8
2	8	141
2	9	52
2	11	33
2	12	61
2	16	2
2	17	67
2	18	200
2	19	29
2	21	14
2	22	10
2	23	48
2	24	23
2	25	14
2	27	69
2	28	2
2	29	29
2	30	8
2	31	80
2	33	25
2	34	63
2	36	46
2	37	18
2	38	4
2	39	21
2	40	18
2	42	2
2	50	35
2	54	6
2	56	2
2	58	2
2	59	12
2	61	94
2	62	107
2	63	35
2	64	27
2	65	52
2	68	107
2	71	80
2	73	4
2	75	4
2	76	137
2	78	10
2	80	21
2	81	48
2	83	33
2	84	8
2	85	151
2	86	143
2	87	8
2	88	6
2	89	12
2	90	225
2	91	2
2	92	37
2	93	59
2	95	29
2	97	21
2	99	244
2	102	40
2	103	16
2	104	12
2	105	14
2	106	8
2	109	65
2	110	362
2	111	8
2	112	18
2	113	42
2	114	27
2	118	312
2	119	18
2	120	130
2	121	18
2	122	75
2	123	18
2	124	8
3	0	34
3	1	9
3	2	9
3	3	275
3	4	266
3	6	168
3	7	9
3	8	161
3	9	133
3	10	3
3	11	177
3	12	76
3	17	168
3	18	212
3	19	19
3	20	9
3	21	57
3	23	282
3	24	82
3	25	60
3	27	63
3	29	9
3	30	69
3	31	120
3	33	111
3	34	342
3	36	145
3	37	72
3	38	3
3	39	28
3	40	139
3	42	9
3	50	3
3	54	9
3	56	22
3	59	76
3	61	377
3	62	85
3	63	88
3	64	50
3	65	82
3	68	88
3	70	9
3	71	15
3	75	3
3	76	345
3	78	3
3	80	19
3	81	66
3	83	19
3	84	31
3	85	101
3	86	88
3	87	66
3	88	12
3	89	95
3	90	152
3	91	6
3	92	183
3	93	145
3	95	82
3	97	202
3	99	250
3	100	9
3	102	114
3	103	34
3	104	50
3	105	57
3	106	6
3	107	3
3	109	139
3	110	1351
3	111	12
3	112	63
3	113	76
3	114	57
3	115	9
3	116	34
3	118	69
3	119	50
3	120	187
3	121	12
3	122	136
3	123	22
3	124	117
4	0	83
4	1	2
4	2	10
4	3	78
4	4	2237
4	6	176
4	7	35
4	8	963
4	9	619
4	11	80
4	12	57
4	16	10
4	17	78
4	18	1288
4	19	52
4	20	7
4	21	65
4	23	171
4	24	211
4	25	57
4	27	314
4	29	130
4	30	7
4	31	234
4	33	65
4	34	163
4	35	7
4	36	130
4	37	15
4	38	2
4	39	35
4	40	70
4	42	5
4	46	2
4	50	22
4	54	72
4	55	2
4	56	10
4	58	10
4	59	37
4	61	234
4	62	133
4	63	67
4	64	27
4	65	62
4	68	619
4	70	15
4	71	52
4	73	2
4	76	309
4	78	15
4	79	2
4	80	128
4	81	70
4	82	5
4	83	20
4	84	20
4	85	329
4	86	412
4	87	45
4	88	40
4	89	27
4	90	840
4	91	2
4	92	118
4	93	118
4	95	153
4	97	67
4	99	795
4	100	5
4	101	2
4	102	105
4	103	138
4	104	72
4	105	78
4	106	15
4	108	20
4	109	88
4	110	822
4	111	22
4	112	37
4	113	55
4	114	67
4	116	7
4	118	181
4	119	45
4	120	525
4	121	72
4	122	299
4	123	55
4	124	45
5	7	8
5	21	2
5	31	5
5	34	2
5	36	2
5	38	2
5	61	2
5	65	2
5	79	16
5	87	5
5	88	2
5	89	2
5	90	2
5	95	2
5	101	2
5	105	2
5	106	2
5	109	2
5	110	8
5	112	2
5	118	2
5	119	2
5	120	2
5	123	5
6	0	75
6	1	10
6	2	5
6	3	291
6	4	862
6	6	1088
6	7	27
6	8	518
6	9	636
6	11	191
6	12	67
6	14	2
6	15	2
6	17	254
6	18	905
6	19	40
6	20	15
6	21	191
6	23	565
6	24	193
6	25	231
6	27	286
6	29	22
6	30	57
6	31	545
6	33	75
6	34	259
6	36	442
6	37	77
6	38	2
6	39	52
6	40	98
6	42	7
6	45	2
6	46	2
6	50	17
6	52	5
6	54	50
6	56	10
6	57	2
6	58	2
6	59	60
6	61	568
6	62	128
6	63	301
6	64	50
6	65	178
6	68	306
6	69	2
6	70	7
6	71	50
6	73	2
6	75	7
6	76	1028
6	78	10
6	80	115
6	81	130
6	82	5
6	83	12
6	84	70
6	85	276
6	86	173
6	87	115
6	88	72
6	89	67
6	90	301
6	91	2
6	92	528
6	93	216
6	95	203
6	97	135
6	98	2
6	99	1174
6	101	10
6	102	150
6	103	90
6	104	188
6	105	128
6	106	12
6	107	2
6	108	12
6	109	304
6	110	2152
6	111	20
6	112	143
6	113	158
6	114	143
6	115	2
6	116	40
6	118	186
6	119	173
6	120	709
6	121	12
6	122	689
6	123	50
6	124	130
7	0	43
7	1	7
7	2	2
7	3	91
7	4	457
7	6	209
7	7	1480
7	8	459
7	9	647
7	10	52
7	11	110
7	12	33
7	14	4
7	15	2
7	16	4
7	17	149
7	18	683
7	19	40
7	20	19
7	21	132
7	23	197
7	24	524
7	25	98
7	27	368
7	29	24
7	30	108
7	31	558
7	33	108
7	34	467
7	36	298
7	37	12
7	38	173
7	39	173
7	40	250
7	41	2
7	42	26
7	43	26
7	45	2
7	46	2
7	50	9
7	51	4
7	53	2
7	54	67
7	56	48
7	58	14
7	59	19
7	61	414
7	62	40
7	63	89
7	64	84
7	65	72
7	68	163
7	70	81
7	71	33
7	73	7
7	75	36
7	76	580
7	78	14
7	79	33
7	80	187
7	81	89
7	82	2
7	83	4
7	84	161
7	85	132
7	86	117
7	87	341
7	88	1740
7	89	158
7	90	286
7	91	9
7	92	320
7	93	122
7	95	1054
7	97	142
7	98	69
7	99	977
7	100	4
7	101	228
7	102	60
7	103	117
7	104	204
7	105	1733
7	106	69
7	107	2
7	108	9
7	109	125
7	110	1405
7	111	33
7	112	267
7	113	113
7	114	893
7	116	45
7	118	62
7	119	86
7	120	288
7	121	12
7	122	397
7	123	678
7	124	40
7	125	2
8	0	148
8	2	22
8	3	175
8	4	2831
8	6	478
8	7	65
8	8	6853
8	9	3903
8	10	13
8	11	215
8	12	175
8	15	8
8	16	20
8	17	375
8	18	3121
8	19	413
8	20	2
8	21	170
8	22	11
8	23	381
8	24	660
8	25	208
8	27	1258
8	29	316
8	30	80
8	31	743
8	33	105
8	34	262
8	35	8
8	36	494
8	37	74
8	38	6
8	39	49
8	40	96
8	42	22
8	43	2
8	45	2
8	46	6
8	48	2
8	50	58
8	54	420
8	56	20
8	57	6
8	58	38
8	59	65
8	61	898
8	62	226
8	63	285
8	64	114
8	65	107
8	66	2
8	68	2026
8	70	4
8	71	217
8	72	2
8	73	24
8	75	26
8	76	1105
8	78	26
8	79	2
8	80	919
8	81	276
8	82	35
8	83	40
8	84	47
8	85	438
8	86	564
8	87	125
8	88	114
8	89	65
8	90	2476
8	91	11
8	92	519
8	93	258
8	95	577
8	96	2
8	97	112
8	98	11
8	99	2986
8	100	4
8	101	4
8	102	328
8	103	1465
8	104	384
8	105	182
8	106	6
8	108	62
8	109	224
8	110	2889
8	111	253
8	112	175
8	113	173
8	114	222
8	115	4
8	116	26
8	118	440
8	119	123
8	120	1786
8	121	71
8	122	937
8	123	125
8	124	107
8	125	2
9	0	54
9	2	7
9	3	88
9	4	2072
9	6	464
9	7	77
9	8	3718
9	9	11661
9	10	7
9	11	145
9	12	54
9	14	2
9	15	7
9	16	88
9	17	163
9	18	3043
9	19	238
9	20	5
9	21	186
9	23	272
9	24	1038
9	25	148
9	27	1911
9	29	179
9	30	80
9	31	1015
9	33	49
9	34	202
9	36	524
9	37	15
9	38	7
9	39	80
9	40	51
9	42	5
9	45	5
9	46	5
9	50	12
9	51	2
9	52	2
9	54	911
9	56	7
9	57	12
9	58	51
9	59	20
9	61	643
9	62	98
9	63	293
9	64	57
9	65	75
9	68	1033
9	70	25
9	71	90
9	73	41
9	75	33
9	76	724
9	78	20
9	79	2
9	80	1656
9	81	285
9	82	23
9	83	23
9	84	59
9	85	319
9	86	431
9	87	59
9	88	228
9	89	75
9	90	1446
9	91	5
9	92	537
9	93	90
9	95	867
9	97	46
9	98	12
9	99	4320
9	100	2
9	101	7
9	102	371
9	103	1142
9	104	363
9	105	270
9	106	15
9	108	54
9	109	101
9	110	2181
9	111	171
9	112	199
9	113	127
9	114	186
9	115	2
9	116	15
9	118	199
9	119	171
9	120	1493
9	121	31
9	122	1028
9	123	129
9	124	20
10	0	26
10	1	15
10	2	3
10	3	34
10	4	189
10	5	7
10	6	56
10	7	245
10	8	83
10	9	264
10	10	1876
10	11	41
10	12	30
10	14	3
10	17	26
10	18	238
10	19	15
10	20	3
10	21	22
10	23	68
10	24	192
10	25	22
10	27	83
10	29	11
10	30	41
10	31	155
10	33	15
10	34	132
10	36	68
10	37	7
10	38	140
10	40	49
10	43	41
10	50	11
10	51	75
10	54	7
10	59	7
10	61	87
10	62	18
10	63	30
10	64	18
10	65	26
10	67	3
10	68	60
10	70	166
10	71	15
10	73	7
10	75	18
10	76	41
10	78	7
10	79	49
10	80	71
10	81	30
10	83	3
10	84	41
10	85	71
10	86	45
10	87	102
10	88	945
10	89	64
10	90	147
10	92	75
10	93	34
10	95	302
10	97	52
10	98	37
10	99	291
10	101	68
10	102	30
10	103	60
10	104	45
10	105	442
10	106	26
10	108	15
10	109	45
10	110	268
10	111	18
10	112	71
10	113	30
10	114	158
10	116	11
10	118	56
10	119	11
10	120	105
10	121	11
10	122	75
10	123	268
10	124	15
10	125	7
11	0	10
11	2	2
11	3	48
11	4	69
11	6	46
11	7	2
11	8	25
11	9	19
11	11	48
11	12	23
11	14	4
11	15	2
11	17	42
11	18	46
11	20	2
11	21	23
11	23	52
11	24	12
11	25	8
11	27	12
11	30	19
11	31	44
11	33	29
11	34	95
11	36	29
11	37	6
11	39	21
11	40	48
11	42	2
11	45	6
11	50	2
11	54	4
11	56	4
11	59	14
11	61	67
11	62	21
11	63	33
11	64	10
11	65	14
11	68	12
11	69	2
11	71	4
11	76	129
11	80	10
11	81	14
11	84	8
11	85	23
11	86	14
11	87	4
11	88	4
11	89	21
11	90	25
11	92	44
11	93	19
11	95	14
11	97	31
11	99	84
11	102	33
11	103	8
11	104	10
11	105	6
11	106	2
11	109	21
11	110	499
11	112	21
11	113	14
11	114	19
11	115	2
11	116	8
11	118	8
11	119	21
11	120	46
11	121	4
11	122	40
11	123	6
11	124	10
12	0	506
12	1	4
12	2	45
12	3	312
12	4	576
12	6	289
12	7	45
12	8	464
12	9	439
12	11	297
12	12	1455
12	15	16
12	17	481
12	18	762
12	19	97
12	20	16
12	21	110
12	22	8
12	23	441
12	24	162
12	25	122
12	27	279
12	28	8
12	29	54
12	30	120
12	31	489
12	33	177
12	34	414
12	35	29
12	36	283
12	37	576
12	38	2
12	39	166
12	40	189
12	42	10
12	45	24
12	46	2
12	47	2
12	50	385
12	52	2
12	53	2
12	54	49
12	56	37
12	58	6
12	59	124
12	61	691
12	62	343
12	63	183
12	64	181
12	65	189
12	68	285
12	70	2
12	71	458
12	75	12
12	76	960
12	78	116
12	79	2
12	80	81
12	81	202
12	83	127
12	84	68
12	85	345
12	86	258
12	87	97
12	88	62
12	89	131
12	90	666
12	91	31
12	92	268
12	93	908
12	94	2
12	95	141
12	97	204
12	98	4
12	99	916
12	100	12
12	101	6
12	102	214
12	103	112
12	104	137
12	105	108
12	106	20
12	107	2
12	108	4
12	109	981
12	110	2882
12	111	24
12	112	156
12	113	229
12	114	158
12	115	47
12	116	52
12	118	379
12	119	127
12	120	493
12	121	58
12	122	374
12	123	89
12	124	199
13	0	6
13	3	9
13	4	18
13	6	12
13	7	9
13	8	37
13	9	12
13	11	28
13	12	3
13	13	201
13	15	25
13	17	6
13	18	37
13	20	53
13	23	25
13	24	6
13	25	12
13	27	15
13	30	154
13	31	37
13	33	145
13	34	602
13	36	6
13	37	9
13	39	176
13	40	347
13	42	12
13	47	41
13	50	12
13	53	44
13	55	3
13	56	66
13	60	6
13	61	31
13	62	3
13	63	6
13	64	3
13	65	15
13	68	12
13	69	15
13	71	22
13	74	9
13	76	59
13	80	15
13	81	12
13	83	3
13	84	337
13	85	6
13	86	22
13	87	9
13	88	6
13	89	123
13	90	28
13	91	6
13	92	34
13	93	3
13	95	22
13	97	183
13	99	85
13	103	3
13	104	6
13	105	22
13	106	429
13	107	12
13	109	15
13	110	198
13	111	6
13	112	31
13	113	6
13	114	12
13	116	208
13	118	18
13	119	9
13	120	50
13	122	9
13	123	18
13	124	18
13	125	85
14	0	7
14	1	4
14	3	9
14	4	48
14	6	19
14	7	7
14	8	66
14	9	75
14	11	12
14	12	2
14	14	107
14	15	2
14	16	2
14	17	14
14	18	88
14	19	7
14	20	4
14	21	34
14	23	14
14	24	44
14	25	4
14	27	29
14	29	4
14	30	7
14	31	129
14	34	19
14	36	46
14	37	7
14	38	2
14	39	2
14	40	7
14	50	2
14	52	9
14	54	7
14	59	2
14	61	66
14	62	4
14	63	22
14	68	17
14	70	7
14	71	4
14	75	2
14	76	68
14	80	12
14	81	22
14	84	17
14	85	34
14	86	12
14	87	12
14	88	48
14	89	7
14	90	24
14	92	58
14	93	17
14	95	90
14	97	4
14	99	178
14	102	19
14	103	12
14	104	70
14	105	12
14	109	14
14	110	293
14	111	4
14	112	14
14	113	4
14	114	34
14	118	12
14	119	2
14	120	36
14	122	63
14	123	66
14	124	2
15	0	20
15	1	7
15	3	30
15	4	66
15	6	25
15	7	2
15	8	30
15	9	35
15	11	43
15	12	20
15	15	166
15	17	38
15	18	84
15	19	2
15	20	82
15	21	33
15	22	2
15	23	51
15	24	12
15	25	7
15	27	25
15	30	236
15	31	61
15	33	738
15	34	1223
15	36	33
15	37	7
15	39	243
15	40	761
15	42	48
15	47	5
15	50	7
15	53	5
15	54	2
15	55	2
15	56	100
15	59	20
15	60	10
15	61	64
15	62	25
15	63	12
15	64	20
15	65	12
15	68	15
15	69	17
15	70	2
15	71	15
15	76	120
15	78	2
15	80	10
15	81	20
15	83	17
15	84	220
15	85	15
15	86	12
15	87	28
15	88	30
15	89	302
15	90	30
15	91	35
15	92	66
15	93	28
15	95	46
15	97	287
15	99	112
15	100	2
15	102	10
15	103	10
15	104	15
15	105	30
15	106	41
15	107	5
15	109	17
15	110	454
15	112	56
15	113	5
15	114	41
15	116	151
15	118	12
15	119	30
15	120	79
15	122	56
15	123	28
15	124	12
16	0	2
16	3	4
16	4	52
16	6	7
16	7	2
16	8	69
16	9	195
16	11	4
16	12	2
16	14	2
16	16	17
16	17	9
16	18	54
16	23	2
16	24	37
16	25	4
16	27	39
16	29	4
16	31	27
16	34	4
16	36	32
16	37	4
16	39	7
16	40	2
16	42	2
16	54	49
16	57	2
16	58	7
16	61	12
16	63	2
16	68	14
16	73	2
16	75	4
16	76	12
16	80	101
16	81	7
16	85	9
16	86	12
16	87	2
16	88	7
16	89	4
16	90	37
16	92	9
16	93	4
16	95	14
16	99	84
16	102	2
16	103	37
16	104	14
16	105	7
16	108	2
16	109	2
16	110	37
16	112	9
16	114	7
16	116	2
16	119	2
16	120	29
16	122	12
16	123	9
16	124	2
17	0	50
17	1	6
17	2	6
17	3	209
17	4	378
17	6	158
17	7	27
17	8	280
17	9	375
17	10	3
17	11	192
17	12	81
17	14	3
17	15	10
17	16	3
17	17	740
17	18	463
17	19	13
17	20	3
17	21	155
17	23	361
17	24	131
17	25	50
17	27	175
17	29	20
17	30	94
17	31	297
17	33	118
17	34	270
17	35	3
17	36	240
17	37	98
17	39	84
17	40	158
17	42	20
17	47	3
17	50	6
17	54	47
17	55	3
17	56	30
17	58	3
17	59	47
17	61	1552
17	62	74
17	63	111
17	64	118
17	65	94
17	68	81
17	69	3
17	70	10
17	71	50
17	75	3
17	76	1339
17	78	6
17	79	6
17	80	40
17	81	155
17	83	3
17	84	87
17	85	125
17	86	84
17	87	50
17	88	54
17	89	54
17	90	213
17	91	3
17	92	267
17	93	114
17	95	131
17	97	142
17	99	588
17	101	13
17	102	142
17	103	67
17	104	114
17	105	91
17	106	13
17	109	114
17	110	2319
17	111	16
17	112	142
17	113	98
17	114	91
17	115	3
17	116	30
17	118	104
17	119	162
17	120	300
17	121	3
17	122	331
17	123	43
17	124	101
18	0	99
18	1	2
18	2	13
18	3	93
18	4	1287
18	6	308
18	7	42
18	8	1349
18	9	1555
18	10	6
18	11	86
18	12	77
18	15	6
18	16	13
18	17	175
18	18	2401
18	19	113
18	20	4
18	21	108
18	23	230
18	24	392
18	25	77
18	27	796
18	29	108
18	30	44
18	31	488
18	33	62
18	34	137
18	35	4
18	36	284
18	37	19
18	38	8
18	39	57
18	40	84
18	43	2
18	46	4
18	47	2
18	50	13
18	52	2
18	54	179
18	56	4
18	58	19
18	59	31
18	61	492
18	62	99
18	63	153
18	64	51
18	65	48
18	68	525
18	70	11
18	71	57
18	73	11
18	75	11
18	76	588
18	78	15
18	80	261
18	81	188
18	82	2
18	83	15
18	84	28
18	85	286
18	86	290
18	87	79
18	88	119
18	89	48
18	90	636
18	91	2
18	92	233
18	93	113
18	95	403
18	97	62
18	98	4
18	99	2434
18	100	4
18	101	6
18	102	135
18	103	315
18	104	268
18	105	124
18	106	15
18	107	4
18	108	11
18	109	135
18	110	1480
18	111	37
18	112	88
18	113	90
18	114	146
18	115	2
18	116	15
18	118	168
18	119	113
18	120	938
18	121	88
18	122	612
18	123	95
18	124	59
19	0	330
19	1	7
19	2	110
19	3	112
19	4	2614
19	6	337
19	7	89
19	8	3015
19	9	1710
19	10	13
19	11	151
19	12	248
19	14	2
19	15	10
19	17	206
19	18	1912
19	19	6313
19	20	7
19	21	73
19	22	20
19	23	261
19	24	416
19	25	117
19	27	539
19	28	2
19	29	1231
19	30	52
19	31	445
19	33	75
19	34	251
19	35	15
19	36	309
19	37	78
19	38	2
19	39	52
19	40	75
19	42	7
19	43	2
19	45	7
19	48	2
19	50	241
19	52	2
19	54	175
19	56	23
19	58	36
19	59	115
19	61	398
19	62	424
19	63	159
19	64	99
19	65	167
19	66	2
19	68	7358
19	70	28
19	71	770
19	73	18
19	74	2
19	75	34
19	76	602
19	78	68
19	80	780
19	81	188
19	82	186
19	83	68
19	84	41
19	85	620
19	86	791
19	87	112
19	88	141
19	89	65
19	90	6153
19	91	5
19	92	288
19	93	301
19	94	2
19	95	450
19	96	7
19	97	136
19	98	15
19	99	1592
19	100	214
19	101	10
19	102	170
19	103	1498
19	104	154
19	105	206
19	106	15
19	107	2
19	108	303
19	109	387
19	110	1571
19	111	327
19	112	151
19	113	188
19	114	225
19	116	31
19	118	1134
19	119	91
19	120	1089
19	121	102
19	122	623
19	123	115
19	124	70
20	0	50
20	1	70
20	2	6
20	3	68
20	4	179
20	6	95
20	7	81
20	8	110
20	9	139
20	10	4
20	11	170
20	12	35
20	13	28
20	14	2
20	15	70
20	17	106
20	18	269
20	19	28
20	20	915
20	21	55
20	22	2
20	23	165
20	24	70
20	25	33
20	27	121
20	29	11
20	30	590
20	31	269
20	33	1140
20	34	5483
20	35	2
20	36	97
20	37	30
20	38	4
20	39	1311
20	40	4063
20	41	2
20	42	106
20	43	2
20	44	39
20	47	19
20	50	30
20	53	37
20	54	13
20	55	6
20	56	300
20	57	2
20	59	15
20	60	44
20	61	280
20	62	33
20	63	79
20	64	61
20	65	79
20	68	42
20	69	13
20	71	35
20	74	2
20	76	552
20	78	8
20	80	33
20	81	99
20	83	30
20	84	809
20	85	55
20	86	48
20	87	46
20	88	68
20	89	1353
20	90	106
20	91	68
20	92	152
20	93	66
20	95	123
20	97	1335
20	99	395
20	100	4
20	101	11
20	102	53
20	103	19
20	104	44
20	105	99
20	106	267
20	107	17
20	109	72
20	110	1585
20	111	6
20	112	187
20	113	61
20	114	84
20	115	2
20	116	1191
20	118	28
20	119	44
20	120	223
20	121	6
20	122	137
20	123	66
20	124	68
20	125	17
21	0	47
21	1	6
21	2	8
21	3	138
21	4	314
21	6	190
21	7	41
21	8	355
21	9	580
21	10	6
21	11	151
21	12	65
21	13	2
21	14	4
21	15	10
21	16	6
21	17	182
21	18	522
21	19	32
21	20	4
21	21	700
21	22	2
21	23	340
21	24	166
21	25	117
21	27	247
21	29	28
21	30	88
21	31	743
21	33	127
21	34	212
21	35	6
21	36	474
21	37	26
21	38	8
21	39	125
21	40	192
21	42	13
21	45	4
21	47	2
21	50	13
21	54	26
21	55	2
21	56	39
21	57	4
21	58	2
21	59	34
21	61	986
21	62	65
21	63	158
21	64	47
21	65	67
21	68	114
21	70	2
21	71	41
21	75	6
21	76	1239
21	78	8
21	79	2
21	80	80
21	81	195
21	82	2
21	83	2
21	84	56
21	85	149
21	86	60
21	87	93
21	88	108
21	89	112
21	90	173
21	91	13
21	92	353
21	93	86
21	95	182
21	97	84
21	98	4
21	99	981
21	101	8
21	102	214
21	103	73
21	104	234
21	105	153
21	106	21
21	108	6
21	109	101
21	110	3107
21	111	15
21	112	318
21	113	88
21	114	175
21	115	6
21	116	52
21	118	62
21	119	182
21	120	370
21	121	6
21	122	351
21	123	121
21	124	39
22	0	75
22	1	3
22	2	22
22	3	28
22	4	132
22	6	78
22	7	3
22	8	63
22	9	25
22	11	47
22	12	81
22	17	85
22	18	186
22	19	50
22	20	6
22	21	15
22	22	331
22	23	104
22	24	6
22	25	12
22	27	18
22	29	34
22	30	6
22	31	72
22	32	6
22	33	25
22	34	204
22	35	22
22	36	50
22	37	56
22	39	18
22	40	47
22	43	3
22	45	3
22	47	3
22	50	119
22	53	3
22	54	6
22	56	12
22	57	3
22	59	22
22	61	148
22	62	75
22	63	34
22	64	40
22	65	40
22	66	63
22	68	72
22	71	967
22	75	3
22	76	189
22	78	53
22	80	18
22	81	53
22	83	709
22	84	18
22	85	69
22	86	88
22	87	6
22	88	6
22	89	91
22	90	192
22	92	47
22	93	63
22	94	37
22	95	9
22	97	145
22	99	56
22	100	40
22	102	37
22	103	12
22	105	3
22	106	12
22	108	3
22	109	107
22	110	353
22	112	37
22	113	53
22	114	12
22	116	9
22	117	6
22	118	94
22	119	15
22	120	154
22	121	12
22	122	37
22	123	9
22	124	28
23	0	30
23	1	2
23	2	5
23	3	242
23	4	234
23	6	176
23	7	28
23	8	140
23	9	148
23	10	2
23	11	176
23	12	84
23	15	7
23	17	186
23	18	273
23	19	17
23	20	12
23	21	217
23	23	582
23	24	51
23	25	68
23	27	112
23	29	22
23	30	102
23	31	288
23	33	104
23	34	194
23	35	2
23	36	265
23	37	35
23	39	68
23	40	127
23	42	10
23	50	10
23	51	2
23	53	2
23	54	20
23	56	22
23	59	38
23	61	551
23	62	43
23	63	89
23	64	43
23	65	66
23	68	71
23	70	12
23	71	35
23	75	2
23	76	743
23	80	22
23	81	94
23	83	2
23	84	71
23	85	94
23	86	38
23	87	61
23	88	30
23	89	63
23	90	102
23	91	2
23	92	201
23	93	102
23	95	68
23	97	109
23	99	503
23	100	2
23	102	112
23	103	17
23	104	76
23	105	79
23	106	7
23	108	2
23	109	109
23	110	1871
23	111	7
23	112	155
23	113	66
23	114	91
23	116	28
23	118	53
23	119	109
23	120	224
23	121	12
23	122	257
23	123	51
23	124	53
24	0	98
24	1	9
24	2	16
24	3	175
24	4	1875
24	6	453
24	7	268
24	8	2041
24	9	4096
24	10	23
24	11	201
24	12	91
24	13	2
24	14	28
24	15	7
24	16	140
24	17	336
24	18	2789
24	19	114
24	20	21
24	21	257
24	23	427
24	24	4590
24	25	201
24	27	2476
24	29	107
24	30	109
24	31	1283
24	33	161
24	34	418
24	35	4
24	36	666
24	37	58
24	38	23
24	39	240
24	40	212
24	42	11
24	43	16
24	46	14
24	47	7
24	48	4
24	50	49
24	51	4
24	52	9
24	53	2
24	54	949
24	56	25
24	57	37
24	58	77
24	59	70
24	60	2
24	61	869
24	62	219
24	63	240
24	64	91
24	65	130
24	68	671
24	70	49
24	71	86
24	72	4
24	73	53
24	75	425
24	76	1236
24	78	9
24	79	4
24	80	904
24	81	315
24	82	2
24	83	39
24	84	151
24	85	437
24	86	367
24	87	226
24	88	685
24	89	144
24	90	1108
24	91	4
24	92	659
24	93	144
24	95	2836
24	96	7
24	97	126
24	98	51
24	99	4894
24	100	2
24	101	18
24	102	301
24	103	507
24	104	734
24	105	708
24	106	14
24	108	21
24	109	198
24	110	3194
24	111	67
24	112	299
24	113	226
24	114	500
24	115	7
24	116	63
24	118	264
24	119	154
24	120	1367
24	121	93
24	122	1505
24	123	427
24	124	72
25	0	46
25	2	10
25	3	125
25	4	354
25	6	246
25	7	24
25	8	299
25	9	378
25	10	4
25	11	96
25	12	35
25	17	153
25	18	461
25	19	24
25	20	6
25	21	195
25	23	325
25	24	123
25	25	255
25	27	241
25	29	57
25	30	52
25	31	514
25	33	98
25	34	142
25	36	281
25	37	19
25	38	6
25	39	28
25	40	61
25	42	8
25	50	2
25	54	37
25	56	28
25	59	28
25	61	391
25	62	87
25	63	116
25	64	59
25	65	72
25	68	134
25	71	10
25	75	4
25	76	516
25	78	6
25	79	2
25	80	63
25	81	74
25	82	2
25	83	2
25	84	48
25	85	151
25	86	79
25	87	61
25	88	48
25	89	43
25	90	195
25	91	6
25	92	343
25	93	92
25	95	116
25	97	94
25	99	727
25	101	2
25	102	96
25	103	48
25	104	169
25	105	74
25	106	15
25	108	2
25	109	129
25	110	1559
25	111	10
25	112	131
25	113	96
25	114	116
25	115	4
25	116	13
25	118	92
25	119	107
25	120	294
25	121	13
25	122	580
25	123	50
25	124	65
26	7	3
26	9	3
26	31	3
26	88	3
26	92	3
26	95	3
26	105	3
26	112	3
26	120	6
26	122	6
27	0	33
27	1	4
27	2	7
27	3	69
27	4	472
27	6	127
27	7	16
27	8	525
27	9	1169
27	10	2
27	11	36
27	12	40
27	14	19
27	15	2
27	16	7
27	17	81
27	18	865
27	19	26
27	20	4
27	21	65
27	23	149
27	24	412
27	25	69
27	27	841
27	29	55
27	30	16
27	31	274
27	33	19
27	34	103
27	36	197
27	37	4
27	38	2
27	39	33
27	40	57
27	42	4
27	50	7
27	54	101
27	56	7
27	58	2
27	59	21
27	61	325
27	62	40
27	63	57
27	64	21
27	65	43
27	68	156
27	71	31
27	73	4
27	75	14
27	76	397
27	80	137
27	81	84
27	83	9
27	84	53
27	85	171
27	86	96
27	87	28
27	88	67
27	89	43
27	90	250
27	92	125
27	93	65
27	95	299
27	97	33
27	98	4
27	99	1495
27	100	2
27	101	7
27	102	55
27	103	125
27	104	173
27	105	108
27	106	2
27	108	4
27	109	62
27	110	1061
27	111	12
27	112	101
27	113	55
27	114	91
27	116	14
27	118	60
27	119	31
27	120	393
27	121	28
27	122	409
27	123	38
27	124	33
28	0	2
28	2	2
28	3	2
28	4	5
28	6	7
28	8	7
28	9	2
28	11	2
28	12	2
28	18	5
28	19	7
28	21	2
28	24	2
28	25	2
28	27	10
28	28	2
28	30	2
28	31	5
28	33	2
28	34	7
28	37	2
28	40	2
28	45	5
28	50	15
28	61	5
28	63	2
28	65	2
28	71	33
28	76	2
28	78	5
28	81	2
28	83	20
28	85	10
28	86	5
28	89	2
28	90	2
28	93	10
28	97	10
28	102	2
28	103	2
28	104	2
28	109	2
28	110	10
28	113	2
28	114	2
28	118	7
28	120	10
28	124	5
29	0	44
29	1	2
29	2	12
29	3	24
29	4	859
29	6	79
29	7	19
29	8	896
29	9	422
29	10	7
29	11	39
29	12	44
29	16	4
29	17	47
29	18	492
29	19	574
29	21	14
29	22	9
29	23	44
29	24	119
29	25	27
29	27	187
29	29	449
29	30	19
29	31	84
29	33	4
29	34	52
29	36	77
29	37	7
29	38	2
29	39	9
29	40	22
29	42	2
29	48	2
29	50	29
29	54	54
29	56	4
29	58	2
29	59	24
29	61	27
29	62	84
29	63	44
29	64	22
29	65	29
29	68	1538
29	70	2
29	71	107
29	73	7
29	75	2
29	76	134
29	78	9
29	80	187
29	81	37
29	82	12
29	83	9
29	84	7
29	85	152
29	86	202
29	87	24
29	88	47
29	89	19
29	90	2045
29	91	12
29	92	54
29	93	69
29	95	147
29	97	32
29	98	2
29	99	367
29	100	2
29	101	2
29	102	39
29	103	312
29	104	39
29	105	49
29	106	4
29	108	32
29	109	99
29	110	327
29	111	42
29	112	24
29	113	24
29	114	64
29	116	2
29	117	2
29	118	209
29	119	14
29	120	182
29	121	34
29	122	189
29	123	27
29	124	22
30	0	47
30	1	101
30	2	5
30	3	133
30	4	258
30	6	107
30	7	60
30	8	214
30	9	240
30	10	18
30	11	198
30	12	57
30	13	13
30	15	78
30	17	182
30	18	342
30	19	7
30	20	130
30	21	107
30	23	237
30	24	125
30	25	41
30	27	107
30	29	5
30	30	2352
30	31	347
30	33	846
30	34	2145
30	35	2
30	36	135
30	37	33
30	38	2
30	39	522
30	40	1453
30	42	277
30	44	13
30	47	2
30	50	15
30	51	2
30	53	15
30	54	23
30	55	2
30	56	491
30	57	2
30	58	2
30	59	28
30	60	5
30	61	376
30	62	41
30	63	109
30	64	70
30	65	94
30	68	44
30	69	10
30	70	10
30	71	54
30	73	5
30	75	2
30	76	512
30	78	13
30	80	41
30	81	78
30	83	44
30	84	1058
30	85	67
30	86	47
30	87	57
30	88	65
30	89	546
30	90	143
30	91	39
30	92	230
30	93	75
30	95	162
30	96	2
30	97	653
30	98	2
30	99	379
30	101	15
30	102	88
30	103	28
30	104	115
30	105	99
30	106	243
30	107	18
30	109	99
30	110	2135
30	111	10
30	112	167
30	113	70
30	114	125
30	116	292
30	118	49
30	119	86
30	120	261
30	121	5
30	122	169
30	123	117
30	124	65
30	125	10
31	0	64
31	1	8
31	2	10
31	3	157
31	4	400
31	6	253
31	7	79
31	8	406
31	9	612
31	10	4
31	11	152
31	12	51
31	14	17
31	15	8
31	16	2
31	17	225
31	18	655
31	19	25
31	20	2
31	21	357
31	23	333
31	24	234
31	25	111
31	27	309
31	29	23
31	30	58
31	31	1709
31	33	53
31	34	255
31	36	542
31	37	40
31	38	6
31	39	118
31	40	131
31	42	8
31	46	2
31	50	19
31	52	4
31	54	55
31	56	25
31	58	4
31	59	36
31	61	531
31	62	75
31	63	107
31	64	53
31	65	105
31	68	176
31	69	2
31	70	8
31	71	36
31	73	4
31	75	23
31	76	701
31	78	15
31	80	79
31	81	86
31	82	2
31	83	2
31	84	77
31	85	180
31	86	96
31	87	120
31	88	131
31	89	73
31	90	258
31	91	6
31	92	359
31	93	111
31	95	348
31	97	144
31	98	2
31	99	1210
31	100	2
31	101	2
31	102	90
31	103	79
31	104	415
31	105	150
31	106	17
31	108	4
31	109	124
31	110	1987
31	111	27
31	112	197
31	113	55
31	114	200
31	115	6
31	116	32
31	118	107
31	119	107
31	120	346
31	121	21
31	122	578
31	123	152
31	124	62
32	0	3
32	4	13
32	8	3
32	10	3
32	12	3
32	17	3
32	18	20
32	19	6
32	22	20
32	23	3
32	32	3
32	34	3
32	50	13
32	62	3
32	66	3
32	71	24
32	76	6
32	81	3
32	83	6
32	85	3
32	86	3
32	89	6
32	90	13
32	99	3
32	102	3
32	103	3
32	108	3
32	109	3
32	110	17
32	112	3
32	113	3
32	118	6
32	120	3
33	0	78
33	1	49
33	2	17
33	3	194
33	4	239
33	5	2
33	6	167
33	7	39
33	8	98
33	9	140
33	10	7
33	11	258
33	12	71
33	13	2
33	14	2
33	15	202
33	16	2
33	17	130
33	18	419
33	19	2
33	20	194
33	21	98
33	22	2
33	23	258
33	24	64
33	25	54
33	27	135
33	29	12
33	30	914
33	31	295
33	33	2852
33	34	3747
33	35	4
33	36	187
33	37	59
33	38	7
33	39	786
33	40	2717
33	42	167
33	43	2
33	44	2
33	45	2
33	47	7
33	50	9
33	53	29
33	54	4
33	55	2
33	56	330
33	58	2
33	59	39
33	60	12
33	61	404
33	62	73
33	63	108
33	64	78
33	65	71
33	68	69
33	69	7
33	70	2
33	71	51
33	74	2
33	76	567
33	78	4
33	79	2
33	80	22
33	81	69
33	83	64
33	84	609
33	85	108
33	86	59
33	87	83
33	88	113
33	89	1097
33	90	108
33	91	157
33	92	194
33	93	147
33	95	125
33	97	1050
33	98	4
33	99	466
33	101	4
33	102	56
33	103	22
33	104	83
33	105	91
33	106	128
33	107	19
33	109	103
33	110	2709
33	111	9
33	112	165
33	113	51
33	114	98
33	115	14
33	116	485
33	118	69
33	119	78
33	120	288
33	121	12
33	122	202
33	123	51
33	124	54
33	125	4
34	0	55
34	1	77
34	2	7
34	3	137
34	4	310
34	6	197
34	7	65
34	8	160
34	9	205
34	10	10
34	11	255
34	12	70
34	13	15
34	14	7
34	15	117
34	17	155
34	18	410
34	19	12
34	20	552
34	21	75
34	22	10
34	23	245
34	24	75
34	25	60
34	27	147
34	29	35
34	30	797
34	31	397
34	33	1527
34	34	17118
34	35	2
34	36	160
34	37	80
34	38	15
34	39	1147
34	40	4740
34	42	120
34	44	5
34	45	2
34	47	10
34	50	30
34	52	2
34	53	87
34	54	2
34	55	27
34	56	485
34	59	17
34	60	47
34	61	435
34	62	35
34	63	107
34	64	67
34	65	147
34	66	2
34	68	112
34	69	32
34	70	7
34	71	90
34	74	2
34	76	680
34	78	12
34	79	2
34	80	40
34	81	107
34	83	190
34	84	1092
34	85	185
34	86	102
34	87	125
34	88	95
34	89	3750
34	90	135
34	91	135
34	92	312
34	93	87
34	95	175
34	97	3780
34	99	540
34	101	5
34	102	100
34	103	47
34	104	50
34	105	127
34	106	217
34	107	27
34	108	7
34	109	112
34	110	2588
34	111	22
34	112	207
34	113	85
34	114	142
34	115	7
34	116	2448
34	118	77
34	119	75
34	120	315
34	121	7
34	122	207
34	123	107
34	124	87
34	125	10
35	0	13
35	3	5
35	4	10
35	6	2
35	8	2
35	9	10
35	11	8
35	12	21
35	17	2
35	18	16
35	20	5
35	21	10
35	23	18
35	27	5
35	29	2
35	30	5
35	34	18
35	35	8
35	37	18
35	39	5
35	50	26
35	54	5
35	56	2
35	59	2
35	61	2
35	62	2
35	64	5
35	65	2
35	68	2
35	71	29
35	76	24
35	78	10
35	80	8
35	83	21
35	85	10
35	86	5
35	87	10
35	88	2
35	89	5
35	90	10
35	92	10
35	93	26
35	95	5
35	97	2
35	99	16
35	102	2
35	103	2
35	105	5
35	109	21
35	110	58
35	113	10
35	114	8
35	116	2
35	118	16
35	119	2
35	120	8
35	121	2
35	122	8
35	124	8
36	0	38
36	1	1
36	2	3
36	3	92
36	4	214
36	6	125
36	7	16
36	8	276
36	9	367
36	10	1
36	11	83
36	12	32
36	14	1
36	15	3
36	16	3
36	17	116
36	18	335
36	19	20
36	20	1
36	21	173
36	23	174
36	24	96
36	25	61
36	27	209
36	29	25
36	30	49
36	31	440
36	33	30
36	34	109
36	36	411
36	37	27
36	38	1
36	39	87
36	40	78
36	42	5
36	47	1
36	50	16
36	52	1
36	54	25
36	56	21
36	59	21
36	61	340
36	62	71
36	63	74
36	64	18
36	65	65
36	68	76
36	70	1
36	71	21
36	73	1
36	75	3
36	76	624
36	78	5
36	80	21
36	81	49
36	83	7
36	84	60
36	85	78
36	86	89
36	87	51
36	88	71
36	89	36
36	90	134
36	91	3
36	92	138
36	93	49
36	95	118
36	97	40
36	99	599
36	102	74
36	103	34
36	104	127
36	105	80
36	106	1
36	108	3
36	109	63
36	110	1449
36	111	10
36	112	129
36	113	29
36	114	109
36	115	1
36	116	9
36	118	45
36	119	100
36	120	273
36	121	10
36	122	293
36	123	71
36	124	18
37	0	243
37	1	2
37	2	19
37	3	251
37	4	338
37	6	117
37	7	39
37	8	260
37	9	316
37	10	2
37	11	249
37	12	786
37	15	4
37	16	2
37	17	313
37	18	422
37	19	53
37	20	13
37	21	72
37	22	26
37	23	329
37	24	59
37	25	57
37	27	187
37	28	4
37	29	26
37	30	81
37	31	229
37	32	2
37	33	106
37	34	338
37	35	30
37	36	174
37	37	917
37	38	4
37	39	99
37	40	161
37	42	11
37	45	8
37	50	229
37	53	2
37	54	17
37	56	19
37	57	2
37	58	2
37	59	106
37	61	444
37	62	176
37	63	92
37	64	112
37	65	137
37	66	2
37	68	101
37	70	2
37	71	296
37	73	2
37	75	6
37	76	479
37	78	103
37	80	75
37	81	114
37	82	4
37	83	110
37	84	35
37	85	183
37	86	110
37	87	41
37	88	50
37	89	119
37	90	289
37	91	11
37	92	198
37	93	804
37	95	92
37	97	187
37	98	2
37	99	437
37	100	6
37	101	2
37	102	132
37	103	59
37	104	59
37	105	61
37	106	6
37	109	446
37	110	2050
37	111	6
37	112	125
37	113	110
37	114	83
37	115	41
37	116	39
37	118	156
37	119	77
37	120	274
37	121	50
37	122	185
37	123	50
37	124	201
38	0	71
38	2	8
38	3	60
38	4	189
38	5	2
38	6	77
38	7	795
38	8	232
38	9	284
38	10	206
38	11	66
38	12	20
38	14	11
38	15	5
38	16	2
38	17	60
38	18	390
38	19	25
38	20	14
38	21	51
38	23	109
38	24	218
38	25	60
38	27	123
38	29	17
38	30	45
38	31	359
38	33	31
38	34	261
38	36	112
38	37	14
38	38	922
38	39	28
38	40	100
38	41	11
38	43	91
38	47	2
38	50	17
38	51	54
38	54	54
38	56	25
38	59	5
38	61	132
38	62	14
38	63	37
38	64	28
38	65	37
38	68	103
38	69	2
38	70	152
38	71	25
38	75	40
38	76	163
38	78	2
38	79	181
38	80	83
38	81	34
38	83	5
38	84	51
38	85	63
38	86	60
38	87	155
38	88	1223
38	89	54
38	90	132
38	92	158
38	93	48
38	95	482
38	97	63
38	98	57
38	99	445
38	101	140
38	102	28
38	103	63
38	104	63
38	105	764
38	106	17
38	107	5
38	108	5
38	109	66
38	110	491
38	111	11
38	112	106
38	113	83
38	114	382
38	116	25
38	118	40
38	119	34
38	120	166
38	121	5
38	122	169
38	123	373
38	124	11
39	0	44
39	1	52
39	3	74
39	4	159
39	6	107
39	7	49
39	8	87
39	9	102
39	10	4
39	11	172
39	12	44
39	13	7
39	14	2
39	15	99
39	17	82
39	18	232
39	19	12
39	20	401
39	21	47
39	23	169
39	24	44
39	25	27
39	27	97
39	29	9
39	30	716
39	31	247
39	33	1342
39	34	3157
39	36	79
39	37	39
39	38	2
39	39	1582
39	40	2802
39	42	99
39	43	4
39	44	22
39	47	4
39	50	32
39	53	22
39	54	2
39	55	9
39	56	307
39	59	9
39	60	2
39	61	259
39	62	37
39	63	67
39	64	47
39	65	54
39	68	29
39	69	7
39	70	4
39	71	37
39	75	2
39	76	349
39	78	14
39	79	4
39	80	19
39	81	99
39	83	57
39	84	763
39	85	67
39	86	34
39	87	67
39	88	77
39	89	1008
39	90	62
39	91	97
39	92	152
39	93	62
39	95	134
39	97	1025
39	99	329
39	101	2
39	102	47
39	103	17
39	104	39
39	105	42
39	106	272
39	107	12
39	108	2
39	109	54
39	110	1422
39	111	4
39	112	94
39	113	32
39	114	77
39	115	2
39	116	576
39	118	17
39	119	44
39	120	197
39	121	9
39	122	162
39	123	82
39	124	29
39	125	9
40	0	71
40	1	101
40	2	6
40	3	168
40	4	289
40	6	196
40	7	67
40	8	189
40	9	148
40	10	11
40	11	261
40	12	122
40	13	2
40	14	6
40	15	113
40	17	275
40	18	509
40	19	23
40	20	430
40	21	108
40	22	4
40	23	349
40	24	92
40	25	85
40	27	152
40	29	4
40	30	756
40	31	495
40	33	1981
40	34	5670
40	35	11
40	36	233
40	37	55
40	39	1361
40	40	7738
40	42	120
40	43	13
40	44	9
40	45	2
40	46	2
40	47	13
40	50	25
40	52	2
40	53	39
40	54	16
40	55	9
40	56	474
40	57	2
40	58	2
40	59	62
40	60	16
40	61	601
40	62	64
40	63	155
40	64	69
40	65	131
40	68	48
40	69	37
40	70	2
40	71	90
40	73	2
40	74	4
40	75	2
40	76	837
40	77	2
40	78	16
40	79	2
40	80	25
40	81	178
40	83	111
40	84	1032
40	85	124
40	86	67
40	87	129
40	88	113
40	89	2370
40	90	168
40	91	171
40	92	256
40	93	145
40	95	238
40	97	1671
40	99	675
40	101	11
40	102	111
40	103	16
40	104	115
40	105	152
40	106	236
40	107	18
40	108	2
40	109	92
40	110	3293
40	111	13
40	112	196
40	113	99
40	114	159
40	115	9
40	116	946
40	118	67
40	119	118
40	120	349
40	121	2
40	122	233
40	123	143
40	124	76
40	125	9
41	4	3
41	7	13
41	8	3
41	10	3
41	18	3
41	34	3
41	38	6
41	79	3
41	85	3
41	88	3
41	95	6
41	103	3
41	110	3
41	122	3
42	0	17
42	1	64
42	3	42
42	4	89
42	6	36
42	7	17
42	8	68
42	9	53
42	10	2
42	11	53
42	12	44
42	14	2
42	15	10
42	17	42
42	18	104
42	19	4
42	20	42
42	21	32
42	23	96
42	24	44
42	25	17
42	27	66
42	29	6
42	30	399
42	31	117
42	33	205
42	34	509
42	36	40
42	37	21
42	38	4
42	39	126
42	40	427
42	42	370
42	47	2
42	50	8
42	53	4
42	54	10
42	56	166
42	59	2
42	61	91
42	62	8
42	63	32
42	64	12
42	65	27
42	66	2
42	68	14
42	69	4
42	71	6
42	76	149
42	78	8
42	80	8
42	81	36
42	83	10
42	84	243
42	85	17
42	86	32
42	87	29
42	88	19
42	89	175
42	90	40
42	91	17
42	92	57
42	93	29
42	95	42
42	97	173
42	99	143
42	101	4
42	102	10
42	103	8
42	104	21
42	105	38
42	106	68
42	107	4
42	109	25
42	110	626
42	111	2
42	112	34
42	113	23
42	114	25
42	116	64
42	118	17
42	119	21
42	120	51
42	121	8
42	122	38
42	123	29
42	124	14
43	2	3
43	3	13
43	4	6
43	6	13
43	7	76
43	8	19
43	9	19
43	10	6
43	11	3
43	12	3
43	17	23
43	18	53
43	21	3
43	23	13
43	24	26
43	25	9
43	27	19
43	29	3
43	30	13
43	31	53
43	34	29
43	36	19
43	37	3
43	38	69
43	40	26
43	41	9
43	43	33
43	50	3
43	54	6
43	56	3
43	61	29
43	62	3
43	63	3
43	65	9
43	68	26
43	70	9
43	71	6
43	75	3
43	76	13
43	78	3
43	79	106
43	80	3
43	81	3
43	84	9
43	85	16
43	86	9
43	87	33
43	88	123
43	89	6
43	90	33
43	92	23
43	93	9
43	95	53
43	97	13
43	98	3
43	99	46
43	101	56
43	102	3
43	103	9
43	104	9
43	105	79
43	109	9
43	110	56
43	111	3
43	112	16
43	113	6
43	114	66
43	116	19
43	118	9
43	119	3
43	120	29
43	122	33
43	123	43
43	124	6
44	0	17
44	3	15
44	4	17
44	6	15
44	7	12
44	8	7
44	9	7
44	10	2
44	11	22
44	12	2
44	13	7
44	15	10
44	17	15
44	18	45
44	20	168
44	21	2
44	23	10
44	24	5
44	25	5
44	27	7
44	30	73
44	31	40
44	33	178
44	34	551
44	36	7
44	39	150
44	40	599
44	42	12
44	43	2
44	44	51
44	47	2
44	50	2
44	53	25
44	54	2
44	56	38
44	60	5
44	61	28
44	62	10
44	63	12
44	64	7
44	65	25
44	68	7
44	71	17
44	75	2
44	76	35
44	78	5
44	80	5
44	81	10
44	83	5
44	84	99
44	85	2
44	86	5
44	87	2
44	88	22
44	89	173
44	90	10
44	91	22
44	92	2
44	93	5
44	95	17
44	97	142
44	99	40
44	102	2
44	103	5
44	104	2
44	105	10
44	106	56
44	107	2
44	109	7
44	110	109
44	112	22
44	113	10
44	114	7
44	116	214
44	118	2
44	119	5
44	120	17
44	122	12
44	123	10
44	124	5
44	125	5
45	2	1
45	3	1
45	4	5
45	6	5
45	8	9
45	9	3
45	12	5
45	17	3
45	18	3
45	19	1
45	21	3
45	23	5
45	27	3
45	31	1
45	34	3
45	36	3
45	50	7
45	61	3
45	62	3
45	65	1
45	68	3
45	71	30
45	76	5
45	80	3
45	83	1
45	84	1
45	85	3
45	86	5
45	89	3
45	90	13
45	93	5
45	95	1
45	97	1
45	99	1
45	109	1
45	110	11
45	111	1
45	118	5
45	119	1
45	120	3
45	122	1
45	123	1
45	124	1
46	3	3
46	4	1
46	8	3
46	11	1
46	14	1
46	17	1
46	18	3
46	24	11
46	25	1
46	27	9
46	31	1
46	34	5
46	36	1
46	39	1
46	61	3
46	68	1
46	76	1
46	80	3
46	85	1
46	88	3
46	90	1
46	92	3
46	95	19
46	99	13
46	104	1
46	105	1
46	110	11
46	112	7
46	114	1
46	120	1
46	121	1
46	122	3
47	0	7
47	1	4
47	3	28
47	4	26
47	6	7
47	7	4
47	8	52
47	9	28
47	11	18
47	12	2
47	13	63
47	15	11
47	17	33
47	18	49
47	19	7
47	20	35
47	21	4
47	23	23
47	24	11
47	25	16
47	27	21
47	29	2
47	30	172
47	31	63
47	33	132
47	34	420
47	36	18
47	37	2
47	38	7
47	39	87
47	40	328
47	42	26
47	43	7
47	44	2
47	47	73
47	50	4
47	53	7
47	54	7
47	55	4
47	56	108
47	59	2
47	60	2
47	61	40
47	63	16
47	64	9
47	65	23
47	68	16
47	69	23
47	71	23
47	75	2
47	76	92
47	78	2
47	80	9
47	81	18
47	83	2
47	84	390
47	85	4
47	86	4
47	87	11
47	88	9
47	89	120
47	90	26
47	91	9
47	92	21
47	93	11
47	95	21
47	97	130
47	99	66
47	101	4
47	102	18
47	103	4
47	104	7
47	105	14
47	106	496
47	107	18
47	109	11
47	110	288
47	112	33
47	113	9
47	114	18
47	116	108
47	118	7
47	119	14
47	120	21
47	121	2
47	122	14
47	123	9
47	124	18
47	125	18
48	4	11
48	6	2
48	7	2
48	8	14
48	9	14
48	16	2
48	17	2
48	18	38
48	23	2
48	24	5
48	25	2
48	27	5
48	31	2
48	34	2
48	48	8
48	54	11
48	61	2
48	71	2
48	76	2
48	80	53
48	81	2
48	85	5
48	92	2
48	95	11
48	96	2
48	99	29
48	103	11
48	110	20
48	118	8
48	120	20
48	121	2
48	122	23
48	123	2
49	1	2
49	3	5
49	4	5
49	6	7
49	7	2
49	9	5
49	10	2
49	11	5
49	13	5
49	17	2
49	18	5
49	19	2
49	21	12
49	23	18
49	24	12
49	25	2
49	27	10
49	30	62
49	31	31
49	33	43
49	34	160
49	36	5
49	37	2
49	39	38
49	40	80
49	42	23
49	47	2
49	56	18
49	61	20
49	63	7
49	65	7
49	68	5
49	69	5
49	70	5
49	75	2
49	76	41
49	81	5
49	84	137
49	85	5
49	86	2
49	87	10
49	88	5
49	89	23
49	90	12
49	91	5
49	92	20
49	93	5
49	95	7
49	97	12
49	99	12
49	102	2
49	103	2
49	104	7
49	105	5
49	106	12
49	107	5
49	109	10
49	110	113
49	111	2
49	112	2
49	113	2
49	114	10
49	116	20
49	118	5
49	119	2
49	120	10
49	122	7
49	123	5
50	0	220
50	2	23
50	3	129
50	4	319
50	6	125
50	7	21
50	8	224
50	9	203
50	11	129
50	12	596
50	14	4
50	15	4
50	17	222
50	18	382
50	19	90
50	20	15
50	21	47
50	22	17
50	23	207
50	24	86
50	25	49
50	27	136
50	28	6
50	29	43
50	30	41
50	31	196
50	33	86
50	34	281
50	35	43
50	36	116
50	37	276
50	38	6
50	39	60
50	40	75
50	45	19
50	47	4
50	50	637
50	52	2
50	54	25
50	56	21
50	59	67
50	61	285
50	62	190
50	63	62
50	64	84
50	65	82
50	66	2
50	68	181
50	71	840
50	75	4
50	76	473
50	78	289
50	79	2
50	80	49
50	81	75
50	82	6
50	83	304
50	84	32
50	85	181
50	86	157
50	87	51
50	88	43
50	89	84
50	90	335
50	91	10
50	92	166
50	93	339
50	95	88
50	97	192
50	98	2
50	99	423
50	100	10
50	101	6
50	102	67
50	103	60
50	104	45
50	105	43
50	106	6
50	108	4
50	109	306
50	110	1227
50	111	19
50	112	73
50	113	99
50	114	88
50	115	15
50	116	23
50	118	270
50	119	49
50	120	261
50	121	84
50	122	162
50	123	32
50	124	110
51	0	6
51	3	23
51	4	30
51	5	3
51	6	26
51	7	185
51	8	63
51	9	77
51	10	319
51	11	26
51	12	10
51	17	20
51	18	171
51	19	10
51	20	10
51	21	10
51	23	33
51	24	70
51	25	20
51	27	37
51	29	6
51	30	13
51	31	97
51	33	13
51	34	53
51	36	47
51	37	3
51	38	171
51	39	3
51	40	23
51	43	13
51	50	6
51	51	90
51	54	6
51	56	10
51	59	3
51	60	3
51	61	37
51	63	13
51	64	13
51	65	6
51	68	30
51	70	47
51	71	10
51	72	3
51	73	3
51	75	13
51	76	50
51	78	3
51	79	33
51	80	26
51	81	10
51	83	3
51	84	16
51	85	23
51	86	10
51	87	43
51	88	417
51	89	26
51	90	47
51	92	40
51	93	10
51	95	191
51	97	37
51	98	10
51	99	127
51	101	47
51	102	10
51	103	30
51	104	10
51	105	232
51	106	10
51	108	3
51	109	6
51	110	97
51	111	6
51	112	47
51	114	97
51	116	20
51	118	6
51	119	10
51	120	40
51	121	3
51	122	67
51	123	117
51	124	10
52	0	2
52	4	11
52	6	11
52	7	2
52	8	8
52	9	19
52	11	4
52	14	15
52	15	2
52	17	2
52	18	11
52	23	4
52	24	2
52	25	2
52	27	4
52	29	2
52	31	19
52	33	2
52	34	6
52	36	11
52	39	2
52	40	2
52	56	2
52	61	19
52	63	4
52	68	6
52	76	13
52	80	2
52	81	2
52	85	4
52	86	6
52	87	2
52	88	6
52	90	2
52	92	2
52	93	6
52	95	19
52	97	2
52	99	30
52	102	8
52	103	2
52	104	8
52	105	6
52	109	4
52	110	33
52	112	4
52	114	2
52	119	4
52	120	2
52	122	8
52	123	4
53	0	10
53	1	10
53	3	16
53	4	56
53	6	20
53	7	3
53	8	33
53	9	23
53	11	6
53	12	3
53	13	10
53	15	20
53	17	6
53	18	43
53	19	3
53	20	123
53	21	3
53	23	6
53	24	13
53	25	3
53	27	3
53	29	3
53	30	63
53	31	30
53	33	190
53	34	1810
53	36	23
53	37	3
53	38	3
53	39	133
53	40	610
53	42	20
53	44	3
53	47	3
53	50	6
53	53	290
53	54	10
53	55	6
53	56	40
53	59	3
53	60	36
53	61	26
53	62	3
53	63	16
53	64	10
53	65	13
53	68	10
53	69	3
53	71	13
53	74	10
53	76	56
53	78	6
53	80	13
53	81	13
53	83	10
53	84	130
53	85	10
53	86	16
53	88	10
53	89	326
53	90	33
53	91	10
53	92	10
53	93	3
53	94	3
53	95	20
53	97	476
53	99	50
53	101	3
53	102	13
53	103	6
53	105	23
53	106	76
53	107	6
53	109	10
53	110	156
53	111	6
53	112	23
53	113	23
53	114	10
53	115	3
53	116	823
53	118	10
53	119	6
53	120	23
53	122	23
53	123	6
53	124	13
53	125	10
54	0	14
54	1	2
54	2	16
54	3	35
54	4	851
54	6	155
54	7	54
54	8	1206
54	9	3581
54	11	62
54	12	21
54	14	9
54	16	169
54	17	64
54	18	1280
54	19	97
54	20	4
54	21	116
54	23	88
54	24	1056
54	25	121
54	27	977
54	29	73
54	30	14
54	31	479
54	33	16
54	34	76
54	36	267
54	37	14
54	38	9
54	39	40
54	40	38
54	41	2
54	45	2
54	48	2
54	50	9
54	51	4
54	54	1182
54	56	2
54	57	14
54	58	83
54	59	11
54	61	240
54	62	52
54	63	107
54	64	26
54	65	16
54	68	443
54	71	23
54	72	2
54	73	85
54	75	81
54	76	293
54	80	1242
54	81	109
54	82	4
54	83	11
54	84	23
54	85	126
54	86	236
54	87	40
54	88	138
54	89	23
54	90	646
54	92	302
54	93	35
54	95	548
54	96	2
54	97	16
54	98	4
54	99	2129
54	101	7
54	102	85
54	103	317
54	104	248
54	105	128
54	108	26
54	109	35
54	110	813
54	111	81
54	112	121
54	113	73
54	114	59
54	116	7
54	118	83
54	119	59
54	120	593
54	121	21
54	122	572
54	123	107
54	124	16
55	0	2
55	2	2
55	3	2
55	4	7
55	6	7
55	7	2
55	8	9
55	9	4
55	11	7
55	15	4
55	17	4
55	18	17
55	20	17
55	21	7
55	23	4
55	24	2
55	25	2
55	27	14
55	29	2
55	30	34
55	31	19
55	33	52
55	34	520
55	36	4
55	37	2
55	39	47
55	40	131
55	42	9
55	45	2
55	50	14
55	55	19
55	56	27
55	59	2
55	61	27
55	62	7
55	63	2
55	64	9
55	65	12
55	70	2
55	71	17
55	76	39
55	80	2
55	81	2
55	82	2
55	83	32
55	84	22
55	85	4
55	86	9
55	88	7
55	89	121
55	90	7
55	91	2
55	92	12
55	93	7
55	95	12
55	97	228
55	99	19
55	102	9
55	103	2
55	105	2
55	106	9
55	109	4
55	110	64
55	111	2
55	112	4
55	113	7
55	116	57
55	118	9
55	119	4
55	120	19
55	122	9
55	125	2
56	0	30
56	1	97
56	2	2
56	3	77
56	4	194
56	6	101
56	7	44
56	8	165
56	9	163
56	10	4
56	11	134
56	12	59
56	13	4
56	14	2
56	15	57
56	17	121
56	18	326
56	19	6
56	20	55
56	21	86
56	23	181
56	24	66
56	25	61
56	27	99
56	29	13
56	30	1084
56	31	329
56	33	461
56	34	1124
56	36	150
56	37	48
56	38	2
56	39	514
56	40	1051
56	42	265
56	43	2
56	44	4
56	46	4
56	47	4
56	50	19
56	53	4
56	54	13
56	55	2
56	56	1548
56	58	2
56	59	19
56	61	406
56	62	11
56	63	39
56	64	41
56	65	64
56	68	37
56	69	15
56	70	6
56	71	19
56	75	13
56	76	554
56	78	4
56	80	13
56	81	79
56	83	15
56	84	870
56	85	66
56	86	28
56	87	83
56	88	66
56	89	373
56	90	64
56	91	44
56	92	159
56	93	97
56	95	114
56	97	377
56	98	2
56	99	404
56	100	2
56	101	6
56	102	68
56	103	30
56	104	103
56	105	92
56	106	176
56	107	22
56	109	37
56	110	2052
56	111	6
56	112	123
56	113	33
56	114	64
56	115	2
56	116	176
56	118	48
56	119	64
56	120	205
56	121	13
56	122	150
56	123	59
56	124	26
57	0	2
57	3	5
57	4	56
57	6	18
57	7	29
57	8	97
57	9	216
57	10	2
57	11	5
57	12	2
57	16	2
57	17	8
57	18	105
57	19	10
57	20	2
57	21	2
57	23	10
57	24	159
57	25	10
57	27	70
57	29	8
57	30	8
57	31	51
57	33	5
57	34	8
57	36	40
57	38	2
57	39	8
57	40	8
57	48	5
57	54	83
57	57	45
57	58	5
57	61	18
57	63	8
57	64	5
57	65	2
57	68	32
57	70	10
57	73	27
57	75	78
57	76	43
57	79	2
57	80	167
57	83	2
57	84	2
57	85	16
57	86	27
57	87	21
57	88	113
57	89	5
57	90	35
57	92	32
57	93	8
57	95	178
57	96	2
57	97	5
57	98	5
57	99	164
57	102	10
57	103	24
57	104	18
57	105	35
57	108	2
57	110	91
57	111	5
57	112	16
57	113	8
57	114	18
57	116	2
57	118	10
57	119	2
57	120	62
57	121	2
57	122	48
57	123	32
57	124	2
58	0	2
58	2	4
58	4	144
58	6	21
58	7	7
58	8	221
58	9	683
58	11	9
58	12	2
58	16	38
58	17	4
58	18	262
58	19	12
58	21	14
58	23	14
58	24	153
58	25	26
58	27	158
58	29	19
58	30	7
58	31	91
58	33	9
58	34	19
58	36	48
58	37	4
58	38	2
58	39	2
58	40	4
58	54	211
58	57	4
58	58	43
58	59	4
58	60	2
58	61	26
58	62	9
58	63	12
58	64	4
58	65	4
58	68	91
58	70	2
58	71	7
58	73	36
58	75	9
58	76	48
58	78	2
58	79	2
58	80	524
58	81	26
58	83	2
58	84	4
58	85	12
58	86	40
58	87	7
58	88	12
58	89	2
58	90	105
58	92	48
58	93	9
58	95	101
58	97	4
58	98	4
58	99	360
58	101	2
58	102	4
58	103	86
58	104	43
58	105	45
58	108	4
58	109	9
58	110	149
58	111	28
58	112	9
58	113	21
58	114	28
58	118	9
58	119	2
58	120	86
58	121	9
58	122	91
58	123	24
59	0	140
59	1	14
59	2	20
59	3	408
59	4	629
59	6	271
59	7	32
59	8	348
59	9	390
59	10	8
59	11	399
59	12	277
59	15	11
59	17	247
59	18	441
59	19	47
59	20	29
59	21	140
59	23	331
59	24	125
59	25	98
59	27	155
59	29	47
59	30	155
59	31	345
59	33	211
59	34	939
59	36	307
59	37	229
59	38	11
59	39	35
59	40	319
59	42	11
59	45	26
59	46	11
59	47	2
59	50	62
59	54	53
59	56	29
59	57	5
59	58	2
59	59	372
59	61	447
59	62	229
59	63	146
59	64	158
59	65	193
59	68	208
59	69	5
59	70	2
59	71	131
59	73	2
59	75	8
59	76	515
59	78	44
59	80	65
59	81	170
59	83	47
59	84	122
59	85	244
59	86	208
59	87	110
59	88	44
59	89	229
59	90	331
59	91	32
59	92	486
59	93	787
59	95	140
59	97	504
59	99	650
59	100	26
59	101	2
59	102	125
59	103	65
59	104	122
59	105	101
59	106	32
59	107	2
59	108	5
59	109	545
59	110	2204
59	111	23
59	112	80
59	113	181
59	114	155
59	115	20
59	116	149
59	118	295
59	119	104
59	120	316
59	121	2
59	122	360
59	123	44
59	124	387
60	0	3
60	3	9
60	4	15
60	6	9
60	7	9
60	8	9
60	9	12
60	11	3
60	12	6
60	14	3
60	15	15
60	17	12
60	18	12
60	19	3
60	20	55
60	21	6
60	23	9
60	24	3
60	27	9
60	30	37
60	31	27
60	33	86
60	34	993
60	35	6
60	36	6
60	37	6
60	39	46
60	40	409
60	42	9
60	44	3
60	53	55
60	54	3
60	55	3
60	56	27
60	60	77
60	61	18
60	62	3
60	64	6
60	65	15
60	68	15
60	71	21
60	76	21
60	79	3
60	80	3
60	81	3
60	83	18
60	84	71
60	85	9
60	86	3
60	87	6
60	88	9
60	89	204
60	90	6
60	91	6
60	92	21
60	93	9
60	95	31
60	97	201
60	98	3
60	99	21
60	102	12
60	103	3
60	104	3
60	106	12
60	110	136
60	112	21
60	113	3
60	114	12
60	116	515
60	117	3
60	118	3
60	120	21
60	121	3
60	122	15
60	123	3
61	0	66
61	1	3
61	2	3
61	3	310
61	4	473
61	6	229
61	7	37
61	8	385
61	9	344
61	10	3
61	11	207
61	12	96
61	15	11
61	17	359
61	18	414
61	19	40
61	20	25
61	21	181
61	22	3
61	23	447
61	24	129
61	25	77
61	27	151
61	29	62
61	30	148
61	31	273
61	33	148
61	34	425
61	36	299
61	37	40
61	38	22
61	39	44
61	40	203
61	42	22
61	45	3
61	47	3
61	50	14
61	54	37
61	56	55
61	58	3
61	59	77
61	61	1595
61	62	66
61	63	77
61	64	77
61	65	114
61	68	148
61	70	11
61	71	70
61	75	7
61	76	1047
61	78	22
61	80	74
61	81	107
61	83	7
61	84	81
61	85	162
61	86	88
61	87	77
61	88	33
61	89	114
61	90	181
61	91	11
61	92	259
61	93	192
61	95	151
61	97	181
61	99	540
61	102	103
61	103	62
61	104	77
61	105	74
61	106	7
61	108	11
61	109	133
61	110	3076
61	111	14
61	112	129
61	113	85
61	114	166
61	116	37
61	118	111
61	119	66
61	120	310
61	121	22
61	122	470
61	123	51
61	124	114
62	0	529
62	1	8
62	2	95
62	3	331
62	4	1212
62	6	501
62	7	36
62	8	802
62	9	696
62	10	2
62	11	290
62	12	234
62	15	10
62	17	433
62	18	1262
62	19	119
62	20	10
62	21	132
62	22	2
62	23	496
62	24	216
62	25	212
62	27	355
62	28	2
62	29	86
62	30	80
62	31	522
62	33	128
62	34	462
62	35	6
62	36	386
62	37	143
62	38	6
62	39	91
62	40	177
62	42	2
62	43	4
62	45	10
62	46	6
62	50	82
62	53	2
62	54	97
62	55	2
62	56	32
62	57	2
62	58	4
62	59	110
62	61	659
62	62	1071
62	63	277
62	64	221
62	65	206
62	68	499
62	69	2
62	70	4
62	71	290
62	75	8
62	76	1082
62	78	39
62	79	2
62	80	108
62	81	227
62	83	73
62	84	43
62	85	850
62	86	494
62	87	110
62	88	71
62	89	115
62	90	987
62	91	10
62	92	481
62	93	436
62	95	227
62	97	247
62	98	2
62	99	1239
62	100	13
62	101	2
62	102	475
62	103	154
62	104	171
62	105	138
62	106	17
62	108	2
62	109	594
62	110	2584
62	111	26
62	112	171
62	113	195
62	114	167
62	115	8
62	116	56
62	118	1061
62	119	145
62	120	824
62	121	121
62	122	601
62	123	80
62	124	158
63	0	40
63	2	5
63	3	134
63	4	545
63	6	300
63	7	29
63	8	327
63	9	233
63	10	2
63	11	83
63	12	72
63	17	166
63	18	545
63	19	37
63	20	2
63	21	64
63	23	142
63	24	80
63	25	59
63	27	147
63	29	18
63	30	24
63	31	212
63	33	32
63	34	134
63	36	163
63	37	48
63	38	8
63	39	34
63	40	64
63	42	5
63	46	2
63	50	18
63	54	26
63	56	5
63	58	2
63	59	32
63	61	290
63	62	88
63	63	368
63	64	64
63	65	59
63	68	220
63	70	5
63	71	40
63	73	2
63	75	2
63	76	298
63	78	5
63	80	48
63	81	177
63	83	13
63	84	18
63	85	177
63	86	110
63	87	32
63	88	37
63	89	34
63	90	206
63	91	8
63	92	212
63	93	77
63	95	107
63	97	80
63	99	526
63	102	80
63	103	51
63	104	64
63	105	69
63	106	8
63	108	5
63	109	115
63	110	711
63	111	5
63	112	75
63	113	128
63	114	72
63	116	18
63	118	85
63	119	56
63	120	540
63	121	13
63	122	204
63	123	45
63	124	42
64	0	75
64	1	4
64	2	13
64	3	250
64	4	434
64	6	156
64	7	16
64	8	234
64	9	138
64	11	177
64	12	98
64	15	2
64	17	271
64	18	483
64	19	41
64	21	110
64	22	6
64	23	324
64	24	64
64	25	71
64	27	92
64	29	20
64	30	69
64	31	338
64	33	119
64	34	331
64	35	6
64	36	246
64	37	50
64	38	2
64	39	80
64	40	121
64	42	6
64	46	2
64	47	4
64	50	20
64	54	29
64	56	13
64	59	32
64	61	552
64	62	167
64	63	121
64	64	441
64	65	112
64	68	112
64	71	64
64	73	2
64	75	2
64	76	639
64	78	2
64	79	2
64	80	25
64	81	80
64	83	23
64	84	66
64	85	223
64	86	105
64	87	36
64	88	29
64	89	75
64	90	225
64	91	9
64	92	135
64	93	126
64	95	80
64	97	179
64	99	400
64	100	2
64	101	2
64	102	195
64	103	23
64	104	147
64	105	57
64	106	13
64	107	2
64	109	151
64	110	1691
64	111	20
64	112	131
64	113	124
64	114	94
64	115	4
64	116	20
64	118	227
64	119	103
64	120	264
64	121	29
64	122	315
64	123	34
64	124	85
65	0	92
65	1	3
65	2	13
65	3	232
65	4	317
65	6	191
65	7	10
65	8	198
65	9	163
65	10	3
65	11	146
65	12	85
65	14	3
65	16	3
65	17	143
65	18	293
65	19	27
65	20	3
65	21	58
65	23	177
65	24	51
65	25	109
65	27	85
65	29	37
65	30	61
65	31	153
65	33	92
65	34	362
65	36	140
65	37	88
65	38	3
65	39	37
65	40	184
65	42	10
65	50	20
65	54	6
65	56	13
65	58	6
65	59	75
65	61	221
65	62	126
65	63	109
65	64	122
65	65	245
65	68	116
65	70	3
65	71	54
65	75	6
65	76	276
65	78	3
65	80	37
65	81	64
65	83	20
65	84	27
65	85	167
65	86	116
65	87	23
65	88	30
65	89	64
65	90	146
65	91	17
65	92	191
65	93	163
65	95	95
65	97	157
65	99	269
65	102	99
65	103	34
65	104	44
65	105	47
65	106	10
65	109	242
65	110	983
65	111	6
65	112	47
65	113	71
65	114	54
65	116	40
65	118	198
65	119	61
65	120	184
65	121	17
65	122	177
65	123	13
65	124	112
66	0	7
66	3	3
66	4	15
66	8	35
66	11	3
66	12	11
66	17	7
66	18	15
66	19	11
66	22	11
66	23	7
66	29	7
66	31	15
66	32	7
66	33	3
66	34	11
66	36	3
66	37	11
66	39	3
66	50	19
66	61	15
66	62	7
66	64	11
66	65	7
66	66	19
66	68	27
66	71	106
66	76	19
66	78	3
66	80	7
66	81	15
66	82	3
66	83	35
66	85	15
66	86	11
66	89	7
66	90	31
66	92	3
66	93	19
66	94	3
66	97	7
66	99	15
66	100	7
66	102	3
66	103	3
66	109	3
66	110	67
66	111	3
66	112	3
66	113	7
66	116	3
66	117	3
66	118	27
66	120	11
66	122	15
66	124	3
67	0	3
67	4	3
67	7	15
67	8	7
67	9	7
67	10	23
67	12	3
67	18	7
67	21	3
67	24	7
67	30	3
67	38	3
67	43	3
67	51	7
67	54	3
67	61	7
67	65	3
67	68	7
67	70	7
67	76	7
67	79	3
67	80	11
67	81	3
67	88	7
67	90	3
67	95	7
67	99	11
67	103	7
67	105	19
67	110	7
67	120	3
68	0	283
68	1	5
68	2	51
68	3	110
68	4	4651
68	6	594
68	7	102
68	8	7071
68	9	3584
68	10	32
68	11	216
68	12	237
68	14	5
68	15	8
68	16	24
68	17	305
68	18	3492
68	19	2331
68	20	8
68	21	102
68	22	8
68	23	302
68	24	723
68	25	229
68	27	1061
68	28	2
68	29	1418
68	30	43
68	31	715
68	33	51
68	34	259
68	35	5
68	36	567
68	37	48
68	38	16
68	39	94
68	40	70
68	42	5
68	43	2
68	45	2
68	46	10
68	50	108
68	52	2
68	53	2
68	54	359
68	55	2
68	56	21
68	57	5
68	58	16
68	59	97
68	61	488
68	62	407
68	63	318
68	64	116
68	65	159
68	68	8443
68	70	10
68	71	378
68	73	32
68	75	45
68	76	950
68	78	32
68	79	8
68	80	1450
68	81	280
68	82	129
68	83	48
68	84	51
68	85	729
68	86	1102
68	87	110
68	88	175
68	89	64
68	90	7649
68	91	8
68	92	510
68	93	305
68	95	675
68	96	18
68	97	129
68	98	2
68	99	3265
68	100	24
68	101	13
68	102	286
68	103	3055
68	104	275
68	105	313
68	106	8
68	107	2
68	108	534
68	109	337
68	110	2006
68	111	491
68	112	91
68	113	251
68	114	251
68	116	24
68	118	907
68	119	116
68	120	1763
68	121	162
68	122	1015
68	123	116
68	124	48
69	1	11
69	3	18
69	4	11
69	6	23
69	7	11
69	8	32
69	9	16
69	11	25
69	12	4
69	13	6
69	15	9
69	17	6
69	18	60
69	19	2
69	20	9
69	21	4
69	23	37
69	24	6
69	25	13
69	27	13
69	29	2
69	30	152
69	31	48
69	33	69
69	34	238
69	36	16
69	37	4
69	39	48
69	40	236
69	42	20
69	47	13
69	53	4
69	56	99
69	59	2
69	60	2
69	61	32
69	62	9
69	63	13
69	64	9
69	65	6
69	68	4
69	69	13
69	71	4
69	76	71
69	80	4
69	81	11
69	83	2
69	84	296
69	85	11
69	86	11
69	87	9
69	88	13
69	89	71
69	90	16
69	91	4
69	92	18
69	93	2
69	95	16
69	97	62
69	98	2
69	99	37
69	102	4
69	103	2
69	104	6
69	105	16
69	106	273
69	107	11
69	109	9
69	110	210
69	112	9
69	113	11
69	114	13
69	116	32
69	118	4
69	119	9
69	120	25
69	122	16
69	124	4
70	0	32
70	3	35
70	4	223
70	6	38
70	7	306
70	8	209
70	9	262
70	10	173
70	11	55
70	12	23
70	14	8
70	15	2
70	17	26
70	18	388
70	19	23
70	20	5
70	21	23
70	23	55
70	24	279
70	25	32
70	27	126
70	29	8
70	30	23
70	31	170
70	33	8
70	34	114
70	36	44
70	37	5
70	38	117
70	39	17
70	40	52
70	41	2
70	43	14
70	50	11
70	51	32
70	52	2
70	54	29
70	56	14
70	57	20
70	58	8
70	59	2
70	61	79
70	62	5
70	63	26
70	64	8
70	65	20
70	68	85
70	70	382
70	71	23
70	72	5
70	73	5
70	75	55
70	76	91
70	79	5
70	80	85
70	81	20
70	84	38
70	85	55
70	86	41
70	87	61
70	88	1407
70	89	38
70	90	129
70	91	5
70	92	126
70	93	70
70	95	612
70	97	44
70	98	44
70	99	415
70	100	2
70	101	32
70	102	23
70	103	55
70	104	55
70	105	459
70	106	8
70	108	5
70	109	73
70	110	264
70	111	20
70	112	82
70	113	32
70	114	173
70	115	2
70	116	14
70	118	41
70	119	26
70	120	188
70	122	150
70	123	338
70	124	8
71	0	269
71	1	2
71	2	19
71	3	146
71	4	521
71	5	2
71	6	197
71	7	19
71	8	376
71	9	295
71	11	133
71	12	361
71	13	2
71	15	4
71	16	2
71	17	227
71	18	519
71	19	212
71	20	10
71	21	65
71	22	87
71	23	271
71	24	76
71	25	56
71	27	155
71	28	13
71	29	59
71	30	21
71	31	295
71	33	43
71	34	321
71	35	17
71	36	120
71	37	177
71	38	4
71	39	72
71	40	133
71	42	15
71	43	4
71	45	59
71	47	2
71	50	378
71	54	21
71	56	15
71	59	45
71	61	339
71	62	227
71	63	78
71	64	98
71	65	118
71	66	2
71	68	341
71	71	3033
71	73	8
71	75	2
71	76	556
71	78	87
71	79	2
71	80	54
71	81	67
71	82	4
71	83	398
71	84	63
71	85	317
71	86	254
71	87	35
71	88	39
71	89	135
71	90	652
71	91	8
71	92	148
71	93	332
71	95	96
71	97	247
71	99	578
71	100	19
71	101	8
71	102	124
71	103	63
71	104	67
71	105	74
71	106	6
71	108	4
71	109	306
71	110	1373
71	111	30
71	112	107
71	113	131
71	114	102
71	115	8
71	116	50
71	118	356
71	119	32
71	120	350
71	121	113
71	122	236
71	123	35
71	124	116
71	125	2
72	3	2
72	4	2
72	6	2
72	7	5
72	8	10
72	9	18
72	17	2
72	18	10
72	23	10
72	24	23
72	25	2
72	27	10
72	31	2
72	34	2
72	36	2
72	54	7
72	57	2
72	61	2
72	65	2
72	68	2
72	70	2
72	72	2
72	75	23
72	76	7
72	80	5
72	84	2
72	85	2
72	88	31
72	90	5
72	92	7
72	95	50
72	98	5
72	99	26
72	103	2
72	105	18
72	110	21
72	114	2
72	118	7
72	120	7
72	122	5
73	0	17
73	2	2
73	3	14
73	4	325
73	6	52
73	7	24
73	8	583
73	9	1557
73	10	2
73	11	19
73	12	14
73	14	2
73	16	39
73	17	37
73	18	541
73	19	19
73	21	47
73	23	59
73	24	347
73	25	52
73	27	414
73	29	19
73	30	9
73	31	181
73	33	4
73	34	49
73	36	129
73	37	9
73	38	12
73	39	19
73	40	17
73	48	7
73	50	4
73	54	578
73	56	4
73	57	54
73	58	54
73	59	4
73	61	126
73	62	12
73	63	44
73	64	19
73	65	7
73	68	238
73	70	4
73	71	12
73	73	250
73	75	44
73	76	126
73	78	2
73	79	2
73	80	1294
73	81	29
73	82	2
73	84	7
73	85	49
73	86	106
73	87	34
73	88	96
73	89	12
73	90	308
73	92	119
73	93	27
73	95	275
73	96	17
73	97	14
73	98	2
73	99	976
73	100	4
73	102	47
73	103	201
73	104	101
73	105	101
73	108	9
73	109	29
73	110	360
73	111	62
73	112	52
73	113	52
73	114	24
73	115	2
73	116	2
73	118	37
73	119	14
73	120	285
73	121	29
73	122	235
73	123	52
73	124	7
74	1	8
74	4	8
74	13	122
74	18	8
74	20	16
74	23	8
74	25	16
74	27	8
74	30	16
74	31	16
74	33	40
74	34	172
74	37	8
74	39	57
74	40	196
74	47	73
74	53	8
74	56	16
74	61	16
74	63	8
74	64	8
74	65	16
74	68	8
74	74	81
74	76	24
74	83	8
74	84	122
74	88	16
74	89	24
74	90	16
74	92	32
74	95	8
74	97	16
74	99	65
74	103	8
74	106	180
74	107	8
74	110	40
74	112	8
74	114	8
74	116	114
74	125	98
75	0	5
75	1	5
75	3	41
75	4	327
75	6	123
75	7	141
75	8	335
75	9	539
75	10	18
75	11	34
75	12	15
75	13	2
75	14	5
75	16	5
75	17	47
75	18	558
75	19	34
75	20	10
75	21	39
75	23	104
75	24	749
75	25	55
75	27	293
75	29	18
75	30	23
75	31	209
75	33	23
75	34	86
75	36	112
75	37	10
75	38	7
75	39	15
75	40	26
75	41	5
75	42	2
75	43	5
75	47	2
75	50	7
75	52	2
75	53	2
75	54	133
75	56	5
75	57	57
75	58	15
75	59	13
75	61	99
75	62	18
75	63	47
75	64	18
75	65	31
75	67	2
75	68	110
75	70	34
75	71	26
75	72	5
75	73	44
75	75	516
75	76	188
75	78	2
75	79	2
75	80	241
75	81	39
75	83	2
75	84	57
75	85	31
75	86	60
75	87	62
75	88	534
75	89	28
75	90	146
75	91	2
75	92	151
75	93	52
75	95	1063
75	96	2
75	97	44
75	98	31
75	99	786
75	100	2
75	101	5
75	102	13
75	103	55
75	104	170
75	105	345
75	106	20
75	107	2
75	108	7
75	109	47
75	110	419
75	111	5
75	112	73
75	113	47
75	114	186
75	116	26
75	118	41
75	119	13
75	120	319
75	121	13
75	122	259
75	123	193
75	124	13
76	0	39
76	1	7
76	2	3
76	3	291
76	4	511
76	6	378
76	7	7
76	8	190
76	9	241
76	10	3
76	11	190
76	12	39
76	15	10
76	17	280
76	18	392
76	19	18
76	20	10
76	21	136
76	23	554
76	24	43
76	25	93
76	27	111
76	29	36
76	30	46
76	31	302
76	33	97
76	34	248
76	36	338
76	37	46
76	39	14
76	40	100
76	42	7
76	45	7
76	50	7
76	54	43
76	56	21
76	59	82
76	61	705
76	62	111
76	63	154
76	64	90
76	65	144
76	68	151
76	70	3
76	71	28
76	73	7
76	75	18
76	76	907
76	78	3
76	80	57
76	81	122
76	83	3
76	84	43
76	85	190
76	86	104
76	87	61
76	88	36
76	89	43
76	90	176
76	91	7
76	92	313
76	93	201
76	95	86
76	97	129
76	99	500
76	101	7
76	102	154
76	103	57
76	104	82
76	105	61
76	108	3
76	109	183
76	110	1487
76	111	25
76	112	82
76	113	118
76	114	100
76	115	3
76	116	28
76	118	136
76	119	298
76	120	331
76	121	7
76	122	342
76	123	32
76	124	108
77	0	8
77	3	8
77	4	52
77	8	35
77	9	8
77	11	17
77	12	26
77	17	8
77	18	35
77	19	35
77	22	43
77	23	17
77	24	17
77	29	8
77	31	8
77	33	8
77	34	35
77	37	26
77	40	26
77	50	17
77	59	17
77	61	26
77	62	26
77	63	8
77	64	8
77	65	8
77	66	131
77	68	8
77	71	211
77	76	35
77	77	26
77	78	17
77	80	17
77	83	79
77	85	35
77	86	52
77	89	26
77	90	26
77	93	26
77	95	8
77	97	17
77	99	43
77	100	8
77	102	8
77	104	8
77	105	8
77	109	35
77	110	43
77	111	8
77	112	17
77	113	26
77	118	8
77	119	26
77	120	52
77	121	8
77	122	52
77	124	8
78	0	68
78	2	4
78	3	46
78	4	70
78	6	39
78	7	8
78	8	50
78	9	64
78	11	33
78	12	198
78	15	11
78	17	33
78	18	123
78	19	17
78	20	4
78	21	28
78	22	8
78	23	77
78	24	15
78	25	17
78	27	44
78	28	6
78	29	4
78	30	11
78	31	52
78	33	15
78	34	70
78	35	17
78	36	26
78	37	123
78	38	2
78	39	13
78	40	35
78	43	2
78	45	2
78	50	189
78	51	2
78	54	8
78	56	8
78	59	28
78	61	88
78	62	50
78	63	28
78	64	24
78	65	13
78	66	2
78	68	33
78	71	192
78	76	114
78	78	105
78	80	26
78	81	35
78	82	4
78	83	72
78	84	13
78	85	55
78	86	41
78	87	13
78	88	15
78	89	26
78	90	92
78	91	2
78	92	41
78	93	112
78	95	33
78	97	48
78	99	134
78	100	2
78	101	2
78	102	35
78	103	11
78	104	19
78	105	17
78	106	2
78	109	86
78	110	448
78	111	4
78	112	22
78	113	55
78	114	22
78	115	2
78	116	11
78	118	61
78	119	17
78	120	66
78	121	15
78	122	48
78	123	11
78	124	28
79	0	10
79	3	30
79	4	61
79	5	3
79	6	41
79	7	161
79	8	51
79	9	61
79	10	92
79	11	17
79	12	3
79	17	27
79	18	89
79	19	3
79	21	13
79	23	41
79	24	82
79	25	13
79	27	41
79	29	13
79	30	10
79	31	75
79	33	17
79	34	51
79	36	37
79	37	3
79	38	199
79	39	6
79	40	37
79	41	20
79	43	99
79	51	3
79	53	3
79	54	10
79	56	10
79	59	3
79	61	54
79	62	3
79	63	3
79	64	3
79	65	27
79	68	27
79	70	41
79	71	13
79	73	3
79	75	10
79	76	44
79	78	6
79	79	243
79	80	44
79	81	10
79	82	3
79	84	17
79	85	6
79	86	10
79	87	72
79	88	291
79	89	41
79	90	65
79	92	44
79	93	24
79	95	147
79	97	24
79	98	10
79	99	89
79	101	65
79	102	10
79	103	20
79	104	17
79	105	185
79	106	17
79	107	3
79	108	3
79	109	20
79	110	126
79	111	6
79	112	24
79	113	24
79	114	109
79	116	20
79	118	13
79	120	30
79	121	10
79	122	24
79	123	92
79	124	6
80	0	45
80	2	3
80	3	91
80	4	1151
80	6	174
80	7	85
80	8	1786
80	9	4022
80	10	3
80	11	79
80	12	76
80	15	3
80	16	67
80	17	165
80	18	1537
80	19	180
80	20	3
80	21	82
80	23	217
80	24	594
80	25	101
80	27	971
80	29	147
80	30	64
80	31	450
80	33	49
80	34	211
80	36	257
80	37	33
80	38	18
80	39	70
80	40	58
80	42	6
80	46	6
80	48	30
80	50	6
80	54	756
80	56	9
80	57	36
80	58	171
80	59	42
80	61	431
80	62	94
80	63	107
80	64	39
80	65	45
80	68	882
80	69	3
80	70	18
80	71	67
80	73	119
80	75	52
80	76	621
80	78	12
80	79	3
80	80	9953
80	81	110
80	82	12
80	83	15
80	84	36
80	85	143
80	86	251
80	87	85
80	88	159
80	89	49
80	90	830
80	91	3
80	92	245
80	93	94
80	95	425
80	96	49
80	97	52
80	98	18
80	99	2263
80	100	6
80	101	6
80	102	122
80	103	1495
80	104	229
80	105	211
80	106	3
80	108	64
80	109	85
80	110	1675
80	111	539
80	112	76
80	113	91
80	114	140
80	116	15
80	118	116
80	119	55
80	120	735
80	121	21
80	122	536
80	123	82
80	124	18
80	125	3
81	0	27
81	1	2
81	2	7
81	3	95
81	4	290
81	6	160
81	7	7
81	8	112
81	9	170
81	11	52
81	12	45
81	15	7
81	17	158
81	18	218
81	19	22
81	20	5
81	21	85
81	23	158
81	24	60
81	25	52
81	27	75
81	29	12
81	30	45
81	31	158
81	33	55
81	34	87
81	36	117
81	37	17
81	39	10
81	40	60
81	42	2
81	46	2
81	50	7
81	54	25
81	55	2
81	56	7
81	58	2
81	59	30
81	61	303
81	62	62
81	63	105
81	64	62
81	65	55
81	68	57
81	71	15
81	75	2
81	76	358
81	78	5
81	80	42
81	81	366
81	83	2
81	84	15
81	85	95
81	86	62
81	87	35
81	88	15
81	89	25
81	90	110
81	92	150
81	93	70
81	95	55
81	97	60
81	98	2
81	99	248
81	100	2
81	102	50
81	103	52
81	104	60
81	105	47
81	109	82
81	110	682
81	111	2
81	112	65
81	113	42
81	114	32
81	115	5
81	116	22
81	118	77
81	119	80
81	120	205
81	122	155
81	123	32
81	124	20
82	4	21
82	6	8
82	8	74
82	9	5
82	10	2
82	18	24
82	19	21
82	23	5
82	24	5
82	27	2
82	29	8
82	30	5
82	31	5
82	43	2
82	54	5
82	61	2
82	68	114
82	71	5
82	76	5
82	80	16
82	82	8
82	85	5
82	86	5
82	88	2
82	90	72
82	93	2
82	95	10
82	98	2
82	99	16
82	103	82
82	104	5
82	108	48
82	110	18
82	111	34
82	113	2
82	114	2
82	118	10
82	120	10
82	121	5
83	0	183
83	1	8
83	2	11
83	3	80
83	4	309
83	6	145
83	7	2
83	8	117
83	9	77
83	11	108
83	12	240
83	13	2
83	15	14
83	17	197
83	18	386
83	19	68
83	20	48
83	21	51
83	22	480
83	23	251
83	24	42
83	25	54
83	27	40
83	28	11
83	29	28
83	30	60
83	31	226
83	33	114
83	34	1199
83	35	82
83	36	128
83	37	231
83	39	131
83	40	406
83	42	11
83	43	17
83	45	8
83	47	2
83	50	346
83	55	2
83	56	45
83	58	2
83	59	62
83	60	2
83	61	389
83	62	140
83	63	74
83	64	74
83	65	82
83	66	2
83	68	94
83	71	1476
83	76	512
83	78	137
83	80	28
83	81	100
83	83	7626
83	84	111
83	85	206
83	86	194
83	87	60
83	88	5
83	89	331
83	90	420
83	91	5
83	92	263
83	93	251
83	94	22
83	95	48
83	97	924
83	99	171
83	100	28
83	102	105
83	103	28
83	104	51
83	105	20
83	106	22
83	107	5
83	108	2
83	109	251
83	110	1253
83	111	2
83	112	68
83	113	140
83	114	20
83	115	11
83	116	140
83	118	188
83	119	51
83	120	437
83	121	82
83	122	77
83	123	34
83	124	91
83	125	2
84	0	55
84	1	98
84	2	2
84	3	105
84	4	216
84	6	98
84	7	78
84	8	113
84	9	140
84	10	5
84	11	153
84	12	57
84	13	27
84	15	37
84	16	2
84	17	98
84	18	259
84	19	2
84	20	85
84	21	55
84	23	216
84	24	90
84	25	65
84	27	90
84	29	20
84	30	908
84	31	251
84	33	581
84	34	1565
84	35	5
84	36	115
84	37	17
84	38	2
84	39	427
84	40	1273
84	42	135
84	43	2
84	44	5
84	45	2
84	47	32
84	50	37
84	54	22
84	56	483
84	57	2
84	58	5
84	59	20
84	60	10
84	61	281
84	62	27
84	63	52
84	64	17
84	65	78
84	68	32
84	69	57
84	71	35
84	73	2
84	75	7
84	76	513
84	78	2
84	79	5
84	80	15
84	81	90
84	83	20
84	84	1834
84	85	47
84	86	30
84	87	60
84	88	65
84	89	528
84	90	60
84	91	17
84	92	166
84	93	50
84	95	93
84	97	435
84	98	2
84	99	314
84	101	7
84	102	42
84	103	25
84	104	50
84	105	108
84	106	654
84	107	35
84	108	2
84	109	35
84	110	1510
84	111	17
84	112	113
84	113	35
84	114	88
84	115	2
84	116	183
84	118	72
84	119	40
84	120	156
84	121	5
84	122	148
84	123	57
84	124	37
84	125	2
85	0	372
85	2	59
85	3	401
85	4	2418
85	6	674
85	7	61
85	8	1628
85	9	1276
85	10	6
85	11	370
85	12	252
85	14	4
85	15	9
85	17	529
85	18	2096
85	19	240
85	20	9
85	21	211
85	22	11
85	23	767
85	24	320
85	25	249
85	27	617
85	28	4
85	29	186
85	30	56
85	31	844
85	33	152
85	34	492
85	35	6
85	36	542
85	37	127
85	38	6
85	39	99
85	40	208
85	42	4
85	43	4
85	45	13
85	46	2
85	47	2
85	50	102
85	52	2
85	54	138
85	56	43
85	57	4
85	58	9
85	59	136
85	60	4
85	61	976
85	62	676
85	63	506
85	64	213
85	65	245
85	66	2
85	68	981
85	70	9
85	71	295
85	73	4
85	75	9
85	76	1410
85	78	24
85	80	199
85	81	292
85	82	4
85	83	65
85	84	93
85	85	2286
85	86	974
85	87	149
85	88	90
85	89	149
85	90	1662
85	91	11
85	92	588
85	93	436
85	95	386
85	97	258
85	98	2
85	99	1928
85	100	4
85	101	6
85	102	590
85	103	279
85	104	229
85	105	202
85	106	34
85	108	27
85	109	529
85	110	3115
85	111	61
85	112	172
85	113	383
85	114	247
85	115	13
85	116	56
85	118	1153
85	119	204
85	120	1482
85	121	283
85	122	806
85	123	109
85	124	174
85	125	2
86	0	136
86	1	4
86	2	60
86	3	249
86	4	2547
86	6	407
86	7	43
86	8	1543
86	9	1020
86	10	6
86	11	196
86	12	143
86	13	2
86	14	2
86	15	11
86	16	2
86	17	229
86	18	1691
86	19	164
86	20	4
86	21	74
86	22	2
86	23	409
86	24	240
86	25	143
86	27	502
86	28	2
86	29	242
86	30	48
86	31	520
86	33	62
86	34	236
86	35	11
86	36	231
86	37	46
86	38	6
86	39	43
86	40	94
86	42	6
86	43	6
86	46	4
86	47	2
86	50	32
86	53	2
86	54	69
86	56	20
86	57	2
86	58	4
86	59	62
86	61	361
86	62	333
86	63	224
86	64	94
86	65	127
86	68	1069
86	69	4
86	70	4
86	71	180
86	73	2
86	75	13
86	76	705
86	78	41
86	79	2
86	80	173
86	81	150
86	82	9
86	83	55
86	84	39
86	85	863
86	86	1187
86	87	101
86	88	69
86	89	41
86	90	1737
86	91	13
86	92	356
86	93	219
86	94	2
86	95	238
86	96	6
86	97	136
86	99	1441
86	101	4
86	102	236
86	103	173
86	104	78
86	105	145
86	106	11
86	108	32
86	109	293
86	110	1774
86	111	48
86	112	115
86	113	180
86	114	127
86	116	30
86	118	557
86	119	92
86	120	897
86	121	205
86	122	509
86	123	67
86	124	85
87	0	99
87	1	11
87	2	17
87	3	320
87	4	506
87	6	258
87	7	316
87	8	477
87	9	656
87	10	11
87	11	278
87	12	119
87	14	4
87	15	4
87	16	4
87	17	280
87	18	683
87	19	30
87	20	4
87	21	484
87	23	568
87	24	316
87	25	139
87	27	386
87	29	50
87	30	194
87	31	1076
87	33	221
87	34	552
87	35	8
87	36	630
87	37	55
87	38	11
87	39	287
87	40	353
87	42	28
87	43	2
87	44	2
87	47	2
87	50	24
87	54	75
87	56	108
87	58	6
87	59	68
87	61	849
87	62	145
87	63	143
87	64	84
87	65	132
87	68	205
87	69	2
87	70	17
87	71	66
87	73	8
87	75	44
87	76	1121
87	78	15
87	79	2
87	80	101
87	81	134
87	83	28
87	84	205
87	85	276
87	86	92
87	87	1037
87	88	395
87	89	168
87	90	342
87	91	8
87	92	526
87	93	214
87	95	555
87	97	252
87	98	8
87	99	1180
87	101	46
87	102	139
87	103	108
87	104	331
87	105	610
87	106	64
87	107	2
87	108	4
87	109	218
87	110	3433
87	111	30
87	112	592
87	113	123
87	114	1479
87	115	2
87	116	28
87	118	145
87	119	187
87	120	426
87	121	39
87	122	605
87	123	705
87	124	95
88	0	56
88	1	14
88	2	4
88	3	101
88	4	739
88	6	236
88	7	1206
88	8	654
88	9	983
88	10	87
88	11	194
88	12	66
88	13	2
88	14	7
88	15	14
88	16	14
88	17	184
88	18	1128
88	19	59
88	20	23
88	21	161
88	23	324
88	24	779
88	25	142
88	26	4
88	27	592
88	29	42
88	30	92
88	31	907
88	33	111
88	34	599
88	36	391
88	37	16
88	38	163
88	39	184
88	40	310
88	42	26
88	43	28
88	50	18
88	51	11
88	52	4
88	53	4
88	54	175
88	56	101
88	57	18
88	58	11
88	59	28
88	60	2
88	61	476
88	62	82
88	63	125
88	64	82
88	65	90
88	67	2
88	68	232
88	69	7
88	70	239
88	71	68
88	72	4
88	73	18
88	75	135
88	76	611
88	78	16
88	79	23
88	80	324
88	81	109
88	82	2
88	83	11
88	84	177
88	85	187
88	86	156
88	87	464
88	88	3087
88	89	172
88	90	428
88	91	14
88	92	391
88	93	106
88	95	2071
88	97	215
88	98	177
88	99	1647
88	100	2
88	101	109
88	102	85
88	103	142
88	104	246
88	105	2258
88	106	40
88	107	11
88	108	14
88	109	127
88	110	1767
88	111	21
88	112	319
88	113	94
88	114	959
88	116	75
88	118	109
88	119	73
88	120	502
88	121	21
88	122	582
88	123	860
88	124	54
89	0	54
89	1	61
89	3	65
89	4	165
89	6	168
89	7	43
89	8	154
89	9	125
89	11	136
89	12	56
89	13	4
89	14	2
89	15	88
89	17	72
89	18	247
89	19	13
89	20	290
89	21	47
89	22	4
89	23	143
89	24	40
89	25	22
89	27	129
89	29	15
89	30	561
89	31	222
89	33	1018
89	34	7055
89	36	104
89	37	36
89	39	770
89	40	3555
89	42	111
89	43	2
89	44	15
89	47	4
89	50	54
89	53	38
89	54	9
89	55	18
89	56	338
89	59	13
89	60	9
89	61	263
89	62	50
89	63	77
89	64	27
89	65	77
89	68	45
89	69	11
89	70	4
89	71	45
89	75	2
89	76	368
89	78	11
89	79	2
89	80	25
89	81	72
89	83	122
89	84	609
89	85	90
89	86	52
89	87	56
89	88	54
89	89	2673
89	90	90
89	91	68
89	92	154
89	93	68
89	95	136
89	97	1850
89	99	343
89	100	4
89	101	11
89	102	43
89	103	34
89	104	40
89	105	45
89	106	222
89	107	20
89	108	2
89	109	40
89	110	1525
89	111	6
89	112	79
89	113	68
89	114	61
89	116	1052
89	118	61
89	119	50
89	120	177
89	121	6
89	122	115
89	123	68
89	124	50
89	125	2
90	0	232
90	1	12
90	2	75
90	3	165
90	4	3293
90	6	405
90	7	54
90	8	2982
90	9	1748
90	10	18
90	11	202
90	12	200
90	15	8
90	16	10
90	17	301
90	18	2440
90	19	930
90	21	96
90	22	12
90	23	338
90	24	445
90	25	119
90	27	798
90	29	742
90	30	62
90	31	503
90	33	75
90	34	209
90	35	10
90	36	328
90	37	62
90	38	6
90	39	58
90	40	87
90	42	8
90	43	4
90	45	8
90	46	16
90	47	2
90	48	6
90	50	129
90	52	2
90	54	163
90	55	2
90	56	8
90	57	6
90	58	18
90	59	71
90	61	539
90	62	361
90	63	198
90	64	94
90	65	133
90	68	3425
90	70	2
90	71	292
90	73	4
90	75	10
90	76	713
90	78	25
90	80	491
90	81	173
90	82	69
90	83	56
90	84	41
90	85	771
90	86	1056
90	87	69
90	88	75
90	89	73
90	90	7020
90	91	4
90	92	401
90	93	296
90	94	2
90	95	393
90	96	2
90	97	146
90	98	2
90	99	1990
90	100	25
90	101	4
90	102	253
90	103	650
90	104	198
90	105	142
90	106	8
90	108	115
90	109	409
90	110	1963
90	111	125
90	112	161
90	113	173
90	114	179
90	115	2
90	116	20
90	117	2
90	118	828
90	119	85
90	120	1072
90	121	209
90	122	694
90	123	89
90	124	73
91	0	22
91	1	30
91	3	45
91	4	40
91	6	35
91	7	15
91	8	33
91	9	25
91	11	50
91	12	20
91	15	22
91	17	22
91	18	91
91	19	5
91	20	56
91	21	20
91	23	66
91	24	10
91	25	10
91	27	35
91	29	2
91	30	185
91	31	91
91	33	555
91	34	880
91	36	50
91	37	5
91	39	183
91	40	524
91	42	25
91	44	2
91	47	2
91	50	10
91	53	5
91	54	5
91	56	66
91	59	10
91	61	73
91	62	12
91	63	25
91	64	5
91	65	33
91	68	2
91	71	7
91	75	2
91	76	106
91	78	2
91	80	7
91	81	10
91	83	22
91	84	142
91	85	30
91	86	22
91	87	15
91	88	33
91	89	274
91	90	30
91	91	348
91	92	38
91	93	48
91	95	30
91	97	292
91	99	84
91	101	5
91	102	5
91	103	5
91	104	22
91	105	10
91	106	45
91	107	7
91	109	17
91	110	532
91	111	2
91	112	30
91	113	45
91	114	33
91	116	165
91	118	15
91	119	12
91	120	71
91	122	43
91	123	12
91	124	15
92	0	98
92	1	8
92	2	17
92	3	194
92	4	702
92	6	492
92	7	62
92	8	671
92	9	691
92	10	6
92	11	190
92	12	105
92	14	2
92	15	17
92	16	8
92	17	237
92	18	859
92	19	55
92	20	8
92	21	344
92	22	2
92	23	431
92	24	313
92	25	273
92	27	346
92	29	46
92	30	100
92	31	734
92	33	123
92	34	326
92	35	2
92	36	892
92	37	42
92	38	8
92	39	87
92	40	129
92	42	24
92	45	2
92	46	6
92	50	29
92	54	89
92	56	40
92	57	2
92	59	60
92	61	606
92	62	147
92	63	208
92	64	87
92	65	118
92	68	239
92	69	2
92	70	6
92	71	51
92	73	2
92	75	20
92	76	848
92	78	13
92	80	156
92	81	230
92	82	8
92	83	13
92	84	82
92	85	295
92	86	208
92	87	143
92	88	154
92	89	76
92	90	382
92	91	13
92	92	1434
92	93	185
92	95	270
92	96	2
92	97	214
92	98	8
92	99	1318
92	100	4
92	101	4
92	102	136
92	103	129
92	104	286
92	105	210
92	106	31
92	107	2
92	108	11
92	109	237
92	110	2193
92	111	31
92	112	230
92	113	134
92	114	273
92	116	11
92	118	199
92	119	212
92	120	521
92	121	26
92	122	738
92	123	109
92	124	69
93	0	530
93	1	6
93	2	46
93	3	773
93	4	1131
93	6	627
93	7	44
93	8	830
93	9	695
93	10	6
93	11	751
93	12	1042
93	14	2
93	15	41
93	17	748
93	18	1184
93	19	119
93	20	26
93	21	278
93	22	17
93	23	901
93	24	256
93	25	267
93	27	428
93	28	2
93	29	86
93	30	278
93	31	843
93	33	477
93	34	1528
93	35	37
93	36	607
93	37	1316
93	38	8
93	39	238
93	40	543
93	42	39
93	43	8
93	44	2
93	45	13
93	46	2
93	50	269
93	52	2
93	53	2
93	54	75
93	55	2
93	56	97
93	57	4
93	58	17
93	59	448
93	60	2
93	61	1349
93	62	569
93	63	240
93	64	302
93	65	399
93	68	426
93	69	2
93	70	6
93	71	596
93	75	4
93	76	1780
93	78	103
93	80	139
93	81	355
93	82	6
93	83	172
93	84	189
93	85	651
93	86	331
93	87	209
93	88	81
93	89	355
93	90	912
93	91	24
93	92	651
93	93	2626
93	94	4
93	95	287
93	97	923
93	98	2
93	99	1482
93	101	19
93	102	421
93	103	201
93	104	231
93	105	183
93	106	41
93	108	11
93	109	1325
93	110	5641
93	111	61
93	112	346
93	113	426
93	114	362
93	115	112
93	116	212
93	118	625
93	119	198
93	120	841
93	121	46
93	122	698
93	123	132
93	124	711
94	0	35
94	2	6
94	3	29
94	4	68
94	6	22
94	8	26
94	9	13
94	11	13
94	12	39
94	17	52
94	18	120
94	19	16
94	20	3
94	21	3
94	22	218
94	23	16
94	24	3
94	25	9
94	27	16
94	29	6
94	30	26
94	31	35
94	33	9
94	34	107
94	35	9
94	36	39
94	37	19
94	39	13
94	40	45
94	45	3
94	50	58
94	54	6
94	56	19
94	59	9
94	61	61
94	62	19
94	63	22
94	64	19
94	65	9
94	68	9
94	71	397
94	76	107
94	77	3
94	78	19
94	80	3
94	81	26
94	83	579
94	84	9
94	85	9
94	86	48
94	87	6
94	89	42
94	90	81
94	92	39
94	93	42
94	94	52
94	97	91
94	99	39
94	100	3
94	102	26
94	103	9
94	104	6
94	105	3
94	106	9
94	109	42
94	110	192
94	111	3
94	112	22
94	113	19
94	115	3
94	116	3
94	118	42
94	119	13
94	120	58
94	121	13
94	122	6
94	124	13
95	0	91
95	1	9
95	2	6
95	3	125
95	4	890
95	5	4
95	6	255
95	7	400
95	8	906
95	9	1496
95	10	20
95	11	159
95	12	68
95	13	6
95	14	56
95	15	9
95	16	20
95	17	175
95	18	1485
95	19	59
95	20	22
95	21	184
95	22	2
95	23	282
95	24	1348
95	25	170
95	27	815
95	29	50
95	30	75
95	31	1093
95	33	95
95	34	327
95	35	4
95	36	332
95	37	45
95	38	70
95	39	241
95	40	193
95	42	27
95	43	6
95	46	11
95	50	27
95	51	2
95	52	20
95	53	2
95	54	261
95	55	2
95	56	56
95	57	31
95	58	9
95	59	29
95	61	487
95	62	111
95	63	143
95	64	91
95	65	75
95	68	271
95	69	2
95	70	36
95	71	81
95	72	2
95	73	11
95	74	2
95	75	159
95	76	621
95	78	2
95	79	15
95	80	334
95	81	109
95	82	2
95	83	11
95	84	152
95	85	223
95	86	200
95	87	273
95	88	817
95	89	143
95	90	603
95	91	9
95	92	416
95	93	134
95	95	4421
95	96	2
95	97	136
95	98	100
95	99	2341
95	100	4
95	101	50
95	102	86
95	103	191
95	104	414
95	105	772
95	106	29
95	107	4
95	108	6
95	109	163
95	110	1694
95	111	38
95	112	296
95	113	134
95	114	510
95	115	2
95	116	29
95	118	150
95	119	86
95	120	551
95	121	40
95	122	799
95	123	644
95	124	45
96	0	6
96	4	59
96	6	16
96	7	9
96	8	89
96	9	257
96	10	3
96	11	9
96	12	3
96	16	9
96	17	13
96	18	89
96	19	13
96	21	6
96	23	6
96	24	62
96	25	9
96	27	56
96	29	13
96	30	3
96	31	42
96	33	6
96	34	3
96	36	19
96	38	3
96	39	6
96	40	6
96	43	3
96	45	3
96	48	13
96	54	82
96	58	9
96	59	6
96	61	29
96	62	6
96	63	9
96	64	3
96	65	3
96	68	36
96	70	3
96	71	9
96	73	23
96	75	3
96	76	42
96	80	550
96	81	3
96	85	13
96	86	9
96	87	6
96	88	23
96	90	49
96	92	29
96	93	3
96	95	13
96	96	23
96	97	9
96	98	3
96	99	191
96	101	3
96	102	6
96	103	49
96	104	23
96	105	23
96	109	6
96	110	128
96	111	19
96	112	9
96	113	3
96	114	16
96	118	3
96	120	72
96	122	32
96	123	23
97	0	39
97	1	16
97	2	2
97	3	44
97	4	81
97	6	53
97	7	32
97	8	27
97	9	32
97	10	4
97	11	76
97	12	37
97	13	2
97	15	37
97	17	67
97	18	174
97	19	4
97	20	97
97	21	11
97	23	88
97	24	39
97	25	11
97	27	53
97	29	2
97	30	235
97	31	139
97	33	391
97	34	3352
97	35	11
97	36	46
97	37	46
97	38	4
97	39	393
97	40	1225
97	42	37
97	43	2
97	45	6
97	47	6
97	50	39
97	53	6
97	54	4
97	55	16
97	56	102
97	59	4
97	60	13
97	61	179
97	62	16
97	63	37
97	64	34
97	65	46
97	68	13
97	69	18
97	70	4
97	71	116
97	76	300
97	78	23
97	80	9
97	81	32
97	83	253
97	84	291
97	85	72
97	86	58
97	87	16
97	88	16
97	89	955
97	90	20
97	91	46
97	92	76
97	93	72
97	95	67
97	97	1780
97	99	202
97	101	4
97	102	34
97	103	18
97	104	20
97	105	39
97	106	76
97	107	11
97	109	48
97	110	938
97	111	4
97	112	79
97	113	53
97	114	23
97	116	302
97	118	51
97	119	27
97	120	219
97	121	2
97	122	48
97	123	30
97	124	20
97	125	2
98	0	2
98	2	2
98	3	4
98	4	26
98	6	7
98	7	17
98	8	19
98	9	38
98	10	2
98	11	2
98	17	2
98	18	34
98	19	4
98	24	41
98	25	2
98	27	14
98	30	2
98	31	4
98	34	12
98	36	12
98	38	4
98	54	4
98	61	7
98	63	2
98	64	4
98	65	2
98	68	2
98	75	7
98	76	14
98	80	2
98	85	2
98	86	2
98	87	9
98	88	85
98	89	2
98	90	19
98	92	9
98	93	2
98	95	77
98	97	4
98	98	9
98	99	31
98	104	4
98	105	24
98	109	9
98	110	21
98	111	2
98	112	4
98	114	12
98	116	2
98	118	2
98	119	4
98	120	7
98	121	2
98	122	9
98	123	19
98	124	2
99	0	46
99	1	2
99	2	2
99	3	143
99	4	671
99	6	258
99	7	53
99	8	886
99	9	1100
99	10	2
99	11	163
99	12	41
99	14	6
99	15	9
99	16	4
99	17	233
99	18	1278
99	19	36
99	20	2
99	21	145
99	22	2
99	23	295
99	24	417
99	25	133
99	27	747
99	29	32
99	30	48
99	31	563
99	33	83
99	34	184
99	36	353
99	37	27
99	38	6
99	39	90
99	40	92
99	42	11
99	46	2
99	50	6
99	54	106
99	56	20
99	57	6
99	58	2
99	59	34
99	61	789
99	62	92
99	63	173
99	64	36
99	65	71
99	68	274
99	70	4
99	71	48
99	73	2
99	75	9
99	76	927
99	78	6
99	80	186
99	81	154
99	82	2
99	83	16
99	84	80
99	85	253
99	86	143
99	87	94
99	88	117
99	89	69
99	90	390
99	91	4
99	92	302
99	93	103
99	95	339
99	96	2
99	97	78
99	98	2
99	99	3415
99	101	6
99	102	177
99	103	175
99	104	422
99	105	113
99	106	11
99	108	6
99	109	96
99	110	2024
99	111	20
99	112	154
99	113	101
99	114	152
99	115	2
99	116	11
99	118	101
99	119	140
99	120	632
99	121	41
99	122	960
99	123	73
99	124	71
100	0	0
100	2	0
100	3	0
100	4	0
100	6	0
100	7	0
100	8	0
100	9	0
100	11	0
100	12	0
100	16	0
100	17	0
100	18	0
100	19	0
100	21	0
100	22	0
100	23	0
100	24	0
100	25	0
100	27	0
100	28	0
100	29	0
100	31	0
100	34	0
100	35	0
100	36	0
100	37	0
100	42	0
100	45	0
100	50	0
100	56	0
100	59	0
100	61	0
100	62	0
100	63	0
100	64	0
100	65	0
100	68	0
100	71	0
100	75	0
100	76	0
100	78	0
100	80	0
100	81	0
100	82	0
100	83	0
100	84	0
100	85	0
100	86	0
100	87	0
100	88	0
100	89	0
100	90	0
100	92	0
100	93	0
100	95	0
100	97	0
100	99	0
100	100	0
100	101	0
100	102	0
100	103	0
100	104	0
100	105	0
100	106	0
100	108	0
100	109	0
100	110	0
100	111	0
100	112	0
100	113	0
100	114	0
100	118	0
100	119	0
100	120	0
100	121	0
100	122	0
100	123	0
100	124	0
101	0	25
101	1	2
101	2	5
101	3	53
101	4	173
101	6	66
101	7	509
101	8	155
101	9	180
101	10	25
101	11	53
101	12	15
101	13	2
101	14	2
101	15	2
101	17	86
101	18	251
101	19	17
101	20	5
101	21	53
101	23	104
101	24	193
101	25	55
101	27	66
101	29	15
101	30	45
101	31	231
101	33	50
101	34	249
101	36	96
101	37	10
101	38	114
101	39	22
101	40	129
101	41	2
101	42	5
101	43	66
101	47	5
101	50	12
101	51	7
101	52	5
101	54	30
101	55	2
101	56	30
101	57	2
101	58	2
101	59	15
101	61	178
101	62	12
101	63	27
101	64	27
101	65	50
101	68	73
101	69	5
101	70	25
101	71	22
101	75	15
101	76	262
101	78	7
101	79	25
101	80	66
101	81	30
101	82	2
101	83	2
101	84	58
101	85	53
101	86	45
101	87	241
101	88	636
101	89	78
101	90	142
101	91	5
101	92	119
101	93	43
101	95	363
101	97	66
101	98	15
101	99	330
101	101	544
101	102	48
101	103	43
101	104	63
101	105	669
101	106	25
101	108	10
101	109	25
101	110	618
101	111	22
101	112	150
101	113	48
101	114	453
101	116	27
101	118	35
101	119	38
101	120	155
101	121	17
101	122	173
101	123	257
101	124	27
102	0	132
102	1	4
102	2	27
102	3	326
102	4	878
102	6	398
102	7	23
102	8	524
102	9	435
102	10	2
102	11	181
102	12	146
102	14	2
102	15	4
102	17	347
102	18	776
102	19	76
102	20	2
102	21	160
102	22	6
102	23	431
102	24	137
102	25	132
102	27	195
102	29	48
102	30	55
102	31	400
102	33	118
102	34	363
102	35	2
102	36	386
102	37	81
102	38	2
102	39	79
102	40	114
102	42	11
102	45	9
102	46	6
102	50	39
102	52	2
102	53	2
102	54	41
102	56	13
102	59	72
102	61	869
102	62	403
102	63	265
102	64	156
102	65	121
102	68	251
102	70	2
102	71	83
102	75	2
102	76	997
102	78	9
102	80	44
102	81	172
102	82	2
102	83	34
102	84	86
102	85	617
102	86	272
102	87	55
102	88	34
102	89	95
102	90	494
102	91	4
102	92	244
102	93	256
102	95	139
102	97	177
102	99	925
102	101	6
102	102	610
102	103	95
102	104	118
102	105	107
102	106	30
102	108	9
102	109	223
102	110	2244
102	111	34
102	112	111
102	113	223
102	114	153
102	115	11
102	116	34
102	118	300
102	119	123
102	120	631
102	121	79
102	122	459
102	123	55
102	124	130
103	0	167
103	1	12
103	2	18
103	3	82
103	4	2769
103	6	373
103	7	60
103	8	5387
103	9	3790
103	10	12
103	11	120
103	12	177
103	15	3
103	16	22
103	17	211
103	18	2788
103	19	796
103	21	56
103	22	6
103	23	205
103	24	648
103	25	129
103	27	1059
103	29	420
103	30	41
103	31	512
103	33	37
103	34	145
103	35	6
103	36	414
103	37	53
103	38	9
103	39	53
103	40	53
103	42	6
103	43	12
103	45	6
103	48	15
103	50	41
103	54	426
103	56	9
103	57	3
103	58	75
103	59	69
103	61	407
103	62	208
103	63	167
103	64	75
103	65	94
103	66	3
103	68	3104
103	70	12
103	71	275
103	73	18
103	75	28
103	76	648
103	78	18
103	79	3
103	80	3057
103	81	186
103	82	75
103	83	12
103	84	31
103	85	426
103	86	559
103	87	110
103	88	110
103	89	37
103	90	2712
103	92	350
103	93	139
103	95	385
103	96	12
103	97	63
103	99	2304
103	101	3
103	102	243
103	103	8529
103	104	227
103	105	202
103	106	3
103	108	442
103	109	158
103	110	1365
103	111	1552
103	112	94
103	113	196
103	114	167
103	116	28
103	118	439
103	119	85
103	120	1109
103	121	44
103	122	828
103	123	94
103	124	44
104	0	41
104	1	14
104	2	7
104	3	100
104	4	375
104	6	200
104	7	46
104	8	400
104	9	588
104	10	14
104	11	124
104	12	56
104	14	21
104	15	4
104	16	2
104	17	197
104	18	644
104	19	29
104	20	7
104	21	173
104	22	2
104	23	192
104	24	256
104	25	80
104	27	314
104	29	24
104	30	34
104	31	605
104	33	48
104	34	100
104	36	241
104	37	14
104	38	7
104	39	100
104	40	53
104	42	4
104	43	2
104	50	12
104	52	2
104	54	48
104	56	9
104	58	2
104	59	19
104	61	598
104	62	68
104	63	97
104	64	34
104	65	61
104	68	131
104	70	2
104	71	41
104	73	9
104	75	26
104	76	712
104	80	85
104	81	87
104	82	2
104	83	14
104	84	36
104	85	165
104	86	85
104	87	73
104	88	124
104	89	31
104	90	236
104	91	2
104	92	290
104	93	56
104	95	290
104	97	53
104	99	1327
104	101	4
104	102	114
104	103	78
104	104	1017
104	105	92
104	106	9
104	107	2
104	108	7
104	109	51
104	110	1784
104	111	9
104	112	175
104	113	41
104	114	136
104	116	14
104	118	58
104	119	95
104	120	314
104	121	31
104	122	722
104	123	102
104	124	41
105	0	35
105	2	4
105	3	73
105	4	454
105	5	2
105	6	178
105	7	717
105	8	359
105	9	593
105	10	33
105	11	105
105	12	46
105	14	4
105	15	8
105	17	145
105	18	593
105	19	37
105	20	25
105	21	103
105	23	233
105	24	321
105	25	98
105	27	330
105	29	31
105	30	71
105	31	555
105	33	92
105	34	429
105	35	2
105	36	271
105	37	21
105	38	52
105	39	134
105	40	218
105	41	2
105	42	21
105	43	18
105	45	4
105	50	18
105	51	6
105	54	71
105	55	2
105	56	42
105	57	8
105	58	6
105	59	23
105	61	448
105	62	46
105	63	82
105	64	46
105	65	54
105	66	2
105	68	153
105	70	33
105	71	56
105	73	10
105	74	4
105	75	42
105	76	439
105	78	2
105	79	12
105	80	115
105	81	86
105	83	6
105	84	147
105	85	107
105	86	107
105	87	435
105	88	856
105	89	128
105	90	267
105	91	2
105	92	220
105	93	103
105	95	946
105	96	2
105	97	164
105	98	23
105	99	929
105	101	105
105	102	39
105	103	107
105	104	105
105	105	1291
105	106	46
105	107	4
105	108	8
105	109	67
105	110	1384
105	111	16
105	112	237
105	113	73
105	114	849
105	116	44
105	118	84
105	119	73
105	120	281
105	121	42
105	122	378
105	123	568
105	124	33
106	0	21
106	1	54
106	2	2
106	3	76
106	4	143
106	6	102
106	7	52
106	8	125
106	9	143
106	10	4
106	11	134
106	12	26
106	13	76
106	14	4
106	15	43
106	17	102
106	18	212
106	19	8
106	20	104
106	21	34
106	23	125
106	24	67
106	25	80
106	27	91
106	29	4
106	30	690
106	31	280
106	33	423
106	34	1615
106	35	2
106	36	108
106	37	19
106	38	4
106	39	401
106	40	1346
106	42	112
106	43	8
106	44	2
106	45	2
106	47	60
106	50	19
106	53	2
106	54	2
106	55	2
106	56	353
106	59	17
106	60	8
106	61	299
106	62	28
106	63	52
106	64	54
106	65	95
106	68	36
106	69	93
106	70	4
106	71	21
106	73	2
106	74	4
106	75	2
106	76	362
106	78	6
106	79	4
106	80	13
106	81	84
106	83	23
106	84	1467
106	85	28
106	86	36
106	87	47
106	88	84
106	89	503
106	90	89
106	91	21
106	92	136
106	93	34
106	95	108
106	97	432
106	98	2
106	99	236
106	102	39
106	103	21
106	104	32
106	105	119
106	106	2186
106	107	26
106	108	2
106	109	34
106	110	1155
106	111	13
106	112	130
106	113	58
106	114	117
106	116	275
106	118	32
106	119	58
106	120	193
106	121	8
106	122	71
106	123	32
106	124	36
106	125	17
107	0	5
107	1	5
107	3	12
107	4	2
107	6	2
107	7	5
107	8	2
107	9	2
107	11	7
107	12	2
107	15	2
107	17	2
107	18	7
107	20	7
107	23	2
107	24	2
107	27	2
107	30	33
107	31	12
107	33	28
107	34	59
107	36	7
107	37	2
107	39	25
107	40	79
107	42	2
107	47	2
107	50	2
107	54	5
107	56	30
107	61	18
107	63	2
107	64	7
107	69	7
107	71	2
107	74	2
107	76	28
107	80	2
107	83	2
107	84	59
107	85	5
107	86	2
107	88	2
107	89	18
107	92	7
107	95	7
107	97	15
107	99	10
107	104	2
107	105	7
107	106	38
107	109	5
107	110	54
107	113	5
107	114	2
107	116	7
107	118	2
107	119	2
107	120	5
107	122	7
107	123	2
107	124	2
107	125	2
108	0	45
108	1	5
108	2	21
108	3	8
108	4	643
108	6	72
108	7	16
108	8	1033
108	9	543
108	10	5
108	11	16
108	12	18
108	15	2
108	16	2
108	17	48
108	18	578
108	19	511
108	21	13
108	23	43
108	24	110
108	25	32
108	27	177
108	29	199
108	30	5
108	31	99
108	33	5
108	34	34
108	36	83
108	37	13
108	38	2
108	39	5
108	40	2
108	42	2
108	43	2
108	45	2
108	50	26
108	54	51
108	58	8
108	59	5
108	61	75
108	62	48
108	63	56
108	64	8
108	65	18
108	68	1592
108	70	2
108	71	107
108	73	8
108	75	5
108	76	129
108	79	5
108	80	635
108	81	26
108	82	75
108	83	2
108	84	10
108	85	86
108	86	131
108	87	13
108	88	21
108	89	8
108	90	1154
108	91	2
108	92	94
108	93	37
108	95	104
108	96	13
108	97	16
108	98	2
108	99	392
108	100	10
108	102	21
108	103	1905
108	104	43
108	105	59
108	106	5
108	108	982
108	109	32
108	110	336
108	111	384
108	112	18
108	113	51
108	114	45
108	115	2
108	116	5
108	118	166
108	119	16
108	120	220
108	121	18
108	122	166
108	123	8
108	124	5
109	0	534
109	1	18
109	2	25
109	3	621
109	4	1123
109	6	530
109	7	60
109	8	705
109	9	590
109	10	7
109	11	551
109	12	1055
109	14	4
109	15	28
109	17	779
109	18	1050
109	19	149
109	20	18
109	21	221
109	22	11
109	23	749
109	24	221
109	25	207
109	27	357
109	29	70
109	30	165
109	31	744
109	33	254
109	34	1125
109	35	14
109	36	537
109	37	397
109	38	14
109	39	137
109	40	439
109	42	30
109	43	2
109	44	2
109	45	9
109	46	2
109	47	2
109	50	212
109	53	2
109	54	67
109	55	2
109	56	72
109	58	7
109	59	203
109	60	2
109	61	1165
109	62	492
109	63	284
109	64	343
109	65	324
109	68	429
109	69	2
109	70	11
109	71	401
109	73	9
109	75	7
109	76	1515
109	78	65
109	80	121
109	81	203
109	83	112
109	84	126
109	85	562
109	86	317
109	87	177
109	88	74
109	89	280
109	90	735
109	91	18
109	92	569
109	93	1158
109	95	291
109	97	691
109	98	7
109	99	1230
109	100	11
109	101	7
109	102	345
109	103	137
109	104	165
109	105	147
109	106	28
109	107	2
109	108	16
109	109	1517
109	110	4105
109	111	60
109	112	221
109	113	310
109	114	254
109	115	39
109	116	130
109	117	2
109	118	593
109	119	235
109	120	723
109	121	44
109	122	663
109	123	123
109	124	343
110	0	93
110	1	9
110	2	4
110	3	261
110	4	277
110	6	137
110	7	27
110	8	210
110	9	203
110	11	254
110	12	80
110	14	4
110	15	4
110	17	144
110	18	442
110	19	22
110	20	18
110	21	162
110	23	355
110	24	80
110	25	61
110	27	176
110	29	16
110	30	169
110	31	398
110	33	135
110	34	341
110	35	2
110	36	247
110	37	27
110	38	6
110	39	107
110	40	162
110	42	18
110	43	4
110	45	6
110	50	13
110	54	27
110	56	38
110	59	36
110	61	652
110	62	45
110	63	153
110	64	43
110	65	80
110	68	98
110	70	2
110	71	41
110	73	4
110	75	4
110	76	756
110	78	4
110	80	22
110	81	155
110	83	2
110	84	114
110	85	139
110	86	61
110	87	59
110	88	36
110	89	112
110	90	112
110	91	4
110	92	249
110	93	135
110	95	77
110	97	142
110	99	623
110	101	6
110	102	208
110	103	36
110	104	116
110	105	66
110	107	2
110	108	2
110	109	139
110	110	4708
110	111	20
110	112	217
110	113	71
110	114	121
110	115	2
110	116	45
110	118	100
110	119	84
110	120	345
110	121	6
110	122	309
110	123	45
110	124	87
110	125	2
111	0	19
111	2	2
111	3	13
111	4	384
111	6	49
111	7	16
111	8	917
111	9	698
111	11	10
111	12	24
111	17	10
111	18	447
111	19	177
111	21	13
111	23	27
111	24	79
111	25	21
111	27	177
111	29	57
111	30	2
111	31	125
111	34	19
111	36	68
111	37	16
111	38	5
111	40	8
111	50	2
111	54	90
111	58	10
111	59	13
111	60	2
111	61	40
111	62	27
111	63	19
111	64	13
111	65	27
111	68	554
111	71	24
111	73	2
111	75	2
111	76	62
111	78	2
111	80	671
111	81	27
111	82	13
111	84	8
111	85	103
111	86	92
111	87	13
111	88	16
111	89	10
111	90	354
111	91	2
111	92	38
111	93	13
111	95	68
111	97	8
111	99	371
111	100	2
111	102	21
111	103	1064
111	104	35
111	105	32
111	108	49
111	109	21
111	110	166
111	111	570
111	112	21
111	113	19
111	114	27
111	116	5
111	118	81
111	119	5
111	120	174
111	121	2
111	122	103
111	123	24
111	124	8
112	0	19
112	3	44
112	4	73
112	6	61
112	7	13
112	8	115
112	9	163
112	11	50
112	12	15
112	15	1
112	17	50
112	18	134
112	19	1
112	21	148
112	23	88
112	24	38
112	25	19
112	27	119
112	29	5
112	30	26
112	31	261
112	33	48
112	34	73
112	36	138
112	37	13
112	38	1
112	39	59
112	40	65
112	42	3
112	50	7
112	54	5
112	56	9
112	58	3
112	59	11
112	61	213
112	62	15
112	63	59
112	64	9
112	65	21
112	68	28
112	70	1
112	71	13
112	75	5
112	76	317
112	80	25
112	81	38
112	84	40
112	85	50
112	86	15
112	87	42
112	88	48
112	89	19
112	90	40
112	91	5
112	92	86
112	93	36
112	95	82
112	97	23
112	99	308
112	100	1
112	102	38
112	103	15
112	104	75
112	105	53
112	107	1
112	108	3
112	109	32
112	110	1024
112	112	252
112	113	15
112	114	71
112	116	5
112	118	32
112	119	82
112	120	96
112	121	5
112	122	152
112	123	48
112	124	17
113	0	29
113	3	152
113	4	254
113	6	161
113	7	26
113	8	149
113	9	173
113	11	74
113	12	41
113	15	2
113	16	2
113	17	92
113	18	227
113	19	17
113	20	2
113	21	62
113	23	110
113	24	53
113	25	47
113	27	68
113	29	14
113	30	29
113	31	86
113	33	38
113	34	116
113	36	98
113	37	47
113	38	2
113	39	17
113	40	110
113	42	5
113	50	2
113	54	29
113	56	2
113	58	2
113	59	41
113	61	209
113	62	80
113	63	89
113	64	74
113	65	80
113	68	89
113	71	26
113	72	2
113	75	8
113	76	185
113	80	14
113	81	80
113	83	8
113	84	23
113	85	206
113	86	80
113	87	11
113	88	29
113	89	47
113	90	122
113	92	137
113	93	74
113	95	65
113	97	68
113	99	302
113	101	2
113	102	155
113	103	44
113	104	50
113	105	47
113	106	14
113	108	2
113	109	53
113	110	664
113	111	8
113	112	11
113	113	158
113	114	59
113	118	107
113	119	17
113	120	194
113	121	29
113	122	155
113	123	14
113	124	23
114	0	36
114	1	2
114	2	6
114	3	181
114	4	451
114	6	220
114	7	467
114	8	419
114	9	485
114	10	6
114	11	163
114	12	70
114	13	2
114	14	6
114	15	29
114	16	2
114	17	208
114	18	585
114	19	24
114	20	20
114	21	204
114	23	392
114	24	306
114	25	118
114	27	292
114	29	22
114	30	115
114	31	746
114	33	186
114	34	433
114	35	2
114	36	326
114	37	47
114	38	43
114	39	186
114	40	285
114	42	15
114	43	9
114	47	2
114	50	18
114	54	86
114	55	2
114	56	86
114	57	6
114	58	2
114	59	40
114	61	676
114	62	70
114	63	88
114	64	61
114	65	81
114	68	133
114	70	24
114	71	40
114	73	4
114	75	20
114	76	755
114	79	20
114	80	99
114	81	81
114	83	13
114	84	213
114	85	215
114	86	81
114	87	662
114	88	524
114	89	177
114	90	254
114	91	11
114	92	310
114	93	142
114	95	594
114	97	215
114	98	18
114	99	867
114	100	2
114	101	56
114	102	108
114	103	86
114	104	217
114	105	898
114	106	24
114	107	2
114	108	4
114	109	115
114	110	2482
114	111	20
114	112	295
114	113	97
114	114	1613
114	115	2
114	116	36
114	118	118
114	119	104
114	120	313
114	121	45
114	122	458
114	123	758
114	124	72
115	0	2
115	4	4
115	6	2
115	7	2
115	8	2
115	9	4
115	11	4
115	12	2
115	17	7
115	18	2
115	20	2
115	24	2
115	27	2
115	31	7
115	33	4
115	34	4
115	37	7
115	38	2
115	40	2
115	50	2
115	59	7
115	61	4
115	62	2
115	64	2
115	68	2
115	71	2
115	76	4
115	85	2
115	87	2
115	88	2
115	90	2
115	93	12
115	99	4
115	104	2
115	109	7
115	110	21
115	112	2
115	113	2
115	114	2
115	115	2
115	118	2
115	122	4
116	0	24
116	1	22
116	2	2
116	3	36
116	4	61
116	6	27
116	7	14
116	8	46
116	9	41
116	10	4
116	11	61
116	12	19
116	13	17
116	15	19
116	17	73
116	18	105
116	19	7
116	20	268
116	21	19
116	22	2
116	23	49
116	24	19
116	25	12
116	27	46
116	29	7
116	30	201
116	31	115
116	33	374
116	34	3839
116	36	49
116	37	32
116	39	376
116	40	1531
116	42	19
116	43	2
116	44	17
116	46	2
116	47	4
116	50	14
116	53	56
116	54	12
116	55	9
116	56	120
116	59	14
116	60	36
116	61	110
116	62	17
116	63	29
116	64	14
116	65	36
116	68	24
116	69	7
116	71	36
116	73	2
116	76	221
116	79	2
116	80	17
116	81	29
116	83	66
116	84	300
116	85	34
116	86	22
116	87	22
116	88	27
116	89	815
116	90	51
116	91	14
116	92	71
116	93	27
116	95	49
116	97	780
116	99	167
116	100	4
116	101	9
116	102	32
116	103	14
116	104	27
116	105	36
116	106	103
116	109	12
116	110	615
116	111	2
116	112	71
116	113	17
116	114	41
116	116	1566
116	118	19
116	119	27
116	120	91
116	121	4
116	122	41
116	123	17
116	124	22
117	0	4
117	4	14
117	8	14
117	15	4
117	17	4
117	18	24
117	19	4
117	23	4
117	42	4
117	61	4
117	66	19
117	68	19
117	71	44
117	76	9
117	81	4
117	83	9
117	86	4
117	90	24
117	92	4
117	97	4
117	99	9
117	102	4
117	103	4
117	110	19
117	112	4
117	118	4
117	120	9
117	121	4
117	122	4
118	0	350
118	1	4
118	2	134
118	3	197
118	4	1276
118	6	343
118	7	13
118	8	893
118	9	587
118	11	195
118	12	195
118	15	8
118	17	258
118	18	1106
118	19	186
118	20	6
118	21	93
118	22	4
118	23	319
118	24	150
118	25	141
118	27	332
118	29	108
118	30	58
118	31	395
118	33	89
118	34	278
118	35	4
118	36	326
118	37	78
118	38	8
118	39	41
118	40	119
118	50	84
118	54	54
118	56	13
118	58	6
118	59	73
118	61	445
118	62	610
118	63	195
118	64	126
118	65	176
118	66	2
118	68	576
118	69	2
118	70	2
118	71	250
118	73	2
118	76	706
118	78	15
118	80	117
118	81	154
118	82	2
118	83	54
118	84	76
118	85	797
118	86	576
118	87	82
118	88	60
118	89	84
118	90	1071
118	91	4
118	92	295
118	93	243
118	95	169
118	97	215
118	99	1104
118	100	13
118	101	8
118	102	226
118	103	117
118	104	128
118	105	91
118	106	15
118	108	17
118	109	291
118	110	1524
118	111	32
118	112	84
118	113	143
118	114	136
118	115	15
118	116	39
118	118	1415
118	119	60
118	120	615
118	121	93
118	122	410
118	123	58
118	124	84
119	0	46
119	2	3
119	3	142
119	4	205
119	6	271
119	7	6
119	8	135
119	9	82
119	10	3
119	11	89
119	12	72
119	15	3
119	17	86
119	18	225
119	19	16
119	20	13
119	21	152
119	23	331
119	24	46
119	25	56
119	27	89
119	29	13
119	30	9
119	31	225
119	33	59
119	34	221
119	36	235
119	37	43
119	39	26
119	40	72
119	42	6
119	50	6
119	54	19
119	56	13
119	59	26
119	61	397
119	62	59
119	63	135
119	64	46
119	65	33
119	68	86
119	70	3
119	71	23
119	73	3
119	76	440
119	78	9
119	80	9
119	81	56
119	84	19
119	85	119
119	86	46
119	87	46
119	88	13
119	89	43
119	90	72
119	91	3
119	92	218
119	93	69
119	95	62
119	97	76
119	99	380
119	101	3
119	102	52
119	103	23
119	104	99
119	105	69
119	106	3
119	108	6
119	109	82
119	110	999
119	111	3
119	112	79
119	113	86
119	114	79
119	116	29
119	118	69
119	119	178
119	120	208
119	121	3
119	122	251
119	123	52
119	124	56
120	0	94
120	1	4
120	2	27
120	3	241
120	4	1645
120	6	612
120	7	75
120	8	1234
120	9	1058
120	10	6
120	11	238
120	12	156
120	14	11
120	15	13
120	16	4
120	17	254
120	18	1854
120	19	87
120	20	4
120	21	114
120	23	397
120	24	316
120	25	142
120	27	585
120	29	123
120	30	91
120	31	569
120	33	98
120	34	282
120	35	2
120	36	484
120	37	68
120	38	16
120	39	123
120	40	206
120	42	18
120	45	4
120	46	4
120	50	34
120	54	117
120	55	2
120	56	32
120	58	11
120	59	89
120	61	727
120	62	227
120	63	431
120	64	107
120	65	185
120	68	706
120	70	6
120	71	123
120	73	11
120	75	25
120	76	950
120	78	11
120	80	224
120	81	204
120	82	2
120	83	13
120	84	61
120	85	566
120	86	351
120	87	112
120	88	119
120	89	73
120	90	858
120	91	4
120	92	385
120	93	149
120	95	302
120	97	135
120	98	4
120	99	2120
120	100	6
120	101	9
120	102	215
120	103	199
120	104	222
120	105	174
120	106	16
120	107	2
120	108	18
120	109	296
120	110	2187
120	111	36
120	112	162
120	113	156
120	114	238
120	115	4
120	116	29
120	118	280
120	119	149
120	120	3392
120	121	91
120	122	782
120	123	91
120	124	82
121	0	35
121	1	2
121	2	2
121	3	18
121	4	257
121	6	53
121	7	2
121	8	157
121	9	147
121	10	4
121	11	47
121	12	12
121	17	33
121	18	248
121	19	22
121	21	16
121	23	49
121	24	58
121	25	14
121	27	51
121	29	20
121	30	14
121	31	105
121	33	10
121	34	24
121	36	47
121	39	10
121	40	41
121	43	2
121	50	4
121	54	20
121	59	14
121	61	49
121	62	49
121	63	33
121	64	16
121	65	16
121	68	72
121	71	26
121	75	4
121	76	91
121	78	2
121	79	2
121	80	14
121	81	26
121	83	8
121	84	4
121	85	143
121	86	138
121	87	22
121	88	10
121	89	8
121	90	232
121	91	2
121	92	43
121	93	43
121	94	2
121	95	35
121	97	18
121	99	203
121	100	2
121	102	39
121	103	12
121	104	33
121	105	12
121	106	4
121	108	4
121	109	43
121	110	221
121	111	4
121	112	16
121	113	22
121	114	22
121	116	6
121	118	68
121	119	6
121	120	170
121	121	182
121	122	80
121	123	2
121	124	14
122	0	96
122	2	2
122	3	158
122	4	760
122	6	432
122	7	38
122	8	794
122	9	1042
122	10	2
122	11	173
122	12	96
122	14	14
122	15	6
122	16	27
122	17	250
122	18	1273
122	19	81
122	20	6
122	21	211
122	23	389
122	24	396
122	25	196
122	27	618
122	29	51
122	30	64
122	31	854
122	33	130
122	34	196
122	35	6
122	36	466
122	37	38
122	38	8
122	39	74
122	40	94
122	42	17
122	43	2
122	45	2
122	46	4
122	47	2
122	50	21
122	54	119
122	56	36
122	57	2
122	58	10
122	59	34
122	61	680
122	62	145
122	63	169
122	64	68
122	65	107
122	68	336
122	69	4
122	70	8
122	71	83
122	73	12
122	75	23
122	76	954
122	78	14
122	80	156
122	81	152
122	82	2
122	83	17
122	84	66
122	85	271
122	86	203
122	87	130
122	88	139
122	89	57
122	90	498
122	91	4
122	92	443
122	93	164
122	95	406
122	97	113
122	99	2616
122	100	4
122	101	8
122	102	164
122	103	188
122	104	560
122	105	186
122	106	17
122	107	4
122	108	17
122	109	169
122	110	2185
122	111	27
122	112	160
122	113	89
122	114	248
122	115	2
122	116	10
122	118	169
122	119	156
122	120	873
122	121	38
122	122	1708
122	123	124
122	124	70
123	0	98
123	1	11
123	2	4
123	3	161
123	4	576
123	6	251
123	7	574
123	8	596
123	9	803
123	10	15
123	11	201
123	12	76
123	14	4
123	15	22
123	16	8
123	17	235
123	18	937
123	19	49
123	20	11
123	21	341
123	22	4
123	23	392
123	24	435
123	25	118
123	27	524
123	29	44
123	30	130
123	31	973
123	33	154
123	34	441
123	35	2
123	36	536
123	37	24
123	38	31
123	39	271
123	40	264
123	42	20
123	43	6
123	46	4
123	47	2
123	50	24
123	51	2
123	52	2
123	53	4
123	54	112
123	56	76
123	57	2
123	58	15
123	59	71
123	61	771
123	62	89
123	63	130
123	64	51
123	65	71
123	68	204
123	69	2
123	70	58
123	71	76
123	72	4
123	73	15
123	75	62
123	76	1036
123	78	13
123	79	8
123	80	168
123	81	121
123	83	13
123	84	172
123	85	249
123	86	145
123	87	578
123	88	809
123	89	145
123	90	341
123	91	13
123	92	457
123	93	145
123	95	1449
123	97	139
123	98	29
123	99	1447
123	100	4
123	101	58
123	102	123
123	103	118
123	104	329
123	105	1081
123	106	20
123	107	4
123	108	6
123	109	143
123	110	3051
123	111	17
123	112	356
123	113	103
123	114	1350
123	116	35
123	118	87
123	119	132
123	120	441
123	121	33
123	122	711
123	123	1557
123	124	87
124	0	33
124	3	168
124	4	202
124	6	57
124	7	13
124	8	141
124	9	175
124	10	3
124	11	165
124	12	128
124	15	3
124	17	64
124	18	165
124	19	13
124	20	3
124	21	20
124	22	6
124	23	128
124	24	70
124	25	37
124	27	74
124	28	3
124	29	16
124	30	57
124	31	87
124	33	74
124	34	266
124	35	3
124	36	125
124	37	121
124	38	3
124	39	10
124	40	125
124	50	13
124	54	10
124	56	13
124	58	3
124	59	155
124	61	135
124	62	87
124	63	40
124	64	60
124	65	104
124	68	60
124	70	3
124	71	60
124	73	3
124	75	6
124	76	189
124	78	16
124	80	37
124	81	33
124	82	3
124	83	20
124	84	54
124	85	70
124	86	33
124	87	50
124	88	23
124	89	84
124	90	128
124	91	6
124	92	185
124	93	253
124	95	54
124	97	168
124	98	3
124	99	209
124	100	6
124	102	64
124	103	23
124	104	37
124	105	43
124	106	3
124	107	3
124	109	155
124	110	790
124	111	6
124	112	54
124	113	70
124	114	47
124	116	74
124	118	67
124	119	16
124	120	108
124	121	10
124	122	87
124	123	37
124	124	297
125	0	2
125	1	2
125	3	8
125	4	17
125	6	5
125	8	14
125	9	8
125	11	11
125	12	8
125	13	108
125	15	11
125	17	2
125	18	20
125	20	44
125	24	14
125	27	14
125	29	2
125	30	23
125	31	26
125	33	61
125	34	299
125	36	2
125	37	2
125	39	52
125	40	170
125	42	8
125	44	8
125	47	17
125	50	5
125	53	14
125	56	29
125	61	20
125	62	2
125	64	5
125	65	5
125	69	5
125	71	17
125	74	8
125	76	23
125	80	8
125	83	2
125	84	158
125	86	8
125	87	5
125	89	58
125	90	5
125	91	2
125	92	2
125	93	2
125	95	11
125	97	64
125	99	29
125	102	2
125	104	2
125	105	17
125	106	97
125	107	2
125	109	2
125	110	94
125	112	5
125	113	5
125	114	8
125	116	144
125	118	5
125	119	2
125	120	23
125	122	5
125	123	11
125	124	11
125	125	44
