106	5320
0	0	5
0	2	10
0	3	133
0	5	15
0	7	20
0	13	20
0	14	138
0	15	5
0	20	5
0	21	5
0	27	10
0	29	15
0	30	5
0	32	5
0	34	30
0	38	5
0	41	5
0	44	108
0	50	5
0	51	10
0	52	5
0	53	10
0	58	46
0	62	5
0	63	15
0	64	10
0	67	5
0	68	5
0	69	20
0	71	20
0	75	10
0	78	108
0	82	36
0	84	20
0	90	5
0	92	10
0	93	5
0	96	30
0	97	5
0	98	5
0	102	51
0	103	5
0	104	46
1	0	12
1	1	12
1	2	6
1	3	36
1	5	12
1	7	6
1	13	18
1	14	109
1	27	6
1	29	6
1	30	6
1	33	6
1	36	6
1	44	42
1	51	6
1	55	6
1	58	30
1	59	6
1	63	6
1	64	6
1	67	12
1	75	6
1	79	6
1	80	6
1	82	12
1	84	6
1	92	6
1	97	6
1	98	12
1	102	30
1	104	6
2	2	328
2	3	65
2	7	31
2	9	961
2	10	3
2	11	204
2	12	130
2	13	908
2	21	120
2	27	455
2	29	124
2	30	3
2	32	151
2	34	12
2	35	65
2	36	102
2	37	15
2	38	12
2	44	37
2	46	55
2	50	18
2	51	136
2	53	6
2	55	282
2	56	80
2	57	9
2	58	24
2	59	3
2	62	192
2	64	145
2	68	248
2	69	220
2	71	105
2	73	31
2	74	127
2	75	58
2	78	9
2	80	145
2	81	3
2	82	148
2	83	27
2	84	12
2	87	37
2	91	37
2	92	74
2	93	105
2	95	55
2	96	598
2	97	130
2	98	356
2	102	58
2	103	300
2	104	6
2	105	204
3	0	3
3	2	75
3	3	6623
3	7	1078
3	9	266
3	10	388
3	11	128
3	12	180
3	13	608
3	14	16
3	15	3
3	19	3
3	21	138
3	25	9
3	27	434
3	28	9
3	29	92
3	30	46
3	32	82
3	33	3
3	34	743
3	35	243
3	36	144
3	37	16
3	38	52
3	40	6
3	44	3962
3	46	19
3	50	75
3	51	292
3	53	605
3	55	124
3	56	65
3	57	124
3	58	2256
3	59	32
3	61	3
3	62	236
3	64	128
3	66	105
3	67	6
3	68	144
3	69	197
3	71	144
3	73	26
3	74	207
3	75	417
3	77	36
3	78	69
3	80	131
3	81	16
3	82	2496
3	83	69
3	84	618
3	86	13
3	87	36
3	89	19
3	90	138
3	91	32
3	92	295
3	93	124
3	95	39
3	96	450
3	97	164
3	98	299
3	102	2690
3	103	98
3	104	736
3	105	128
4	2	9
4	4	47
4	9	47
4	13	188
4	21	9
4	27	66
4	28	160
4	29	18
4	32	18
4	34	9
4	35	9
4	36	9
4	38	28
4	39	9
4	44	28
4	45	85
4	47	18
4	48	9
4	50	9
4	55	28
4	58	9
4	62	9
4	64	9
4	68	9
4	69	18
4	70	18
4	71	9
4	72	37
4	74	18
4	80	37
4	82	9
4	85	28
4	92	18
4	96	28
4	97	37
4	98	18
4	100	18
4	102	9
4	103	28
4	105	94
5	0	11
5	1	5
5	3	35
5	5	11
5	7	17
5	9	11
5	14	148
5	18	23
5	27	11
5	44	59
5	54	5
5	55	5
5	58	23
5	62	5
5	63	29
5	64	11
5	67	5
5	69	11
5	71	5
5	74	5
5	75	5
5	78	23
5	79	11
5	80	5
5	82	23
5	84	5
5	92	5
5	96	5
5	97	5
5	98	17
5	102	17
5	103	5
5	104	17
6	2	10
6	3	28
6	6	41
6	7	5
6	9	68
6	10	7
6	11	28
6	12	31
6	13	49
6	21	60
6	22	2
6	27	52
6	29	7
6	30	7
6	32	10
6	34	5
6	35	91
6	36	13
6	38	5
6	42	10
6	44	102
6	45	2
6	46	5
6	50	5
6	51	34
6	53	13
6	56	15
6	58	18
6	62	39
6	64	20
6	68	15
6	69	7
6	74	23
6	75	15
6	80	7
6	81	2
6	82	23
6	83	20
6	84	7
6	89	2
6	92	107
6	93	13
6	96	41
6	97	15
6	98	47
6	102	34
6	103	5
6	104	10
6	105	18
7	0	3
7	2	134
7	3	3722
7	5	3
7	6	9
7	7	7059
7	9	730
7	10	306
7	11	260
7	12	375
7	13	1089
7	14	6
7	19	6
7	21	236
7	24	3
7	25	16
7	27	763
7	28	3
7	29	174
7	30	29
7	32	187
7	34	559
7	35	335
7	36	230
7	37	42
7	38	62
7	40	6
7	44	4966
7	46	42
7	50	220
7	51	414
7	53	1971
7	55	227
7	56	220
7	57	747
7	58	1727
7	59	46
7	61	6
7	62	368
7	63	3
7	64	253
7	66	72
7	67	3
7	68	292
7	69	338
7	71	424
7	72	3
7	73	82
7	74	306
7	75	826
7	77	125
7	78	49
7	80	227
7	81	95
7	82	5499
7	83	161
7	84	585
7	86	29
7	87	13
7	89	23
7	90	269
7	91	98
7	92	391
7	93	236
7	95	88
7	96	1184
7	97	335
7	98	549
7	102	1994
7	103	401
7	104	658
7	105	200
8	2	43
8	3	31
8	6	2
8	7	25
8	8	106
8	9	109
8	11	117
8	12	22
8	13	287
8	14	2
8	21	77
8	23	5
8	24	2
8	27	143
8	28	2
8	29	34
8	30	8
8	32	17
8	34	17
8	35	68
8	36	89
8	37	2
8	38	114
8	39	2
8	44	192
8	46	17
8	51	68
8	52	2
8	53	17
8	55	25
8	56	91
8	58	14
8	62	68
8	64	54
8	68	66
8	69	71
8	71	20
8	74	22
8	75	22
8	78	5
8	80	54
8	82	120
8	83	43
8	84	20
8	87	25
8	90	2
8	91	8
8	92	1353
8	93	11
8	95	8
8	96	158
8	97	51
8	98	100
8	102	77
8	103	40
8	104	17
8	105	83
9	2	34
9	3	49
9	7	84
9	9	1471
9	10	3
9	11	118
9	12	121
9	13	405
9	21	71
9	25	15
9	27	458
9	28	6
9	29	99
9	32	255
9	34	6
9	35	84
9	36	53
9	37	3
9	38	3
9	44	102
9	45	3
9	46	28
9	50	9
9	51	68
9	53	28
9	55	87
9	56	31
9	57	3
9	58	15
9	62	371
9	64	137
9	66	3
9	68	162
9	69	127
9	71	96
9	73	12
9	74	380
9	75	15
9	77	6
9	80	205
9	82	121
9	83	37
9	84	18
9	87	12
9	89	3
9	91	31
9	92	90
9	93	102
9	95	21
9	96	517
9	97	149
9	98	252
9	102	43
9	103	255
9	104	6
9	105	124
10	3	562
10	7	129
10	9	44
10	10	254
10	11	26
10	12	49
10	13	84
10	14	8
10	21	22
10	27	98
10	30	8
10	34	98
10	35	44
10	36	13
10	38	17
10	40	4
10	44	388
10	50	22
10	51	75
10	53	26
10	55	13
10	56	35
10	57	8
10	58	102
10	59	26
10	61	4
10	62	26
10	64	22
10	66	49
10	68	13
10	69	44
10	71	58
10	73	4
10	74	13
10	75	80
10	78	26
10	80	31
10	82	209
10	83	13
10	84	241
10	87	4
10	90	17
10	92	62
10	93	22
10	96	71
10	97	53
10	98	26
10	102	442
10	103	8
10	104	142
10	105	35
11	2	189
11	3	250
11	6	8
11	7	163
11	9	1074
11	10	17
11	11	2724
11	12	212
11	13	1548
11	21	998
11	22	2
11	25	23
11	27	788
11	28	17
11	29	168
11	30	8
11	32	209
11	34	96
11	35	369
11	36	486
11	37	98
11	38	32
11	44	299
11	46	98
11	50	11
11	51	494
11	53	69
11	55	398
11	56	716
11	57	29
11	58	90
11	59	2
11	62	352
11	64	299
11	66	23
11	68	328
11	69	323
11	71	200
11	73	34
11	74	189
11	75	96
11	78	20
11	80	299
11	81	2
11	82	375
11	83	241
11	84	49
11	86	2
11	87	256
11	88	2
11	89	2
11	90	14
11	91	40
11	92	704
11	93	163
11	95	29
11	96	902
11	97	343
11	98	489
11	102	244
11	103	360
11	104	78
11	105	538
12	2	268
12	3	258
12	6	3
12	7	228
12	8	6
12	9	3366
12	10	40
12	11	403
12	12	1579
12	13	2230
12	14	6
12	19	3
12	21	369
12	25	16
12	27	1827
12	29	382
12	30	6
12	32	732
12	34	30
12	35	248
12	36	248
12	37	60
12	38	13
12	44	403
12	46	141
12	48	3
12	50	60
12	51	299
12	53	120
12	55	450
12	56	204
12	57	50
12	58	151
12	62	927
12	64	776
12	66	13
12	68	631
12	69	769
12	71	725
12	73	204
12	74	1212
12	75	117
12	77	3
12	78	10
12	80	829
12	81	10
12	82	628
12	83	134
12	84	47
12	87	73
12	90	16
12	91	198
12	92	275
12	93	651
12	95	188
12	96	2203
12	97	833
12	98	1192
12	99	3
12	102	171
12	103	796
12	104	26
12	105	611
13	2	324
13	3	356
13	6	2
13	7	237
13	8	11
13	9	3055
13	10	50
13	11	760
13	12	646
13	13	11270
13	17	9
13	19	2
13	21	778
13	23	2
13	24	2
13	25	47
13	27	3265
13	28	89
13	29	933
13	30	20
13	32	495
13	34	70
13	35	367
13	36	995
13	37	52
13	38	47
13	39	2
13	44	577
13	45	15
13	46	388
13	47	11
13	48	2
13	50	89
13	51	691
13	53	114
13	55	869
13	56	488
13	57	13
13	58	166
13	59	2
13	62	1114
13	64	2160
13	66	15
13	68	2240
13	69	1290
13	71	819
13	73	95
13	74	712
13	75	134
13	77	11
13	78	20
13	80	1075
13	81	2
13	82	707
13	83	221
13	84	63
13	87	121
13	88	2
13	90	18
13	91	77
13	92	787
13	93	392
13	95	141
13	96	3032
13	97	1080
13	98	2573
13	102	305
13	103	669
13	104	59
13	105	4518
14	0	65
14	3	94
14	5	41
14	7	41
14	9	17
14	10	5
14	12	11
14	13	77
14	14	480
14	15	5
14	20	5
14	21	17
14	27	53
14	29	5
14	32	5
14	33	11
14	34	11
14	35	11
14	36	11
14	40	5
14	41	11
14	44	136
14	46	5
14	50	5
14	51	11
14	53	23
14	54	11
14	56	5
14	57	5
14	58	23
14	59	11
14	62	5
14	63	59
14	64	11
14	67	41
14	68	5
14	69	17
14	71	11
14	75	17
14	78	77
14	79	17
14	80	11
14	82	71
14	84	5
14	89	17
14	90	5
14	92	11
14	93	5
14	95	5
14	96	11
14	97	11
14	98	5
14	102	71
14	104	77
15	1	8
15	3	8
15	7	8
15	13	25
15	14	103
15	34	8
15	36	8
15	38	8
15	63	8
15	78	8
15	92	8
15	97	8
15	102	25
15	104	25
16	7	5
16	13	36
16	16	10
16	21	15
16	24	52
16	26	47
16	27	5
16	28	42
16	36	10
16	39	42
16	45	78
16	47	52
16	53	5
16	64	21
16	68	15
16	69	5
16	70	36
16	72	42
16	74	21
16	80	5
16	82	5
16	85	42
16	87	5
16	93	15
16	96	10
16	97	5
16	98	5
16	100	84
16	105	21
17	3	8
17	9	8
17	13	8
17	21	8
17	27	8
17	29	8
17	32	8
17	34	8
17	44	16
17	50	8
17	58	8
17	62	8
17	64	32
17	68	16
17	69	24
17	73	8
17	80	32
17	92	8
17	98	24
17	102	16
17	105	16
18	0	16
18	3	16
18	10	5
18	11	5
18	14	76
18	21	5
18	35	5
18	36	5
18	38	5
18	41	5
18	44	38
18	53	5
18	56	5
18	58	16
18	63	21
18	67	5
18	69	10
18	71	5
18	75	5
18	78	5
18	82	5
18	93	5
18	98	5
18	102	5
18	104	5
19	3	22
19	7	29
19	9	44
19	11	29
19	12	14
19	13	73
19	21	29
19	27	88
19	28	7
19	29	22
19	32	7
19	34	7
19	35	7
19	38	14
19	51	7
19	58	14
19	62	29
19	64	73
19	68	73
19	69	81
19	71	36
19	73	7
19	80	88
19	82	36
19	83	7
19	91	7
19	92	29
19	93	14
19	95	7
19	96	58
19	97	44
19	98	29
19	102	14
19	103	7
19	105	22
20	3	5
20	14	16
20	20	5
20	27	5
20	44	5
20	55	5
20	58	16
20	63	5
20	68	5
20	75	5
20	78	10
20	104	10
21	2	173
21	3	197
21	6	10
21	7	85
21	9	604
21	10	12
21	11	1329
21	12	218
21	13	1165
21	21	1160
21	23	10
21	25	5
21	27	539
21	28	10
21	29	166
21	30	12
21	32	199
21	34	41
21	35	334
21	36	389
21	37	70
21	38	23
21	42	10
21	44	384
21	45	2
21	46	51
21	47	2
21	50	12
21	51	524
21	53	75
21	55	280
21	56	568
21	57	44
21	58	96
21	59	7
21	62	329
21	64	223
21	66	5
21	68	238
21	69	293
21	71	150
21	72	2
21	73	44
21	74	163
21	75	51
21	77	5
21	78	15
21	80	238
21	82	269
21	83	293
21	84	57
21	86	7
21	87	171
21	90	7
21	91	33
21	92	459
21	93	67
21	95	33
21	96	584
21	97	207
21	98	485
21	101	2
21	102	137
21	103	238
21	104	33
21	105	558
22	2	16
22	4	12
22	9	33
22	11	8
22	12	16
22	13	104
22	16	4
22	21	12
22	22	24
22	24	24
22	25	4
22	26	4
22	27	62
22	28	124
22	29	33
22	36	29
22	39	16
22	44	4
22	45	137
22	46	4
22	47	91
22	48	8
22	50	8
22	51	4
22	55	16
22	56	8
22	62	12
22	64	49
22	68	12
22	69	37
22	70	4
22	71	33
22	72	8
22	73	4
22	80	16
22	82	4
22	83	4
22	85	24
22	92	37
22	93	4
22	95	4
22	96	83
22	97	24
22	98	29
22	100	16
22	103	20
22	105	74
23	2	22
23	3	30
23	6	2
23	7	16
23	8	11
23	9	50
23	11	44
23	12	8
23	13	113
23	21	58
23	23	27
23	25	2
23	27	58
23	28	2
23	29	27
23	32	8
23	34	2
23	35	50
23	36	50
23	38	19
23	44	66
23	50	2
23	51	16
23	52	2
23	53	8
23	55	33
23	56	19
23	57	2
23	58	11
23	62	27
23	64	38
23	68	38
23	69	38
23	71	11
23	74	11
23	75	2
23	78	2
23	80	22
23	82	5
23	83	19
23	84	5
23	86	2
23	87	8
23	91	2
23	92	583
23	93	13
23	95	11
23	96	44
23	97	22
23	98	30
23	102	25
23	103	27
23	105	47
24	3	17
24	9	35
24	12	8
24	13	43
24	22	8
24	24	166
24	26	17
24	27	26
24	28	35
24	32	8
24	35	8
24	36	17
24	39	105
24	45	140
24	47	43
24	55	8
24	58	8
24	70	17
24	72	131
24	84	8
24	85	61
24	92	8
24	96	17
24	98	8
24	100	70
24	102	8
24	105	17
25	2	14
25	3	25
25	6	4
25	7	7
25	9	98
25	10	2
25	11	30
25	12	23
25	13	417
25	21	28
25	25	284
25	27	179
25	28	14
25	29	168
25	32	14
25	34	4
25	35	30
25	36	58
25	42	2
25	44	42
25	45	4
25	46	9
25	47	2
25	50	2
25	51	35
25	53	9
25	55	51
25	56	21
25	57	2
25	58	9
25	62	63
25	64	1139
25	68	53
25	69	308
25	71	39
25	73	9
25	74	25
25	80	172
25	82	35
25	83	25
25	87	4
25	91	7
25	92	51
25	93	14
25	95	11
25	96	165
25	97	81
25	98	268
25	102	18
25	103	30
25	104	2
25	105	163
26	2	12
26	9	12
26	11	4
26	12	12
26	13	36
26	16	4
26	21	12
26	22	4
26	24	36
26	26	12
26	27	8
26	28	48
26	29	4
26	32	8
26	35	8
26	36	20
26	39	32
26	44	12
26	45	52
26	47	12
26	48	4
26	53	4
26	55	4
26	62	4
26	64	16
26	69	12
26	70	12
26	71	12
26	72	28
26	74	4
26	82	4
26	84	4
26	85	12
26	87	4
26	92	8
26	93	4
26	96	4
26	97	12
26	98	16
26	100	28
26	103	4
26	105	44
27	2	424
27	3	384
27	6	12
27	7	221
27	9	3201
27	10	17
27	11	661
27	12	761
27	13	5871
27	14	5
27	17	7
27	19	5
27	21	621
27	23	5
27	24	2
27	25	110
27	27	7840
27	28	32
27	29	1931
27	30	17
27	32	492
27	34	100
27	35	392
27	36	653
27	37	85
27	38	30
27	39	2
27	44	580
27	46	291
27	47	5
27	50	75
27	51	525
27	53	178
27	55	668
27	56	319
27	57	42
27	58	148
27	59	2
27	61	2
27	62	1144
27	64	5547
27	65	5
27	66	15
27	68	2353
27	69	3045
27	71	1026
27	72	5
27	73	176
27	74	819
27	75	135
27	77	25
27	78	25
27	80	2876
27	81	2
27	82	731
27	83	176
27	84	67
27	86	5
27	87	98
27	89	5
27	90	17
27	91	158
27	92	520
27	93	633
27	95	173
27	96	4534
27	97	2864
27	98	5459
27	99	5
27	102	311
27	103	867
27	104	70
27	105	1332
28	2	107
28	3	2
28	4	8
28	7	17
28	9	283
28	10	2
28	11	92
28	12	74
28	13	1469
28	16	5
28	19	2
28	21	95
28	22	44
28	24	23
28	25	20
28	26	32
28	27	355
28	28	1391
28	29	224
28	31	20
28	32	29
28	34	8
28	35	92
28	36	319
28	37	14
28	38	2
28	39	32
28	44	92
28	45	600
28	46	62
28	47	313
28	48	26
28	50	2
28	51	128
28	53	5
28	55	170
28	56	38
28	58	5
28	62	203
28	64	406
28	65	2
28	68	191
28	69	247
28	70	41
28	71	125
28	72	29
28	73	5
28	74	44
28	75	11
28	77	5
28	80	149
28	82	5
28	83	44
28	85	29
28	87	20
28	88	2
28	91	5
28	92	149
28	93	53
28	95	23
28	96	373
28	97	218
28	98	379
28	100	47
28	102	14
28	103	92
28	105	982
29	2	216
29	3	218
29	6	2
29	7	61
29	9	1450
29	10	18
29	11	311
29	12	365
29	13	3328
29	14	2
29	17	2
29	19	15
29	21	241
29	25	90
29	27	3478
29	28	7
29	29	2181
29	30	7
29	31	2
29	32	246
29	34	41
29	35	190
29	36	275
29	37	46
29	38	10
29	42	5
29	44	241
29	45	12
29	46	110
29	47	2
29	50	56
29	51	213
29	53	72
29	55	308
29	56	128
29	57	15
29	58	59
29	61	2
29	62	627
29	64	4926
29	65	2
29	66	10
29	68	1075
29	69	2500
29	71	481
29	72	2
29	73	87
29	74	403
29	75	51
29	77	7
29	78	10
29	80	1960
29	82	396
29	83	79
29	84	43
29	85	2
29	87	64
29	90	10
29	91	61
29	92	244
29	93	316
29	95	105
29	96	1998
29	97	1180
29	98	4002
29	102	192
29	103	347
29	104	41
29	105	679
30	2	9
30	3	503
30	6	17
30	7	185
30	9	153
30	10	29
30	11	86
30	12	39
30	13	267
30	21	138
30	25	4
30	27	143
30	28	9
30	29	39
30	30	265
30	32	39
30	34	76
30	35	232
30	36	59
30	37	4
30	38	247
30	42	9
30	44	1308
30	46	12
30	50	32
30	51	106
30	53	161
30	55	71
30	56	61
30	57	19
30	58	208
30	59	2
30	61	2
30	62	136
30	64	59
30	68	34
30	69	84
30	71	106
30	72	2
30	73	9
30	74	44
30	75	69
30	77	7
30	78	4
30	80	52
30	81	7
30	82	426
30	83	47
30	84	71
30	87	4
30	90	2
30	91	7
30	92	403
30	93	37
30	95	29
30	96	133
30	97	79
30	98	96
30	99	2
30	102	237
30	103	69
30	104	69
30	105	96
31	3	8
31	7	2
31	9	45
31	11	10
31	12	24
31	13	259
31	21	2
31	24	8
31	25	89
31	27	80
31	28	113
31	29	72
31	31	83
31	32	16
31	35	10
31	36	32
31	39	5
31	44	5
31	45	70
31	46	2
31	47	26
31	50	2
31	51	10
31	55	48
31	56	8
31	62	21
31	64	332
31	68	40
31	69	91
31	70	5
31	71	18
31	74	5
31	80	72
31	83	8
31	85	2
31	87	10
31	92	21
31	93	8
31	95	10
31	96	70
31	97	43
31	98	94
31	100	2
31	103	13
31	104	2
31	105	86
32	2	36
32	3	23
32	6	2
32	7	23
32	9	687
32	10	2
32	11	88
32	12	121
32	13	306
32	21	67
32	25	7
32	27	282
32	29	64
32	32	261
32	34	7
32	35	46
32	36	41
32	44	49
32	46	7
32	50	7
32	51	46
32	53	18
32	55	33
32	56	20
32	57	5
32	58	18
32	62	261
32	64	111
32	66	2
32	68	106
32	69	114
32	71	82
32	73	25
32	74	313
32	75	7
32	78	2
32	80	119
32	82	44
32	83	49
32	84	7
32	87	2
32	91	15
32	92	41
32	93	44
32	95	23
32	96	285
32	97	88
32	98	171
32	102	28
32	103	121
32	104	10
32	105	121
33	0	24
33	3	8
33	5	16
33	7	8
33	9	8
33	14	89
33	15	8
33	44	8
33	58	8
33	63	8
33	71	8
33	92	8
33	102	8
33	103	8
34	2	24
34	3	3595
34	5	6
34	6	3
34	7	1148
34	9	149
34	10	233
34	11	48
34	12	132
34	13	379
34	14	20
34	15	3
34	21	45
34	27	306
34	29	66
34	30	6
34	32	62
34	34	1486
34	35	194
34	36	62
34	37	3
34	38	41
34	42	3
34	44	2743
34	46	6
34	50	233
34	51	100
34	53	466
34	55	45
34	56	45
34	57	142
34	58	1235
34	59	111
34	62	285
34	64	76
34	66	87
34	68	100
34	69	163
34	70	3
34	71	87
34	73	62
34	74	181
34	75	292
34	77	27
34	78	125
34	79	3
34	80	107
34	81	45
34	82	2548
34	83	27
34	84	368
34	86	41
34	89	20
34	90	452
34	91	27
34	92	107
34	93	76
34	95	31
34	96	222
34	97	121
34	98	156
34	102	2029
34	103	41
34	104	2172
34	105	34
35	2	117
35	3	771
35	6	10
35	7	359
35	8	7
35	9	1135
35	10	55
35	11	1093
35	12	260
35	13	2048
35	14	5
35	21	925
35	25	7
35	26	2
35	27	962
35	28	21
35	29	308
35	30	55
35	31	2
35	32	159
35	34	146
35	35	1939
35	36	470
35	37	87
35	38	178
35	42	21
35	44	1699
35	45	2
35	46	74
35	50	79
35	51	970
35	53	159
35	55	289
35	56	404
35	57	39
35	58	226
35	59	10
35	61	2
35	62	864
35	64	385
35	66	5
35	68	428
35	69	444
35	71	319
35	73	77
35	74	430
35	75	178
35	77	7
35	78	18
35	80	276
35	82	973
35	83	406
35	84	98
35	87	114
35	90	29
35	91	13
35	92	2734
35	93	151
35	95	90
35	96	1005
35	97	359
35	98	699
35	99	7
35	102	547
35	103	324
35	104	61
35	105	880
36	1	2
36	2	270
36	3	300
36	5	2
36	7	206
36	8	2
36	9	1837
36	10	18
36	11	965
36	12	547
36	13	5358
36	17	2
36	21	868
36	23	13
36	25	48
36	27	1928
36	28	29
36	29	461
36	30	13
36	32	311
36	34	80
36	35	488
36	36	2319
36	37	69
36	38	32
36	39	2
36	42	2
36	44	807
36	45	10
36	46	195
36	47	10
36	50	45
36	51	893
36	53	158
36	55	713
36	56	565
36	57	24
36	58	136
36	62	694
36	64	1000
36	66	5
36	68	831
36	69	772
36	71	463
36	73	128
36	74	469
36	75	136
36	77	16
36	78	10
36	80	573
36	81	2
36	82	630
36	83	300
36	84	45
36	85	2
36	87	329
36	89	2
36	90	5
36	91	69
36	92	965
36	93	244
36	95	93
36	96	1684
36	97	726
36	98	1247
36	99	13
36	100	5
36	102	217
36	103	480
36	104	34
36	105	3955
37	2	3
37	3	3
37	9	20
37	11	13
37	12	6
37	13	6
37	21	20
37	27	3
37	29	3
37	35	6
37	36	6
37	51	3
37	55	3
37	56	3
37	62	10
37	64	6
37	68	6
37	69	3
37	74	3
37	80	3
37	82	3
37	96	6
37	97	13
37	98	10
37	99	3
37	102	3
38	2	22
38	3	171
38	6	3
38	7	113
38	8	9
38	9	136
38	10	12
38	11	146
38	12	35
38	13	405
38	14	3
38	21	107
38	22	3
38	25	9
38	27	158
38	28	3
38	29	45
38	30	38
38	32	25
38	34	25
38	35	158
38	36	116
38	37	3
38	38	963
38	44	655
38	46	19
38	49	22
38	50	16
38	51	139
38	52	6
38	53	58
38	55	68
38	56	48
38	57	16
38	58	123
38	62	71
38	64	25
38	65	3
38	66	6
38	68	51
38	69	100
38	71	16
38	73	9
38	74	38
38	75	19
38	78	3
38	80	84
38	81	3
38	82	136
38	83	45
38	84	48
38	87	22
38	89	3
38	90	9
38	92	983
38	93	32
38	95	9
38	96	165
38	97	90
38	98	155
38	99	16
38	102	126
38	103	12
38	104	22
38	105	84
39	9	6
39	11	12
39	12	6
39	13	36
39	16	6
39	21	6
39	22	6
39	24	204
39	26	24
39	27	30
39	28	60
39	29	18
39	31	12
39	35	6
39	36	6
39	39	114
39	45	114
39	47	24
39	51	6
39	55	6
39	58	6
39	62	6
39	64	6
39	68	18
39	69	18
39	70	48
39	72	168
39	73	6
39	75	6
39	80	18
39	85	72
39	92	6
39	93	6
39	95	6
39	96	6
39	97	6
39	100	90
39	105	36
40	3	14
40	12	7
40	13	7
40	27	22
40	40	7
40	44	7
40	69	7
40	75	7
40	78	7
40	82	7
40	97	7
40	98	7
40	102	7
40	105	7
41	0	5
41	2	5
41	3	29
41	5	17
41	10	5
41	13	11
41	14	131
41	28	5
41	29	5
41	32	5
41	44	47
41	53	5
41	62	17
41	63	5
41	68	5
41	75	5
41	78	29
41	79	5
41	82	5
41	84	29
41	90	5
41	93	5
41	96	11
41	97	17
41	98	5
41	102	17
41	104	11
41	105	5
42	2	4
42	3	29
42	6	41
42	7	4
42	9	36
42	10	4
42	11	16
42	12	19
42	13	50
42	21	36
42	27	14
42	29	2
42	30	7
42	32	19
42	34	2
42	35	62
42	36	2
42	37	2
42	38	16
42	42	14
42	44	72
42	48	2
42	51	41
42	53	9
42	55	12
42	56	31
42	58	9
42	62	12
42	64	4
42	68	16
42	69	26
42	71	24
42	74	7
42	75	4
42	77	2
42	78	2
42	80	16
42	81	2
42	82	31
42	83	14
42	84	7
42	86	2
42	87	2
42	92	89
42	95	2
42	96	24
42	97	4
42	98	9
42	102	31
42	103	9
42	104	7
42	105	14
43	7	3
43	9	9
43	13	3
43	35	3
43	44	16
43	53	3
43	56	3
43	58	3
43	82	6
43	83	3
43	92	6
43	96	9
44	2	57
44	3	3048
44	7	1488
44	9	249
44	10	260
44	11	151
44	12	270
44	13	679
44	14	14
44	21	191
44	27	372
44	28	3
44	29	75
44	30	68
44	32	90
44	34	317
44	35	278
44	36	126
44	37	21
44	38	83
44	44	4034
44	46	14
44	50	43
44	51	343
44	53	1015
44	55	133
44	56	101
44	57	223
44	58	1238
44	59	14
44	62	155
44	64	151
44	66	75
44	68	184
44	69	187
44	71	234
44	73	50
44	74	75
44	75	787
44	77	18
44	78	50
44	80	140
44	81	18
44	82	3102
44	83	83
44	84	332
44	86	21
44	87	21
44	89	7
44	90	130
44	91	65
44	92	343
44	93	133
44	95	39
44	96	541
44	97	231
44	98	343
44	102	1401
44	103	184
44	104	296
44	105	97
45	2	14
45	3	2
45	9	20
45	11	5
45	12	8
45	13	183
45	21	14
45	24	2
45	27	32
45	28	100
45	29	26
45	31	2
45	36	41
45	39	2
45	44	20
45	45	130
45	46	2
45	47	65
45	48	5
45	50	2
45	51	2
45	53	2
45	55	35
45	56	2
45	58	2
45	62	14
45	64	29
45	68	8
45	69	20
45	70	8
45	71	20
45	72	11
45	73	2
45	74	2
45	77	2
45	80	23
45	84	5
45	85	2
45	91	2
45	92	17
45	93	5
45	95	2
45	96	65
45	97	20
45	98	44
45	100	23
45	102	2
45	103	11
45	105	73
46	2	290
46	3	117
46	6	2
46	7	51
46	8	4
46	9	981
46	10	17
46	11	361
46	12	253
46	13	2977
46	21	268
46	22	2
46	23	2
46	25	14
46	27	1132
46	28	17
46	29	395
46	30	2
46	31	2
46	32	187
46	34	41
46	35	168
46	36	246
46	37	17
46	38	12
46	44	205
46	45	4
46	46	446
46	47	7
46	50	29
46	51	219
46	53	58
46	55	488
46	56	139
46	57	43
46	58	87
46	62	331
46	64	720
46	65	2
46	68	878
46	69	490
46	70	2
46	71	229
46	72	4
46	73	51
46	74	241
46	75	41
46	77	2
46	78	7
46	80	373
46	81	9
46	82	234
46	83	80
46	84	34
46	86	2
46	87	87
46	90	12
46	91	34
46	92	307
46	93	180
46	95	46
46	96	1183
46	97	383
46	98	842
46	102	107
46	103	302
46	104	17
46	105	1047
47	9	18
47	11	7
47	12	11
47	13	79
47	21	11
47	22	30
47	24	7
47	26	7
47	27	18
47	28	101
47	29	7
47	32	7
47	36	15
47	39	15
47	44	3
47	45	71
47	47	56
47	48	11
47	51	11
47	55	22
47	62	15
47	64	41
47	68	18
47	69	15
47	70	15
47	72	7
47	74	7
47	75	3
47	80	7
47	82	3
47	85	3
47	87	7
47	92	15
47	93	7
47	95	7
47	96	33
47	97	22
47	98	18
47	100	22
47	103	11
47	105	30
48	2	3
48	9	12
48	12	6
48	13	34
48	22	3
48	24	6
48	26	3
48	27	12
48	28	18
48	29	6
48	32	6
48	36	3
48	38	3
48	39	3
48	44	3
48	45	34
48	47	30
48	48	3
48	55	9
48	62	3
48	64	12
48	69	12
48	70	9
48	71	12
48	74	3
48	80	6
48	85	3
48	87	3
48	92	15
48	93	3
48	96	15
48	97	6
48	98	6
48	100	3
48	103	3
48	105	21
49	2	4
49	3	33
49	7	16
49	8	4
49	9	25
49	10	4
49	11	37
49	12	20
49	13	137
49	21	58
49	27	54
49	29	33
49	30	12
49	32	16
49	34	12
49	35	58
49	36	45
49	38	379
49	42	4
49	44	162
49	47	4
49	49	29
49	50	8
49	51	41
49	52	12
49	53	4
49	55	41
49	56	12
49	57	8
49	58	16
49	62	20
49	64	8
49	66	4
49	68	25
49	69	33
49	71	12
49	74	8
49	75	8
49	78	8
49	80	8
49	82	41
49	83	20
49	84	8
49	87	8
49	90	4
49	92	458
49	93	8
49	95	4
49	96	75
49	97	25
49	98	37
49	99	8
49	102	29
49	103	20
49	104	20
49	105	12
50	3	401
50	7	235
50	9	43
50	10	52
50	11	8
50	12	17
50	13	209
50	14	8
50	21	52
50	23	8
50	27	200
50	29	43
50	32	26
50	34	287
50	35	87
50	36	17
50	37	8
50	38	17
50	44	392
50	50	34
50	51	61
50	53	95
50	55	61
50	56	8
50	58	157
50	59	8
50	62	69
50	64	69
50	66	17
50	68	43
50	69	52
50	71	43
50	74	17
50	75	104
50	77	34
50	78	26
50	80	69
50	82	671
50	83	17
50	84	113
50	87	17
50	90	26
50	91	43
50	92	52
50	93	34
50	96	122
50	97	61
50	98	104
50	102	383
50	103	34
50	104	296
50	105	43
51	2	233
51	3	323
51	6	27
51	7	321
51	8	2
51	9	1523
51	10	21
51	11	1668
51	12	359
51	13	3252
51	14	2
51	21	1462
51	24	2
51	25	24
51	27	1416
51	28	8
51	29	356
51	30	19
51	32	299
51	34	82
51	35	1311
51	36	990
51	37	93
51	38	109
51	42	13
51	44	1542
51	45	2
51	46	96
51	47	2
51	48	2
51	50	46
51	51	2280
51	53	156
51	55	414
51	56	812
51	57	35
51	58	208
51	59	5
51	62	870
51	64	518
51	66	8
51	68	587
51	69	579
51	71	430
51	73	60
51	74	370
51	75	131
51	77	32
51	78	8
51	80	422
51	82	686
51	83	705
51	84	74
51	85	2
51	86	2
51	87	230
51	88	5
51	90	19
51	91	57
51	92	1737
51	93	156
51	95	79
51	96	1446
51	97	548
51	98	1020
51	99	24
51	102	266
51	103	392
51	104	32
51	105	2607
52	2	3
52	3	13
52	5	3
52	7	6
52	8	6
52	9	40
52	11	23
52	12	13
52	13	57
52	21	20
52	27	60
52	29	13
52	30	6
52	32	10
52	34	3
52	35	63
52	36	30
52	38	198
52	42	3
52	44	124
52	45	3
52	46	6
52	49	23
52	51	30
52	52	20
52	53	6
52	55	30
52	56	16
52	57	3
52	58	16
52	62	10
52	64	16
52	66	3
52	68	3
52	69	23
52	71	16
52	74	13
52	75	3
52	80	26
52	82	43
52	87	13
52	91	3
52	92	326
52	96	63
52	97	23
52	98	26
52	102	10
52	103	6
52	104	6
52	105	20
53	2	48
53	3	1330
53	6	3
53	7	1924
53	9	233
53	10	127
53	11	109
53	12	148
53	13	336
53	14	6
53	21	115
53	25	9
53	27	212
53	28	3
53	29	39
53	30	6
53	32	51
53	34	169
53	35	109
53	36	60
53	38	15
53	40	3
53	44	1936
53	46	21
53	50	87
53	51	133
53	53	833
53	55	69
53	56	57
53	57	154
53	58	669
53	59	15
53	62	157
53	64	93
53	66	15
53	68	69
53	69	75
53	71	142
53	73	42
53	74	78
53	75	281
53	77	54
53	78	15
53	80	54
53	81	36
53	82	1748
53	83	57
53	84	136
53	86	6
53	87	12
53	89	3
53	90	72
53	91	27
53	92	178
53	93	57
53	95	15
53	96	309
53	97	118
53	98	163
53	102	751
53	103	136
53	104	103
53	105	54
54	3	5
54	5	10
54	14	49
54	34	5
54	36	5
54	44	10
54	53	5
54	58	10
54	78	10
54	80	5
54	96	5
54	102	5
55	2	337
55	3	204
55	5	2
55	6	2
55	7	104
55	9	1198
55	10	10
55	11	489
55	12	387
55	13	4140
55	21	387
55	22	2
55	25	31
55	27	1371
55	28	10
55	29	369
55	32	277
55	34	41
55	35	180
55	36	622
55	37	34
55	38	23
55	44	232
55	45	7
55	46	243
55	50	44
55	51	408
55	52	2
55	53	91
55	55	1075
55	56	248
55	57	39
55	58	112
55	61	2
55	62	376
55	64	594
55	66	5
55	68	790
55	69	596
55	71	353
55	73	60
55	74	290
55	75	70
55	78	7
55	80	458
55	81	2
55	82	306
55	83	91
55	84	26
55	86	5
55	87	138
55	90	2
55	91	39
55	92	353
55	93	183
55	95	73
55	96	1272
55	97	526
55	98	1010
55	100	2
55	102	154
55	103	557
55	104	26
55	105	1732
56	1	2
56	2	235
56	3	397
56	6	8
56	7	173
56	8	5
56	9	1035
56	10	11
56	11	2434
56	12	272
56	13	2253
56	14	2
56	19	2
56	21	1367
56	22	2
56	23	14
56	25	8
56	26	2
56	27	967
56	28	8
56	29	289
56	30	17
56	32	249
56	34	70
56	35	527
56	36	995
56	37	82
56	38	93
56	42	14
56	44	700
56	45	17
56	46	104
56	50	22
56	51	1021
56	53	104
56	55	507
56	56	1262
56	57	42
56	58	144
56	62	456
56	64	340
56	66	14
56	68	524
56	69	451
56	71	331
56	73	34
56	74	269
56	75	85
56	78	19
56	80	317
56	82	522
56	83	397
56	84	73
56	86	11
56	87	346
56	90	14
56	91	34
56	92	1123
56	93	187
56	95	51
56	96	1248
56	97	439
56	98	916
56	99	11
56	102	275
56	103	334
56	104	85
56	105	763
57	2	41
57	3	1138
57	6	9
57	7	2206
57	9	342
57	10	143
57	11	105
57	12	121
57	13	326
57	21	47
57	27	274
57	29	76
57	30	22
57	32	60
57	34	195
57	35	95
57	36	57
57	37	6
57	38	15
57	42	3
57	44	1454
57	46	12
57	50	92
57	51	147
57	53	607
57	55	67
57	56	60
57	57	479
57	58	601
57	59	6
57	62	131
57	64	79
57	66	73
57	68	108
57	69	102
57	71	121
57	73	28
57	74	105
57	75	201
57	77	38
57	78	44
57	80	83
57	81	102
57	82	1877
57	83	19
57	84	214
57	86	9
57	87	9
57	89	19
57	90	73
57	91	19
57	92	121
57	93	115
57	95	63
57	96	444
57	97	147
57	98	204
57	99	3
57	102	693
57	103	124
57	104	230
57	105	60
58	0	5
58	2	40
58	3	4236
58	6	2
58	7	1107
58	9	195
58	10	323
58	11	122
58	12	168
58	13	402
58	14	14
58	21	145
58	25	8
58	27	285
58	28	2
58	29	101
58	30	49
58	32	72
58	34	614
58	35	195
58	36	110
58	37	20
58	38	52
58	40	2
58	44	4044
58	46	11
58	50	87
58	51	294
58	53	734
58	55	107
58	56	55
58	57	101
58	58	2313
58	59	40
58	62	268
58	64	104
58	66	67
58	67	2
58	68	78
58	69	151
58	71	148
58	73	40
58	74	154
58	75	556
58	77	17
58	78	67
58	80	81
58	81	23
58	82	2383
58	83	58
58	84	541
58	86	32
58	87	32
58	89	8
58	90	195
58	91	23
58	92	201
58	93	99
58	95	17
58	96	329
58	97	183
58	98	262
58	102	2161
58	103	90
58	104	603
58	105	67
59	2	7
59	3	338
59	7	76
59	9	22
59	10	95
59	11	11
59	12	22
59	13	68
59	14	3
59	21	7
59	27	57
59	29	3
59	32	7
59	34	102
59	35	22
59	36	11
59	38	3
59	42	3
59	44	300
59	50	19
59	51	19
59	53	60
59	55	3
59	56	3
59	57	3
59	58	117
59	59	102
59	62	34
59	64	11
59	66	30
59	68	22
59	69	19
59	71	11
59	73	3
59	75	26
59	78	26
59	80	22
59	81	3
59	82	201
59	83	3
59	84	106
59	89	3
59	90	19
59	92	41
59	93	11
59	95	3
59	96	34
59	97	34
59	98	19
59	102	308
59	103	7
59	104	524
60	0	17
60	3	22
60	14	17
60	15	5
60	21	5
60	27	11
60	38	5
60	41	5
60	44	11
60	51	11
60	53	5
60	58	5
60	59	5
60	63	11
60	67	5
60	69	5
60	75	5
60	78	5
60	82	5
60	96	5
60	97	5
60	102	17
60	104	17
60	105	5
61	3	40
61	11	13
61	13	26
61	27	13
61	29	13
61	55	13
61	58	26
61	82	13
61	92	13
61	96	26
61	98	13
61	102	40
61	104	13
62	2	160
62	3	585
62	7	94
62	9	4307
62	10	75
62	11	245
62	12	311
62	13	1407
62	14	9
62	19	9
62	21	198
62	25	66
62	27	1313
62	28	18
62	29	396
62	32	1237
62	34	85
62	35	217
62	36	141
62	37	37
62	38	28
62	44	453
62	46	18
62	50	160
62	51	188
62	53	56
62	55	170
62	56	198
62	57	56
62	58	236
62	59	9
62	62	2012
62	64	661
62	65	9
62	66	37
62	68	368
62	69	802
62	71	302
62	72	9
62	73	56
62	74	1653
62	75	75
62	77	9
62	78	28
62	80	1246
62	82	736
62	83	113
62	84	132
62	87	28
62	90	28
62	91	28
62	92	614
62	93	245
62	95	18
62	96	1152
62	97	491
62	98	850
62	102	368
62	103	453
62	104	113
62	105	670
63	0	21
63	1	5
63	2	5
63	3	38
63	5	21
63	7	27
63	9	5
63	10	5
63	12	5
63	13	27
63	14	277
63	20	5
63	27	10
63	32	5
63	33	5
63	34	5
63	38	5
63	44	70
63	51	16
63	58	32
63	62	5
63	63	38
63	67	27
63	68	10
63	69	10
63	78	43
63	79	10
63	80	10
63	82	27
63	84	10
63	92	10
63	93	10
63	95	5
63	96	10
63	97	5
63	98	5
63	102	54
63	103	5
63	104	32
63	105	16
64	2	258
64	3	291
64	6	2
64	7	153
64	9	2066
64	10	17
64	11	357
64	12	523
64	13	4702
64	14	2
64	17	2
64	19	7
64	21	411
64	22	10
64	23	2
64	25	250
64	27	4501
64	28	58
64	29	2150
64	30	10
64	31	5
64	32	329
64	34	56
64	35	247
64	36	401
64	37	53
64	38	5
64	44	401
64	45	7
64	46	166
64	47	2
64	50	71
64	51	306
64	53	109
64	55	365
64	56	273
64	57	17
64	58	112
64	59	2
64	62	1134
64	64	10126
64	66	7
64	68	1650
64	69	3517
64	71	855
64	73	183
64	74	554
64	75	79
64	77	5
64	78	15
64	80	2764
64	81	2
64	82	406
64	83	79
64	84	61
64	86	5
64	87	63
64	89	2
64	90	7
64	91	86
64	92	441
64	93	281
64	95	81
64	96	2735
64	97	1221
64	98	4628
64	100	2
64	102	245
64	103	462
64	104	35
64	105	1284
65	2	17
65	3	52
65	6	17
65	7	17
65	9	52
65	11	17
65	13	34
65	21	52
65	27	69
65	34	34
65	35	34
65	36	34
65	44	69
65	46	17
65	50	17
65	51	69
65	55	34
65	56	34
65	58	17
65	64	17
65	68	17
65	69	52
65	71	17
65	74	34
65	75	17
65	80	34
65	82	52
65	83	17
65	92	69
65	93	34
65	97	17
65	98	17
65	102	69
65	103	17
65	105	17
66	2	52
66	3	399
66	9	295
66	10	69
66	11	69
66	13	434
66	21	17
66	25	17
66	27	330
66	29	104
66	30	17
66	32	34
66	34	121
66	36	69
66	37	17
66	44	17
66	50	17
66	51	69
66	55	34
66	56	34
66	58	69
66	62	34
66	64	104
66	66	139
66	68	104
66	69	156
66	71	260
66	74	17
66	78	17
66	80	260
66	82	295
66	84	156
66	87	17
66	90	17
66	92	139
66	93	104
66	95	34
66	96	295
66	97	312
66	98	486
66	102	260
66	103	69
66	104	17
66	105	121
67	0	5
67	3	29
67	7	5
67	10	11
67	11	5
67	14	71
67	15	5
67	20	5
67	27	5
67	34	17
67	44	5
67	55	5
67	58	11
67	63	11
67	67	17
67	69	5
67	71	11
67	78	35
67	79	5
67	95	5
67	96	11
67	102	5
67	104	29
67	105	11
68	2	507
68	3	445
68	6	4
68	7	224
68	9	3881
68	10	27
68	11	771
68	12	926
68	13	8906
68	17	12
68	19	14
68	21	684
68	22	4
68	25	97
68	27	6702
68	28	42
68	29	2069
68	30	17
68	32	617
68	34	99
68	35	468
68	36	933
68	37	112
68	38	24
68	44	709
68	45	7
68	46	403
68	47	9
68	50	102
68	51	791
68	53	139
68	55	896
68	56	450
68	57	34
68	58	166
68	62	1538
68	64	7404
68	65	7
68	66	9
68	68	5843
68	69	3172
68	71	1182
68	72	2
68	73	224
68	74	1100
68	75	154
68	77	2
68	78	34
68	80	2405
68	81	9
68	82	607
68	83	248
68	84	79
68	85	2
68	87	156
68	89	2
68	90	22
68	91	97
68	92	737
68	93	612
68	95	139
68	96	4598
68	97	2136
68	98	5253
68	100	2
68	101	2
68	102	341
68	103	749
68	104	49
68	105	2113
69	1	2
69	2	205
69	3	332
69	5	2
69	6	2
69	7	121
69	8	2
69	9	2128
69	10	18
69	11	372
69	12	607
69	13	4219
69	14	7
69	17	2
69	19	13
69	21	332
69	23	2
69	24	5
69	25	137
69	27	5085
69	28	34
69	29	2173
69	30	10
69	31	5
69	32	382
69	34	79
69	35	266
69	36	467
69	37	58
69	38	15
69	39	2
69	40	2
69	42	2
69	44	322
69	45	7
69	46	166
69	50	89
69	51	295
69	53	116
69	55	456
69	56	224
69	57	26
69	58	118
69	62	1119
69	64	8481
69	65	7
69	66	18
69	68	1320
69	69	7684
69	71	860
69	73	129
69	74	609
69	75	118
69	77	7
69	78	13
69	80	6704
69	82	533
69	83	108
69	84	76
69	86	5
69	87	97
69	89	2
69	90	15
69	91	95
69	92	345
69	93	488
69	95	145
69	96	2912
69	97	1840
69	98	5814
69	100	5
69	102	245
69	103	422
69	104	73
69	105	1045
70	2	5
70	4	5
70	13	22
70	21	16
70	22	5
70	24	88
70	26	11
70	28	16
70	39	38
70	44	5
70	45	55
70	47	33
70	48	5
70	55	5
70	62	5
70	64	11
70	68	11
70	69	27
70	70	11
70	71	5
70	72	22
70	74	5
70	80	5
70	85	27
70	97	5
70	98	5
70	100	55
70	105	11
71	2	277
71	3	263
71	6	5
71	7	131
71	9	3187
71	10	21
71	11	430
71	12	770
71	13	2608
71	14	2
71	21	414
71	25	27
71	27	2161
71	29	526
71	30	13
71	32	570
71	34	63
71	35	194
71	36	334
71	37	30
71	42	2
71	44	334
71	45	5
71	46	93
71	50	32
71	51	384
71	53	156
71	54	2
71	55	587
71	56	213
71	57	46
71	58	123
71	59	2
71	62	688
71	64	751
71	66	8
71	68	833
71	69	726
71	71	1256
71	73	109
71	74	554
71	75	112
71	77	10
71	78	13
71	80	784
71	81	8
71	82	562
71	83	137
71	84	32
71	85	2
71	87	101
71	90	13
71	91	219
71	92	241
71	93	847
71	95	263
71	96	3127
71	97	1152
71	98	1333
71	99	5
71	102	115
71	103	1042
71	104	32
71	105	482
72	13	30
72	24	84
72	26	7
72	28	46
72	34	7
72	39	46
72	45	53
72	46	7
72	47	38
72	51	7
72	52	7
72	69	15
72	70	23
72	72	46
72	85	38
72	93	7
72	96	15
72	100	53
72	103	7
73	2	17
73	3	121
73	6	17
73	9	224
73	11	17
73	12	69
73	13	173
73	21	17
73	27	86
73	29	51
73	32	51
73	34	51
73	35	69
73	36	34
73	37	17
73	44	34
73	50	34
73	51	34
73	58	17
73	62	34
73	64	86
73	68	51
73	69	190
73	71	86
73	74	17
73	80	259
73	82	103
73	91	17
73	92	138
73	93	17
73	96	69
73	97	69
73	98	69
73	102	17
73	103	34
73	104	17
73	105	34
74	2	106
74	3	194
74	6	3
74	7	176
74	9	2823
74	10	14
74	11	300
74	12	649
74	13	1378
74	21	194
74	24	3
74	25	11
74	27	1166
74	28	11
74	29	278
74	30	3
74	32	869
74	34	36
74	35	146
74	36	143
74	37	14
74	38	7
74	44	238
74	45	3
74	46	51
74	50	36
74	51	234
74	53	62
74	55	157
74	56	161
74	57	18
74	58	88
74	59	3
74	62	1001
74	64	377
74	66	11
74	68	399
74	69	451
74	71	293
74	73	44
74	74	2607
74	75	77
74	77	3
74	78	3
74	80	476
74	81	14
74	82	308
74	83	73
74	84	40
74	87	40
74	89	7
74	90	7
74	91	84
74	92	234
74	93	377
74	95	77
74	96	1250
74	97	366
74	98	788
74	102	128
74	103	707
74	104	25
74	105	392
75	0	5
75	2	40
75	3	1652
75	6	2
75	7	988
75	9	135
75	10	143
75	11	91
75	12	112
75	13	267
75	14	5
75	21	68
75	25	8
75	27	209
75	29	45
75	30	20
75	32	68
75	34	252
75	35	160
75	36	68
75	37	2
75	38	34
75	42	2
75	44	2531
75	46	11
75	50	51
75	51	140
75	53	574
75	55	71
75	56	45
75	57	112
75	58	890
75	59	14
75	62	112
75	64	66
75	66	20
75	68	57
75	69	80
75	71	106
75	73	20
75	74	54
75	75	563
75	77	43
75	78	22
75	80	40
75	81	11
75	82	1612
75	83	40
75	84	232
75	86	17
75	87	17
75	90	40
75	91	34
75	92	186
75	93	34
75	95	11
75	96	169
75	97	123
75	98	123
75	99	2
75	101	2
75	102	816
75	103	74
75	104	224
75	105	54
76	0	7
76	3	37
76	13	15
76	14	83
76	27	22
76	35	7
76	41	7
76	44	7
76	53	15
76	58	15
76	64	7
76	67	7
76	84	7
76	95	7
76	104	7
77	3	84
77	7	92
77	9	16
77	11	16
77	12	8
77	13	24
77	21	8
77	27	16
77	29	4
77	30	4
77	32	8
77	34	4
77	35	12
77	36	8
77	44	16
77	51	4
77	53	24
77	55	8
77	56	4
77	58	28
77	62	24
77	64	8
77	68	4
77	69	8
77	71	28
77	74	4
77	75	4
77	77	56
77	80	12
77	82	64
77	90	8
77	92	12
77	93	4
77	96	8
77	97	8
77	98	8
77	102	16
77	103	8
77	104	12
77	105	8
78	0	4
78	2	12
78	3	1134
78	5	29
78	7	246
78	9	76
78	10	199
78	11	42
78	12	29
78	13	220
78	14	59
78	15	4
78	21	16
78	27	165
78	29	42
78	30	8
78	32	33
78	34	267
78	35	127
78	36	50
78	37	12
78	38	8
78	40	4
78	41	8
78	44	1478
78	46	4
78	50	21
78	51	76
78	53	267
78	55	33
78	56	29
78	57	33
78	58	518
78	59	63
78	61	4
78	62	84
78	63	8
78	64	42
78	66	38
78	68	59
78	69	101
78	71	25
78	73	8
78	74	25
78	75	110
78	77	4
78	78	1699
78	80	59
78	81	8
78	82	683
78	83	33
78	84	382
78	86	59
78	87	8
78	89	199
78	90	76
78	91	21
78	92	127
78	93	55
78	95	4
78	96	127
78	97	59
78	98	84
78	102	917
78	103	16
78	104	1040
78	105	25
79	3	18
79	7	6
79	13	6
79	14	42
79	20	6
79	27	12
79	29	6
79	34	6
79	35	6
79	36	12
79	44	6
79	53	12
79	58	6
79	67	6
79	78	30
79	92	6
79	96	12
79	98	6
79	102	12
79	104	6
79	105	6
80	2	131
80	3	283
80	7	112
80	9	2026
80	10	26
80	11	246
80	12	457
80	13	2455
80	17	2
80	19	24
80	21	211
80	23	2
80	25	69
80	27	3416
80	28	24
80	29	1349
80	30	5
80	32	281
80	34	53
80	35	141
80	36	332
80	37	24
80	38	5
80	42	5
80	44	232
80	45	2
80	46	64
80	47	5
80	50	50
80	51	208
80	53	93
80	55	219
80	56	125
80	57	13
80	58	115
80	62	904
80	64	4482
80	65	5
80	66	13
80	68	953
80	69	3748
80	71	564
80	72	2
80	73	88
80	74	498
80	75	80
80	77	8
80	78	10
80	80	8337
80	81	5
80	82	369
80	83	85
80	84	61
80	87	50
80	89	2
80	90	13
80	91	56
80	92	198
80	93	313
80	95	64
80	96	2053
80	97	1170
80	98	3370
80	101	2
80	102	222
80	103	278
80	104	53
80	105	650
81	0	2
81	2	20
81	3	882
81	6	8
81	7	1773
81	9	194
81	10	83
81	11	68
81	12	68
81	13	227
81	21	65
81	27	176
81	29	23
81	30	5
81	32	50
81	34	113
81	35	62
81	36	32
81	37	14
81	38	8
81	42	2
81	44	1208
81	46	8
81	50	41
81	51	125
81	53	511
81	55	53
81	56	26
81	57	257
81	58	382
81	59	5
81	62	89
81	63	2
81	64	41
81	66	14
81	68	38
81	69	80
81	71	98
81	73	17
81	74	53
81	75	68
81	77	38
81	78	8
81	80	53
81	81	191
81	82	1190
81	83	23
81	84	116
81	86	2
81	87	14
81	89	2
81	90	74
81	91	8
81	92	110
81	93	65
81	95	23
81	96	260
81	97	110
81	98	161
81	99	2
81	102	442
81	103	47
81	104	173
81	105	44
82	2	136
82	3	4914
82	5	3
82	6	12
82	7	5341
82	9	964
82	10	457
82	11	445
82	12	432
82	13	1120
82	14	9
82	21	354
82	23	6
82	25	6
82	27	846
82	28	9
82	29	168
82	30	37
82	32	202
82	34	678
82	35	410
82	36	252
82	37	80
82	38	46
82	40	9
82	44	6773
82	46	37
82	50	283
82	51	526
82	53	1749
82	55	196
82	56	168
82	57	342
82	58	2104
82	59	49
82	62	507
82	63	3
82	64	280
82	66	124
82	68	329
82	69	317
82	71	547
82	73	99
82	74	277
82	75	1045
82	77	87
82	78	99
82	80	214
82	81	62
82	82	7812
82	83	180
82	84	778
82	86	40
82	87	49
82	89	18
82	90	289
82	91	96
82	92	470
82	93	258
82	95	80
82	96	1198
82	97	423
82	98	597
82	99	3
82	102	2894
82	103	333
82	104	880
82	105	242
83	2	211
83	3	546
83	6	7
83	7	192
83	9	1182
83	10	26
83	11	2157
83	12	417
83	13	2114
83	14	2
83	21	1420
83	23	5
83	25	7
83	27	1040
83	28	10
83	29	213
83	30	23
83	32	256
83	34	110
83	35	1027
83	36	604
83	37	84
83	38	89
83	42	7
83	44	1367
83	45	2
83	46	71
83	47	5
83	49	5
83	50	58
83	51	997
83	53	184
83	55	335
83	56	641
83	57	18
83	58	171
83	59	2
83	62	652
83	64	406
83	66	13
83	68	366
83	69	369
83	71	298
83	73	76
83	74	279
83	75	129
83	77	10
83	78	18
83	80	311
83	81	5
83	82	733
83	83	902
83	84	58
83	86	10
83	87	142
83	89	2
83	90	15
83	91	47
83	92	1225
83	93	161
83	95	42
83	96	1106
83	97	372
83	98	789
83	99	2
83	100	2
83	102	377
83	103	351
83	104	68
83	105	763
84	0	3
84	2	106
84	3	7066
84	6	6
84	7	1338
84	9	431
84	10	1369
84	11	241
84	12	251
84	13	965
84	14	20
84	19	3
84	20	10
84	21	227
84	23	6
84	25	6
84	27	613
84	29	168
84	30	20
84	32	206
84	34	848
84	35	289
84	36	175
84	37	37
84	38	48
84	40	10
84	44	4769
84	46	34
84	50	158
84	51	444
84	53	789
84	55	196
84	56	165
84	57	196
84	58	2176
84	59	200
84	61	10
84	62	293
84	64	189
84	66	362
84	68	203
84	69	286
84	71	282
84	73	68
84	74	165
84	75	562
84	77	44
84	78	220
84	80	248
84	81	6
84	82	3973
84	83	89
84	84	2669
84	86	48
84	87	31
84	89	31
84	90	113
84	91	58
84	92	472
84	93	155
84	95	58
84	96	738
84	97	331
84	98	558
84	102	4959
84	103	196
84	104	1686
84	105	189
85	7	8
85	13	24
85	24	49
85	28	74
85	29	8
85	36	16
85	38	8
85	39	65
85	45	74
85	47	24
85	64	8
85	69	8
85	70	24
85	72	32
85	82	8
85	85	32
85	96	8
85	98	8
85	100	49
86	2	2
86	3	437
86	7	104
86	9	11
86	10	50
86	11	2
86	12	20
86	13	35
86	21	2
86	25	2
86	27	50
86	29	11
86	30	5
86	32	2
86	34	166
86	35	8
86	36	5
86	37	5
86	44	449
86	49	2
86	50	26
86	51	20
86	53	98
86	55	8
86	56	5
86	57	20
86	58	190
86	59	23
86	62	41
86	64	5
86	66	2
86	68	8
86	69	8
86	71	8
86	73	5
86	74	26
86	75	53
86	77	5
86	78	44
86	80	5
86	81	8
86	82	262
86	84	95
86	86	101
86	87	11
86	89	5
86	90	53
86	91	5
86	92	17
86	93	14
86	96	32
86	97	5
86	98	29
86	102	324
86	103	2
86	104	684
86	105	8
87	2	122
87	3	151
87	6	7
87	7	47
87	8	2
87	9	349
87	10	15
87	11	1039
87	12	157
87	13	1145
87	14	2
87	17	2
87	21	548
87	25	13
87	27	463
87	28	7
87	29	154
87	30	7
87	32	111
87	34	37
87	35	183
87	36	484
87	37	71
87	38	29
87	42	2
87	44	194
87	45	2
87	46	74
87	47	2
87	50	13
87	51	461
87	53	21
87	55	303
87	56	487
87	57	21
87	58	53
87	62	122
87	64	223
87	66	2
87	68	263
87	69	215
87	71	146
87	73	26
87	74	82
87	75	66
87	78	18
87	80	162
87	81	5
87	82	194
87	83	117
87	84	37
87	87	354
87	90	5
87	91	42
87	92	354
87	93	93
87	95	29
87	96	530
87	97	237
87	98	466
87	99	5
87	102	135
87	103	237
87	104	23
87	105	421
88	8	7
88	9	51
88	11	36
88	12	7
88	13	147
88	21	51
88	27	81
88	28	29
88	29	22
88	30	7
88	32	22
88	34	7
88	35	51
88	36	73
88	37	7
88	38	22
88	44	243
88	51	22
88	55	36
88	56	22
88	62	14
88	64	22
88	69	22
88	71	51
88	72	7
88	74	7
88	80	22
88	82	7
88	83	14
88	88	73
88	92	397
88	93	7
88	95	7
88	96	110
88	97	36
88	98	36
88	100	7
88	102	14
88	103	22
88	105	81
89	2	4
89	3	266
89	5	4
89	7	66
89	9	20
89	10	62
89	11	4
89	12	8
89	13	49
89	14	4
89	21	4
89	27	33
89	29	4
89	30	4
89	32	4
89	34	41
89	35	12
89	37	4
89	44	274
89	53	41
89	55	8
89	56	4
89	57	8
89	58	95
89	59	20
89	62	16
89	64	8
89	68	8
89	69	4
89	71	20
89	74	4
89	75	8
89	77	4
89	78	358
89	80	4
89	82	108
89	84	70
89	86	8
89	89	37
89	90	33
89	92	37
89	93	12
89	95	4
89	96	37
89	97	16
89	98	24
89	102	253
89	103	8
89	104	187
89	105	8
90	0	6
90	3	1554
90	7	646
90	9	61
90	10	92
90	11	15
90	12	58
90	13	141
90	14	18
90	21	27
90	27	113
90	29	33
90	30	6
90	32	27
90	34	446
90	35	73
90	36	24
90	37	12
90	38	24
90	44	1625
90	46	9
90	50	101
90	51	40
90	53	424
90	55	24
90	56	15
90	57	43
90	58	486
90	59	33
90	62	86
90	64	55
90	66	52
90	68	46
90	69	49
90	71	46
90	73	24
90	74	58
90	75	120
90	77	9
90	78	52
90	80	49
90	81	9
90	82	1292
90	83	21
90	84	215
90	86	6
90	87	9
90	89	6
90	90	1988
90	91	15
90	92	67
90	93	46
90	95	9
90	96	110
90	97	52
90	98	43
90	99	6
90	102	735
90	103	15
90	104	609
90	105	49
91	2	313
91	3	298
91	6	5
91	7	254
91	9	3129
91	10	17
91	11	411
91	12	849
91	13	2341
91	17	2
91	19	5
91	21	432
91	25	32
91	27	2172
91	28	5
91	29	568
91	30	23
91	32	728
91	34	44
91	35	230
91	36	432
91	37	38
91	38	5
91	42	5
91	44	565
91	46	118
91	50	35
91	51	313
91	53	251
91	55	467
91	56	281
91	57	59
91	58	201
91	59	14
91	62	905
91	64	793
91	66	2
91	68	757
91	69	820
91	71	858
91	73	115
91	74	831
91	75	106
91	77	8
91	78	14
91	80	689
91	81	11
91	82	719
91	83	171
91	84	50
91	85	2
91	87	82
91	90	23
91	91	971
91	92	242
91	93	1065
91	95	216
91	96	2507
91	97	1204
91	98	1643
91	101	2
91	102	145
91	103	648
91	104	29
91	105	547
92	2	280
92	3	962
92	4	2
92	6	45
92	7	320
92	8	58
92	9	1538
92	10	69
92	11	1209
92	12	414
92	13	3426
92	14	2
92	17	2
92	19	5
92	21	1115
92	22	2
92	23	72
92	25	16
92	27	1377
92	28	32
92	29	419
92	30	69
92	32	216
92	34	152
92	35	1481
92	36	850
92	37	98
92	38	922
92	40	2
92	42	21
92	44	2319
92	45	10
92	46	109
92	47	13
92	49	10
92	50	88
92	51	995
92	52	10
92	53	254
92	55	593
92	56	607
92	57	53
92	58	304
92	59	5
92	61	2
92	62	928
92	64	620
92	66	21
92	68	682
92	69	698
92	71	414
92	72	5
92	73	69
92	74	390
92	75	184
92	77	29
92	78	32
92	80	754
92	81	10
92	82	971
92	83	548
92	84	128
92	86	16
92	87	173
92	88	5
92	89	5
92	90	50
92	91	42
92	92	14292
92	93	256
92	95	88
92	96	1693
92	97	545
92	98	1024
92	99	66
92	102	633
92	103	444
92	104	125
92	105	1142
93	2	334
93	3	176
93	7	230
93	9	2758
93	10	21
93	11	310
93	12	808
93	13	2223
93	17	2
93	19	8
93	21	275
93	25	13
93	27	2102
93	28	10
93	29	500
93	30	8
93	32	506
93	34	53
93	35	238
93	36	409
93	37	13
93	38	13
93	42	2
93	44	417
93	45	2
93	46	139
93	50	29
93	51	299
93	53	171
93	55	444
93	56	233
93	57	37
93	58	99
93	62	768
93	64	731
93	66	16
93	68	699
93	69	763
93	70	2
93	71	902
93	73	104
93	74	538
93	75	131
93	77	10
93	78	8
93	80	704
93	81	2
93	82	616
93	83	163
93	84	45
93	87	64
93	90	13
93	91	318
93	92	166
93	93	1716
93	95	184
93	96	2523
93	97	1175
93	98	1486
93	102	115
93	103	648
93	104	26
93	105	546
94	3	2
94	7	1
94	10	2
94	11	1
94	12	2
94	13	5
94	27	10
94	29	1
94	35	1
94	47	2
94	51	1
94	58	2
94	64	1
94	68	4
94	69	1
94	71	1
94	78	1
94	80	4
94	82	2
94	90	1
94	91	1
94	92	5
94	93	1
94	97	1
94	98	4
94	103	1
94	104	1
94	105	4
95	2	145
95	3	96
95	7	122
95	8	2
95	9	1740
95	10	20
95	11	194
95	12	394
95	13	1106
95	21	142
95	27	745
95	28	7
95	29	187
95	30	2
95	32	285
95	34	12
95	35	98
95	36	135
95	37	12
95	38	5
95	44	215
95	46	46
95	50	12
95	51	158
95	53	31
95	55	270
95	56	122
95	57	18
95	58	70
95	59	5
95	62	444
95	64	296
95	68	303
95	69	363
95	71	296
95	73	12
95	74	498
95	75	31
95	77	2
95	78	5
95	80	257
95	82	223
95	83	31
95	84	12
95	86	2
95	87	46
95	90	5
95	91	54
95	92	137
95	93	215
95	95	205
95	96	1241
95	97	350
95	98	556
95	102	54
95	103	496
95	104	18
95	105	239
96	2	194
96	3	115
96	7	94
96	9	2111
96	10	10
96	11	309
96	12	401
96	13	1933
96	19	2
96	21	286
96	25	15
96	27	1778
96	28	2
96	29	399
96	30	2
96	32	341
96	34	39
96	35	131
96	36	296
96	37	42
96	38	10
96	44	307
96	45	5
96	46	86
96	50	36
96	51	265
96	53	136
96	55	396
96	56	128
96	57	10
96	58	107
96	59	2
96	62	501
96	64	651
96	66	13
96	68	506
96	69	546
96	71	530
96	72	2
96	73	36
96	74	378
96	75	65
96	78	7
96	80	375
96	81	2
96	82	449
96	83	76
96	84	23
96	86	5
96	87	73
96	90	15
96	91	65
96	92	152
96	93	388
96	95	133
96	96	2839
96	97	672
96	98	1050
96	99	5
96	102	105
96	103	593
96	104	10
96	105	393
97	2	201
97	3	345
97	6	2
97	7	253
97	8	2
97	9	2501
97	10	25
97	11	498
97	12	772
97	13	3720
97	14	5
97	17	5
97	19	14
97	21	420
97	23	5
97	25	66
97	26	2
97	27	4895
97	28	25
97	29	1239
97	30	8
97	32	403
97	34	57
97	35	308
97	36	455
97	37	63
97	38	23
97	42	2
97	44	550
97	46	181
97	50	103
97	51	414
97	53	152
97	55	417
97	56	236
97	57	25
97	58	172
97	59	2
97	62	1135
97	64	3973
97	65	2
97	66	5
97	68	1169
97	69	2377
97	71	950
97	73	155
97	74	999
97	75	118
97	77	5
97	78	8
97	80	2705
97	81	5
97	82	729
97	83	158
97	84	77
97	86	5
97	87	97
97	90	34
97	91	146
97	92	296
97	93	665
97	95	158
97	96	3489
97	97	4659
97	98	3230
97	99	2
97	100	2
97	102	239
97	103	636
97	104	80
97	105	1020
98	0	2
98	2	226
98	3	374
98	7	183
98	9	2913
98	10	25
98	11	454
98	12	578
98	13	4448
98	14	7
98	15	2
98	19	2
98	21	402
98	25	92
98	27	6685
98	28	42
98	29	2274
98	30	10
98	32	472
98	34	42
98	35	309
98	36	502
98	37	50
98	38	22
98	39	2
98	44	379
98	45	10
98	46	183
98	48	2
98	49	2
98	50	92
98	51	417
98	53	135
98	55	537
98	56	238
98	57	47
98	58	130
98	59	5
98	62	982
98	64	6680
98	65	5
98	66	10
98	68	1917
98	69	3951
98	71	907
98	72	5
98	73	128
98	74	794
98	75	92
98	77	15
98	78	15
98	80	3848
98	81	10
98	82	570
98	83	133
98	84	85
98	85	2
98	87	123
98	90	35
98	91	98
98	92	402
98	93	550
98	95	140
98	96	3501
98	97	2071
98	98	8033
98	99	5
98	102	233
98	103	537
98	104	55
98	105	1063
99	2	5
99	3	42
99	7	5
99	9	61
99	11	28
99	12	19
99	13	89
99	21	28
99	27	75
99	29	25
99	30	2
99	32	5
99	34	8
99	35	53
99	36	30
99	37	2
99	38	30
99	44	151
99	45	8
99	50	5
99	51	39
99	53	5
99	55	25
99	56	33
99	57	2
99	58	5
99	62	39
99	64	11
99	68	39
99	69	25
99	74	11
99	75	8
99	80	28
99	82	36
99	83	22
99	84	8
99	87	5
99	92	333
99	93	2
99	95	8
99	96	33
99	97	14
99	98	36
99	99	14
99	102	25
99	103	8
99	104	8
99	105	25
100	2	10
100	3	10
100	7	10
100	9	26
100	11	5
100	12	16
100	13	85
100	16	21
100	21	21
100	24	181
100	26	112
100	27	37
100	28	122
100	29	10
100	32	5
100	34	5
100	36	21
100	38	5
100	39	176
100	45	267
100	46	10
100	47	122
100	50	10
100	53	16
100	55	32
100	56	5
100	59	5
100	62	26
100	64	32
100	68	10
100	69	16
100	70	149
100	71	16
100	72	170
100	74	16
100	80	26
100	82	16
100	85	122
100	92	16
100	93	21
100	96	37
100	97	21
100	98	26
100	100	219
100	102	5
100	103	5
100	105	48
101	3	67
101	11	33
101	12	33
101	13	67
101	21	16
101	25	16
101	27	50
101	29	16
101	32	16
101	37	16
101	51	33
101	53	16
101	55	33
101	56	16
101	57	16
101	62	16
101	64	33
101	68	16
101	69	33
101	71	16
101	80	16
101	82	50
101	84	16
101	87	16
101	92	33
101	93	16
101	96	33
101	97	16
101	98	33
101	102	16
101	103	16
101	104	16
101	105	67
102	0	6
102	2	67
102	3	7315
102	5	3
102	7	1473
102	9	339
102	10	852
102	11	192
102	12	265
102	13	697
102	14	42
102	21	189
102	25	6
102	27	541
102	29	152
102	30	55
102	32	110
102	34	856
102	35	321
102	36	119
102	37	9
102	38	91
102	40	12
102	44	5102
102	46	27
102	50	140
102	51	461
102	53	917
102	55	128
102	56	88
102	57	162
102	58	2176
102	59	88
102	61	15
102	62	369
102	64	134
102	66	171
102	67	3
102	68	195
102	69	247
102	71	238
102	72	3
102	73	70
102	74	217
102	75	550
102	77	67
102	78	204
102	79	3
102	80	192
102	81	15
102	82	3454
102	83	88
102	84	1339
102	86	30
102	87	30
102	89	24
102	90	186
102	91	42
102	92	431
102	93	119
102	95	36
102	96	620
102	97	275
102	98	443
102	99	3
102	102	5236
102	103	146
102	104	1317
102	105	134
103	2	256
103	3	160
103	7	170
103	9	3446
103	10	18
103	11	473
103	12	559
103	13	1846
103	14	3
103	19	3
103	21	278
103	25	18
103	27	1392
103	28	3
103	29	281
103	30	12
103	32	723
103	34	27
103	35	194
103	36	293
103	37	30
103	38	6
103	44	228
103	46	102
103	50	21
103	51	334
103	53	92
103	55	525
103	56	238
103	57	52
103	58	102
103	62	726
103	64	498
103	66	12
103	68	618
103	69	550
103	71	433
103	72	3
103	73	86
103	74	590
103	75	105
103	77	3
103	78	3
103	80	590
103	81	9
103	82	414
103	83	120
103	84	18
103	87	80
103	90	9
103	91	167
103	92	176
103	93	395
103	95	98
103	96	2310
103	97	544
103	98	968
103	102	167
103	103	1413
103	104	43
103	105	420
104	0	3
104	2	26
104	3	2710
104	7	682
104	9	94
104	10	274
104	11	26
104	12	81
104	13	235
104	14	32
104	21	52
104	27	209
104	29	45
104	30	22
104	32	32
104	34	764
104	35	169
104	36	81
104	37	9
104	38	13
104	44	2142
104	46	9
104	50	117
104	51	88
104	53	398
104	55	55
104	56	32
104	57	58
104	58	956
104	59	195
104	61	3
104	62	195
104	63	6
104	64	45
104	66	52
104	68	91
104	69	101
104	71	68
104	73	48
104	74	68
104	75	218
104	77	19
104	78	137
104	80	71
104	81	22
104	82	1645
104	83	22
104	84	493
104	86	78
104	87	6
104	89	29
104	90	205
104	91	16
104	92	120
104	93	45
104	95	16
104	96	133
104	97	91
104	98	160
104	102	1688
104	103	32
104	104	3213
104	105	68
105	0	2
105	2	353
105	3	405
105	6	10
105	7	209
105	8	5
105	9	2988
105	10	41
105	11	617
105	12	658
105	13	10131
105	17	2
105	19	5
105	21	759
105	22	5
105	24	7
105	25	90
105	27	3285
105	28	245
105	29	1025
105	30	28
105	32	477
105	34	108
105	35	604
105	36	1645
105	37	59
105	38	92
105	42	2
105	44	751
105	45	51
105	46	322
105	47	25
105	48	2
105	50	92
105	51	692
105	53	198
105	55	870
105	56	405
105	57	46
105	58	209
105	59	5
105	62	1441
105	64	2799
105	66	18
105	68	1805
105	69	1637
105	70	2
105	71	829
105	72	5
105	73	152
105	74	929
105	75	136
105	77	15
105	78	15
105	80	1128
105	81	5
105	82	681
105	83	247
105	84	95
105	86	7
105	87	167
105	89	2
105	90	25
105	91	92
105	92	1066
105	93	400
105	95	147
105	96	2760
105	97	1082
105	98	2551
105	101	5
105	102	327
105	103	513
105	104	74
105	105	11753
