72	3972
0	0	1626
0	1	324
0	2	5
0	3	5
0	5	97
0	6	433
0	7	463
0	8	63
0	9	22
0	10	258
0	12	533
0	13	152
0	14	213
0	16	247
0	17	1093
0	18	13
0	19	19
0	20	11
0	21	1590
0	22	80
0	23	2
0	24	266
0	25	219
0	26	138
0	27	5
0	28	277
0	29	657
0	30	1049
0	31	2
0	32	1390
0	35	363
0	36	327
0	37	27
0	38	11
0	39	2
0	40	63
0	41	416
0	42	394
0	43	13
0	44	5
0	45	33
0	46	669
0	47	41
0	48	130
0	49	13
0	50	585
0	51	1374
0	52	371
0	53	241
0	54	22
0	55	210
0	56	124
0	61	316
0	64	141
0	65	352
0	66	277
0	67	788
0	68	2
0	69	607
0	70	141
0	71	1407
1	0	183
1	1	929
1	3	8
1	4	8
1	5	35
1	6	171
1	7	203
1	8	44
1	9	20
1	10	111
1	12	209
1	13	104
1	14	127
1	16	102
1	17	178
1	18	42
1	19	8
1	20	11
1	21	511
1	22	49
1	24	60
1	25	29
1	26	60
1	27	15
1	28	89
1	29	263
1	30	571
1	32	770
1	35	96
1	36	163
1	37	109
1	38	20
1	39	2
1	40	31
1	41	1324
1	42	196
1	43	13
1	45	6
1	46	1203
1	47	53
1	48	49
1	49	31
1	50	370
1	51	625
1	52	131
1	53	424
1	54	11
1	55	131
1	56	37
1	57	2
1	60	2
1	61	84
1	64	98
1	65	116
1	66	84
1	67	236
1	69	276
1	70	46
1	71	627
2	0	30
2	1	13
2	2	724
2	5	8
2	6	30
2	7	186
2	8	62
2	9	117
2	10	32
2	11	82
2	12	32
2	13	2
2	14	21
2	16	8
2	17	32
2	19	32
2	20	2
2	21	106
2	22	46
2	23	21
2	24	21
2	25	2
2	26	1770
2	28	27
2	29	54
2	30	98
2	31	79
2	32	300
2	35	19
2	36	82
2	37	2
2	39	24
2	40	38
2	41	24
2	42	46
2	43	51
2	45	103
2	46	43
2	47	5
2	48	24
2	50	35
2	51	51
2	52	43
2	53	19
2	54	2
2	55	84
2	56	19
2	59	51
2	60	109
2	61	30
2	63	19
2	64	142
2	65	131
2	66	35
2	67	243
2	68	60
2	69	125
2	70	186
2	71	68
3	0	50
3	1	73
3	3	29
3	4	2
3	5	11
3	6	56
3	7	41
3	8	11
3	9	8
3	10	32
3	12	47
3	13	53
3	14	29
3	16	5
3	17	59
3	18	2
3	19	5
3	20	2
3	21	59
3	23	2
3	24	14
3	26	14
3	28	17
3	29	73
3	30	141
3	32	186
3	35	8
3	36	17
3	37	11
3	38	56
3	40	8
3	41	91
3	42	23
3	43	2
3	45	2
3	46	289
3	47	8
3	48	14
3	49	2
3	50	62
3	51	171
3	52	26
3	53	26
3	54	2
3	55	26
3	56	23
3	61	26
3	62	11
3	64	17
3	65	17
3	66	23
3	67	59
3	69	47
3	70	2
3	71	159
4	0	35
4	1	128
4	3	2
4	4	479
4	5	2
4	6	35
4	7	33
4	8	10
4	10	48
4	12	38
4	13	48
4	14	41
4	15	53
4	16	17
4	17	48
4	18	199
4	20	38
4	21	123
4	22	5
4	24	17
4	25	7
4	26	12
4	27	5
4	28	20
4	29	33
4	30	133
4	32	133
4	33	12
4	35	28
4	36	20
4	37	192
4	38	5
4	39	2
4	40	7
4	41	287
4	42	38
4	43	2
4	45	2
4	46	217
4	47	69
4	48	17
4	49	2
4	50	82
4	51	105
4	52	17
4	53	43
4	55	30
4	56	10
4	61	33
4	64	28
4	65	28
4	66	7
4	67	69
4	69	53
4	70	10
4	71	169
5	0	268
5	1	89
5	5	447
5	6	93
5	7	182
5	8	81
5	9	11
5	10	237
5	12	178
5	13	23
5	14	221
5	16	260
5	17	233
5	19	3
5	20	7
5	21	711
5	22	66
5	24	159
5	25	69
5	26	77
5	28	186
5	29	202
5	30	933
5	32	754
5	35	229
5	36	388
5	37	15
5	38	3
5	39	3
5	40	19
5	41	128
5	42	369
5	43	7
5	45	7
5	46	213
5	47	7
5	48	38
5	49	11
5	50	120
5	51	260
5	52	513
5	53	108
5	54	7
5	55	206
5	56	54
5	61	349
5	64	89
5	65	190
5	66	233
5	67	322
5	69	349
5	70	101
5	71	1267
6	0	439
6	1	328
6	2	14
6	3	12
6	4	12
6	5	112
6	6	3539
6	7	865
6	8	66
6	9	24
6	10	370
6	12	439
6	13	497
6	14	233
6	16	235
6	17	826
6	18	12
6	19	93
6	20	14
6	21	2257
6	22	162
6	23	2
6	24	218
6	25	106
6	26	395
6	27	14
6	28	245
6	29	2478
6	30	1540
6	31	8
6	32	3970
6	35	201
6	36	499
6	37	24
6	39	8
6	40	183
6	41	499
6	42	570
6	43	27
6	44	16
6	45	37
6	46	1192
6	47	29
6	48	491
6	49	4
6	50	453
6	51	1415
6	52	297
6	53	272
6	54	87
6	55	437
6	56	156
6	59	2
6	60	2
6	61	285
6	62	2
6	64	316
6	65	539
6	66	274
6	67	940
6	68	2
6	69	1009
6	70	154
6	71	1875
7	0	155
7	1	131
7	2	7
7	3	5
7	4	5
7	5	120
7	6	265
7	7	1694
7	8	107
7	9	91
7	10	225
7	12	220
7	13	44
7	14	286
7	16	231
7	17	225
7	18	10
7	19	57
7	20	13
7	21	940
7	22	168
7	23	13
7	24	84
7	25	31
7	26	454
7	27	5
7	28	283
7	29	438
7	30	1016
7	31	5
7	32	3005
7	35	128
7	36	422
7	37	15
7	38	2
7	39	23
7	40	265
7	41	155
7	42	751
7	43	44
7	45	23
7	46	307
7	47	21
7	48	118
7	49	2
7	50	260
7	51	425
7	52	278
7	53	99
7	54	21
7	55	835
7	56	281
7	59	2
7	61	186
7	64	412
7	65	1077
7	66	404
7	67	1258
7	69	1258
7	70	310
7	71	1113
8	0	40
8	1	17
8	3	2
8	5	2
8	6	17
8	7	80
8	8	973
8	9	129
8	10	40
8	12	23
8	13	5
8	14	69
8	16	57
8	17	66
8	18	5
8	19	14
8	20	2
8	21	155
8	22	158
8	23	14
8	24	2
8	25	17
8	26	218
8	28	34
8	29	63
8	30	115
8	31	2
8	32	233
8	35	28
8	36	40
8	39	146
8	40	5
8	41	23
8	42	83
8	43	593
8	45	273
8	46	60
8	48	14
8	50	28
8	51	72
8	52	83
8	53	17
8	54	5
8	55	25
8	56	43
8	61	48
8	64	161
8	65	37
8	66	89
8	67	167
8	68	8
8	69	184
8	70	1011
8	71	158
9	0	41
9	1	36
9	2	41
9	4	5
9	5	10
9	6	47
9	7	198
9	8	227
9	9	444
9	10	28
9	12	39
9	13	15
9	14	39
9	16	49
9	17	39
9	19	10
9	20	2
9	21	169
9	22	104
9	23	54
9	24	20
9	25	5
9	26	800
9	28	52
9	29	78
9	30	130
9	31	10
9	32	420
9	35	28
9	36	117
9	37	2
9	39	52
9	40	28
9	41	18
9	42	67
9	43	109
9	45	313
9	46	31
9	47	2
9	48	41
9	49	2
9	50	23
9	51	73
9	52	26
9	53	20
9	54	5
9	55	49
9	56	62
9	59	5
9	60	31
9	61	49
9	64	392
9	65	138
9	66	75
9	67	392
9	68	39
9	69	167
9	70	609
9	71	109
10	0	200
10	1	92
10	3	2
10	4	8
10	5	113
10	6	137
10	7	227
10	8	104
10	9	17
10	10	658
10	12	272
10	13	26
10	14	365
10	16	260
10	17	140
10	18	17
10	19	14
10	20	2
10	21	559
10	22	62
10	23	2
10	24	116
10	25	44
10	26	68
10	28	413
10	29	167
10	30	1044
10	32	664
10	33	2
10	35	212
10	36	296
10	37	2
10	39	2
10	40	41
10	41	113
10	42	532
10	43	20
10	45	5
10	46	140
10	47	20
10	48	41
10	49	8
10	50	116
10	51	347
10	52	326
10	53	131
10	54	8
10	55	131
10	56	128
10	61	206
10	64	128
10	65	218
10	66	194
10	67	293
10	68	5
10	69	323
10	70	83
10	71	1643
11	0	2
11	1	5
11	2	160
11	5	2
11	6	8
11	7	59
11	8	32
11	9	35
11	10	8
11	11	50
11	12	26
11	14	5
11	16	2
11	17	2
11	21	20
11	22	8
11	24	11
11	26	487
11	28	8
11	29	17
11	30	29
11	31	11
11	32	68
11	35	2
11	36	23
11	39	2
11	41	8
11	42	14
11	43	8
11	45	35
11	46	2
11	48	8
11	50	2
11	51	23
11	52	20
11	53	2
11	55	5
11	56	14
11	59	41
11	60	53
11	61	2
11	63	5
11	64	26
11	65	26
11	66	11
11	67	62
11	68	20
11	69	32
11	70	38
11	71	17
12	0	670
12	1	288
12	2	12
12	3	9
12	5	81
12	6	254
12	7	312
12	8	51
12	9	21
12	10	248
12	12	649
12	13	103
12	14	136
12	16	227
12	17	433
12	18	6
12	19	21
12	20	6
12	21	819
12	22	63
12	23	3
12	24	169
12	25	66
12	26	100
12	27	3
12	28	157
12	29	251
12	30	919
12	32	986
12	35	364
12	36	254
12	37	33
12	38	3
12	40	78
12	41	315
12	42	236
12	43	15
12	45	12
12	46	640
12	47	45
12	48	33
12	49	3
12	50	634
12	51	1086
12	52	230
12	53	327
12	54	6
12	55	109
12	56	124
12	60	3
12	61	248
12	64	139
12	65	239
12	66	194
12	67	524
12	68	3
12	69	364
12	70	136
12	71	1210
13	0	266
13	1	147
13	3	22
13	4	9
13	5	27
13	6	416
13	7	172
13	8	19
13	9	29
13	10	106
13	12	130
13	13	964
13	14	64
13	16	39
13	17	231
13	18	7
13	19	24
13	20	12
13	21	473
13	22	44
13	24	24
13	25	19
13	26	83
13	27	9
13	28	66
13	29	419
13	30	424
13	32	764
13	35	73
13	36	133
13	37	19
13	39	2
13	40	44
13	41	221
13	42	172
13	43	2
13	44	27
13	46	517
13	47	12
13	48	61
13	50	175
13	51	725
13	52	61
13	53	128
13	54	17
13	55	135
13	56	32
13	57	4
13	59	2
13	60	2
13	61	73
13	64	78
13	65	101
13	66	59
13	67	229
13	68	2
13	69	165
13	70	59
13	71	564
14	0	213
14	1	93
14	2	5
14	3	5
14	5	163
14	6	128
14	7	374
14	8	116
14	9	20
14	10	497
14	12	254
14	13	46
14	14	742
14	16	353
14	17	137
14	18	8
14	19	5
14	20	11
14	21	575
14	22	99
14	24	67
14	25	43
14	26	90
14	27	2
14	28	429
14	29	210
14	30	1254
14	32	1090
14	35	172
14	36	271
14	37	20
14	39	5
14	40	87
14	41	163
14	42	611
14	43	26
14	45	17
14	46	195
14	47	29
14	48	35
14	50	160
14	51	339
14	52	464
14	53	131
14	54	2
14	55	353
14	56	102
14	60	5
14	61	271
14	64	163
14	65	388
14	66	163
14	67	459
14	68	2
14	69	432
14	70	90
14	71	1827
15	0	24
15	1	52
15	4	151
15	6	10
15	7	21
15	8	7
15	10	17
15	12	24
15	13	17
15	14	17
15	15	3
15	16	3
15	17	14
15	18	45
15	20	17
15	21	38
15	22	3
15	24	7
15	26	3
15	28	3
15	29	24
15	30	52
15	32	49
15	35	10
15	37	66
15	38	7
15	40	7
15	41	77
15	42	10
15	43	3
15	44	3
15	46	35
15	47	14
15	48	3
15	50	28
15	51	35
15	52	14
15	53	10
15	55	10
15	56	3
15	61	14
15	64	10
15	65	3
15	66	10
15	67	24
15	69	14
15	71	49
16	0	276
16	1	205
16	3	5
16	5	205
16	6	218
16	7	625
16	8	104
16	9	33
16	10	471
16	11	2
16	12	521
16	13	44
16	14	555
16	15	2
16	16	1149
16	17	179
16	18	23
16	19	15
16	20	23
16	21	1006
16	22	208
16	23	2
16	24	161
16	25	70
16	26	114
16	28	500
16	29	417
16	30	1829
16	32	2152
16	35	294
16	36	721
16	37	20
16	38	5
16	39	10
16	40	99
16	41	203
16	42	807
16	43	39
16	44	2
16	45	10
16	46	317
16	47	41
16	48	70
16	49	7
16	50	271
16	51	469
16	52	547
16	53	166
16	54	10
16	55	401
16	56	273
16	60	2
16	61	409
16	64	187
16	65	508
16	66	596
16	67	1006
16	69	920
16	70	138
16	71	2739
17	0	656
17	1	385
17	3	6
17	4	13
17	5	97
17	6	693
17	7	728
17	8	69
17	9	11
17	10	273
17	12	410
17	13	246
17	14	218
17	16	213
17	17	1891
17	18	20
17	19	44
17	20	6
17	21	2051
17	22	132
17	23	4
17	24	148
17	25	90
17	26	185
17	27	6
17	28	227
17	29	1336
17	30	1155
17	31	6
17	32	2290
17	35	239
17	36	385
17	37	32
17	39	4
17	40	88
17	41	380
17	42	494
17	43	30
17	44	2
17	45	34
17	46	847
17	47	39
17	48	176
17	49	9
17	50	389
17	51	1459
17	52	299
17	53	241
17	54	18
17	55	276
17	56	155
17	57	2
17	61	241
17	64	178
17	65	494
17	66	278
17	67	758
17	68	6
17	69	635
17	70	139
17	71	1455
18	0	140
18	1	264
18	2	2
18	3	4
18	4	140
18	5	31
18	6	71
18	7	95
18	8	6
18	9	13
18	10	73
18	12	151
18	13	84
18	14	75
18	15	20
18	16	51
18	17	109
18	18	1044
18	19	6
18	20	26
18	21	293
18	22	37
18	23	4
18	24	37
18	25	8
18	26	33
18	27	53
18	28	46
18	29	122
18	30	327
18	32	367
18	35	53
18	36	93
18	37	209
18	38	17
18	39	2
18	40	33
18	41	1166
18	42	82
18	43	13
18	45	13
18	46	661
18	47	100
18	48	26
18	49	24
18	50	169
18	51	358
18	52	84
18	53	126
18	54	2
18	55	102
18	56	20
18	59	2
18	61	82
18	62	2
18	64	73
18	65	55
18	66	55
18	67	180
18	68	4
18	69	111
18	70	26
18	71	411
19	0	57
19	1	66
19	2	6
19	5	25
19	6	177
19	7	343
19	8	9
19	9	16
19	10	66
19	12	64
19	13	41
19	14	62
19	16	50
19	17	73
19	18	4
19	19	348
19	21	401
19	22	46
19	24	32
19	25	9
19	26	313
19	28	76
19	29	198
19	30	385
19	31	9
19	32	1413
19	35	36
19	36	138
19	37	2
19	38	4
19	39	6
19	40	348
19	41	57
19	42	133
19	43	9
19	44	4
19	45	11
19	46	122
19	47	9
19	48	654
19	49	4
19	50	36
19	51	163
19	52	96
19	53	32
19	54	9
19	55	177
19	56	80
19	60	2
19	61	73
19	64	92
19	65	184
19	66	96
19	67	366
19	68	2
19	69	389
19	70	57
19	71	281
20	0	53
20	1	59
20	4	112
20	5	17
20	6	41
20	7	29
20	8	11
20	9	5
20	10	17
20	12	11
20	13	5
20	14	47
20	15	71
20	16	17
20	17	53
20	18	76
20	19	5
20	20	183
20	21	94
20	22	17
20	24	5
20	25	5
20	26	35
20	27	5
20	28	41
20	29	41
20	30	76
20	32	159
20	35	35
20	36	11
20	37	76
20	38	5
20	39	11
20	41	254
20	42	41
20	45	17
20	46	236
20	47	11
20	50	47
20	51	112
20	52	35
20	53	35
20	55	71
20	56	5
20	61	11
20	64	23
20	65	11
20	66	53
20	67	82
20	68	5
20	69	35
20	70	35
20	71	159
21	0	712
21	1	360
21	2	6
21	3	10
21	4	8
21	5	150
21	6	971
21	7	1013
21	8	76
21	9	42
21	10	447
21	12	572
21	13	207
21	14	349
21	15	2
21	16	421
21	17	1392
21	18	31
21	19	67
21	20	8
21	21	4159
21	22	190
21	23	6
21	24	239
21	25	99
21	26	243
21	27	12
21	28	262
21	29	1448
21	30	1441
21	31	2
21	32	4261
21	35	301
21	36	625
21	37	61
21	38	10
21	39	16
21	40	186
21	41	470
21	42	735
21	43	40
21	44	10
21	45	44
21	46	975
21	47	65
21	48	271
21	49	12
21	50	502
21	51	1219
21	52	496
21	53	309
21	54	63
21	55	443
21	56	248
21	57	4
21	60	4
21	61	612
21	62	6
21	63	2
21	64	205
21	65	788
21	66	385
21	67	1418
21	68	4
21	69	1373
21	70	245
21	71	1997
22	0	237
22	1	119
22	2	4
22	3	9
22	5	110
22	6	196
22	7	685
22	8	477
22	9	162
22	10	194
22	12	280
22	13	42
22	14	217
22	16	237
22	17	174
22	18	2
22	19	22
22	20	6
22	21	644
22	22	3635
22	23	40
22	24	92
22	25	33
22	26	330
22	27	6
22	28	291
22	29	230
22	30	940
22	31	4
22	32	1544
22	35	106
22	36	723
22	37	13
22	39	88
22	40	72
22	41	140
22	42	296
22	43	169
22	45	165
22	46	246
22	47	29
22	48	72
22	49	6
22	50	158
22	51	316
22	52	228
22	53	88
22	54	6
22	55	232
22	56	232
22	60	11
22	61	135
22	64	518
22	65	450
22	66	434
22	67	1651
22	68	4
22	69	730
22	70	990
22	71	1072
23	0	21
23	1	10
23	2	24
23	5	13
23	6	26
23	7	110
23	8	301
23	9	185
23	10	75
23	11	2
23	12	26
23	13	10
23	14	53
23	16	24
23	17	40
23	18	2
23	19	5
23	21	102
23	22	113
23	23	530
23	24	18
23	26	444
23	27	2
23	28	29
23	29	67
23	30	110
23	31	8
23	32	226
23	35	37
23	36	72
23	39	83
23	40	13
23	41	18
23	42	61
23	43	258
23	45	565
23	46	45
23	47	8
23	48	16
23	50	32
23	51	72
23	52	37
23	53	18
23	54	2
23	55	37
23	56	35
23	59	8
23	60	59
23	61	35
23	64	199
23	65	61
23	66	45
23	67	306
23	68	210
23	69	126
23	70	584
23	71	148
24	0	779
24	1	243
24	2	3
24	3	3
24	5	250
24	6	285
24	7	525
24	8	187
24	9	10
24	10	361
24	12	347
24	13	48
24	14	403
24	15	3
24	16	469
24	17	678
24	18	13
24	19	27
24	20	10
24	21	2309
24	22	135
24	24	716
24	25	229
24	26	149
24	28	295
24	29	469
24	30	1561
24	32	1847
24	35	507
24	36	497
24	37	31
24	39	3
24	40	80
24	41	306
24	42	699
24	43	41
24	45	17
24	46	413
24	47	48
24	48	86
24	49	3
24	50	309
24	51	758
24	52	688
24	53	274
24	54	10
24	55	222
24	56	153
24	59	3
24	61	775
24	64	191
24	65	354
24	66	448
24	67	671
24	69	626
24	70	205
24	71	1808
25	0	639
25	1	150
25	2	3
25	3	6
25	5	58
25	6	202
25	7	267
25	8	55
25	9	9
25	10	140
25	12	192
25	13	48
25	14	130
25	16	143
25	17	509
25	18	6
25	20	3
25	21	988
25	22	45
25	24	254
25	25	375
25	26	68
25	27	3
25	28	110
25	29	293
25	30	561
25	32	740
25	35	185
25	36	280
25	37	29
25	40	22
25	41	185
25	42	270
25	43	19
25	45	9
25	46	215
25	47	22
25	48	68
25	49	6
25	50	179
25	51	495
25	52	234
25	53	143
25	55	94
25	56	61
25	61	189
25	64	55
25	65	150
25	66	156
25	67	365
25	68	3
25	69	306
25	70	97
25	71	776
26	0	363
26	1	169
26	2	863
26	3	10
26	4	2
26	5	126
26	6	588
26	7	1803
26	8	565
26	9	760
26	10	298
26	11	85
26	12	343
26	13	93
26	14	257
26	16	300
26	17	467
26	18	2
26	19	308
26	20	12
26	21	1646
26	22	388
26	23	70
26	24	164
26	25	35
26	26	16243
26	28	303
26	29	669
26	30	1073
26	31	517
26	32	4364
26	35	219
26	36	818
26	37	32
26	38	10
26	39	128
26	40	681
26	41	176
26	42	487
26	43	255
26	45	388
26	46	371
26	47	12
26	48	522
26	50	181
26	51	618
26	52	371
26	53	95
26	54	30
26	55	628
26	56	330
26	59	85
26	60	161
26	61	320
26	62	2
26	63	5
26	64	1598
26	65	1641
26	66	479
26	67	2429
26	68	101
26	69	1538
26	70	1957
26	71	1076
27	0	28
27	1	91
27	2	4
27	3	4
27	4	9
27	5	9
27	6	45
27	7	43
27	8	2
27	9	4
27	10	31
27	12	28
27	13	45
27	14	24
27	16	19
27	17	48
27	18	33
27	20	2
27	21	125
27	22	16
27	24	19
27	25	12
27	26	16
27	27	77
27	28	21
27	29	60
27	30	161
27	32	171
27	35	41
27	36	28
27	37	21
27	38	21
27	39	2
27	40	12
27	41	504
27	42	57
27	43	2
27	45	9
27	46	369
27	47	2
27	48	7
27	49	14
27	50	74
27	51	137
27	52	26
27	53	60
27	55	38
27	56	14
27	61	24
27	64	31
27	65	12
27	66	21
27	67	74
27	69	65
27	70	16
27	71	183
28	0	590
28	1	288
28	2	6
28	3	3
28	4	10
28	5	251
28	6	264
28	7	570
28	8	210
28	9	40
28	10	875
28	11	3
28	12	458
28	13	78
28	14	990
28	15	6
28	16	553
28	17	339
28	18	20
28	19	16
28	20	10
28	21	1462
28	22	179
28	23	6
28	24	257
28	25	84
28	26	196
28	28	1384
28	29	434
28	30	1859
28	31	3
28	32	1472
28	33	3
28	35	437
28	36	845
28	37	23
28	39	20
28	40	71
28	41	268
28	42	814
28	43	50
28	45	20
28	46	410
28	47	101
28	48	74
28	49	3
28	50	315
28	51	675
28	52	576
28	53	257
28	54	16
28	55	349
28	56	247
28	61	397
28	64	281
28	65	424
28	66	519
28	67	834
28	68	6
28	69	688
28	70	244
28	71	2548
29	0	455
29	1	278
29	2	2
29	3	9
29	4	6
29	5	88
29	6	1582
29	7	761
29	8	56
29	9	18
29	10	215
29	11	2
29	12	414
29	13	328
29	14	217
29	15	2
29	16	208
29	17	1083
29	18	11
29	19	54
29	20	4
29	21	2155
29	22	140
29	23	2
29	24	129
29	25	77
29	26	197
29	27	2
29	28	181
29	29	2579
29	30	1008
29	31	6
29	32	2765
29	35	194
29	36	428
29	37	40
29	38	11
29	39	11
29	40	176
29	41	358
29	42	410
29	43	33
29	44	9
29	45	18
29	46	781
29	47	29
29	48	367
29	49	6
29	50	392
29	51	979
29	52	308
29	53	197
29	54	47
29	55	324
29	56	154
29	57	2
29	59	2
29	60	4
29	61	233
29	64	185
29	65	494
29	66	262
29	67	893
29	68	4
29	69	840
29	70	188
29	71	1301
30	0	28
30	1	16
30	5	4
30	6	7
30	7	37
30	8	7
30	10	32
30	12	28
30	14	30
30	16	23
30	17	39
30	21	65
30	22	4
30	24	14
30	25	9
30	26	11
30	28	18
30	29	44
30	30	213
30	32	100
30	35	42
30	36	23
30	37	2
30	40	9
30	41	16
30	42	72
30	43	9
30	46	49
30	48	4
30	50	51
30	51	35
30	52	51
30	53	7
30	55	21
30	56	14
30	61	63
30	64	7
30	65	32
30	66	30
30	67	44
30	69	44
30	70	7
30	71	237
31	0	46
31	1	12
31	2	80
31	5	6
31	6	49
31	7	154
31	8	67
31	9	77
31	10	43
31	11	18
31	12	18
31	13	3
31	14	15
31	16	43
31	17	71
31	18	6
31	19	52
31	21	185
31	22	37
31	23	9
31	24	12
31	25	6
31	26	1436
31	28	46
31	29	61
31	30	83
31	31	494
31	32	389
31	35	3
31	36	83
31	38	3
31	39	21
31	40	64
31	41	24
31	42	77
31	43	12
31	45	33
31	46	27
31	48	64
31	50	6
31	51	58
31	52	40
31	53	9
31	54	3
31	55	52
31	56	18
31	59	18
31	60	9
31	61	37
31	63	9
31	64	101
31	65	114
31	66	58
31	67	228
31	68	18
31	69	129
31	70	126
31	71	55
32	0	459
32	1	302
32	2	26
32	3	4
32	4	2
32	5	302
32	6	1134
32	7	2271
32	8	173
32	9	142
32	10	655
32	12	712
32	13	152
32	14	662
32	16	600
32	17	683
32	18	16
32	19	255
32	20	14
32	21	2735
32	22	450
32	23	16
32	24	181
32	25	107
32	26	917
32	28	652
32	29	1398
32	30	2914
32	31	14
32	32	12409
32	35	328
32	36	886
32	37	28
32	38	7
32	39	45
32	40	862
32	41	381
32	42	1627
32	43	85
32	44	2
32	45	66
32	46	815
32	47	59
32	48	1008
32	49	2
32	50	533
32	51	1122
32	52	679
32	53	264
32	54	42
32	55	1754
32	56	612
32	60	14
32	61	667
32	64	714
32	65	1546
32	66	710
32	67	1968
32	68	4
32	69	2843
32	70	524
32	71	2969
33	0	9
33	1	19
33	2	3
33	4	26
33	6	3
33	10	3
33	12	3
33	14	3
33	16	3
33	17	6
33	18	9
33	20	3
33	21	16
33	24	3
33	29	3
33	30	16
33	31	3
33	32	16
33	33	6
33	35	9
33	36	3
33	37	26
33	41	23
33	42	3
33	43	3
33	46	23
33	47	16
33	49	3
33	50	6
33	51	13
33	53	9
33	55	3
33	56	13
33	64	3
33	65	3
33	66	9
33	67	6
33	71	3
34	1	6
34	6	2
34	18	8
34	20	2
34	21	6
34	29	2
34	30	10
34	32	2
34	36	2
34	37	2
34	41	12
34	46	6
34	47	8
34	50	4
34	51	6
34	71	6
35	0	259
35	1	96
35	4	6
35	5	115
35	6	59
35	7	175
35	8	40
35	9	12
35	10	153
35	12	246
35	13	37
35	14	134
35	16	140
35	17	228
35	18	6
35	19	15
35	20	3
35	21	597
35	22	28
35	24	146
35	25	56
35	26	50
35	28	131
35	29	134
35	30	806
35	31	3
35	32	431
35	33	3
35	35	343
35	36	240
35	37	6
35	40	15
35	41	109
35	42	284
35	43	9
35	45	6
35	46	178
35	47	6
35	48	6
35	50	209
35	51	303
35	52	259
35	53	90
35	55	140
35	56	68
35	61	175
35	64	56
35	65	131
35	66	190
35	67	281
35	69	240
35	70	68
35	71	1147
36	0	551
36	1	267
36	2	6
36	4	3
36	5	137
36	6	200
36	7	624
36	8	190
36	9	30
36	10	564
36	11	3
36	12	441
36	13	53
36	14	487
36	16	898
36	17	347
36	18	13
36	19	13
36	20	13
36	21	1313
36	22	243
36	24	243
36	25	86
36	26	180
36	28	594
36	29	404
36	30	1293
36	32	1637
36	33	3
36	35	434
36	36	1730
36	37	26
36	38	3
36	39	3
36	40	130
36	41	250
36	42	715
36	43	53
36	45	33
36	46	431
36	47	43
36	48	70
36	49	6
36	50	280
36	51	658
36	52	447
36	53	260
36	54	3
36	55	274
36	56	310
36	59	3
36	61	437
36	64	307
36	65	344
36	66	832
36	67	1630
36	68	10
36	69	882
36	70	274
36	71	1811
37	0	124
37	1	464
37	2	7
37	3	2
37	4	121
37	5	29
37	6	92
37	7	158
37	8	50
37	9	7
37	10	116
37	12	110
37	13	108
37	14	103
37	15	13
37	16	103
37	17	150
37	18	198
37	19	10
37	20	39
37	21	332
37	22	42
37	23	2
37	24	47
37	25	5
37	26	39
37	27	21
37	28	134
37	29	198
37	30	462
37	31	2
37	32	512
37	33	23
37	35	76
37	36	153
37	37	1349
37	38	5
37	39	2
37	40	18
37	41	839
37	42	113
37	43	7
37	45	10
37	46	641
37	47	486
37	48	18
37	49	95
37	50	171
37	51	314
37	52	100
37	53	179
37	55	113
37	56	26
37	57	2
37	60	2
37	61	52
37	64	76
37	65	73
37	66	68
37	67	243
37	68	2
37	69	224
37	70	47
37	71	499
38	0	45
38	1	56
38	2	2
38	3	15
38	4	2
38	5	15
38	6	28
38	7	22
38	8	5
38	9	5
38	10	22
38	12	22
38	13	48
38	14	10
38	15	5
38	16	15
38	17	45
38	18	5
38	19	10
38	20	10
38	21	71
38	22	5
38	24	7
38	25	5
38	26	22
38	27	25
38	28	25
38	29	53
38	30	114
38	32	124
38	35	22
38	36	17
38	37	28
38	38	63
38	41	216
38	42	28
38	45	5
38	46	308
38	47	7
38	48	2
38	50	51
38	51	117
38	52	12
38	53	35
38	55	35
38	56	17
38	59	2
38	61	15
38	62	12
38	64	17
38	65	33
38	66	17
38	67	84
38	69	43
38	70	12
38	71	155
39	6	2
39	7	2
39	8	11
39	17	5
39	21	2
39	22	2
39	24	2
39	26	2
39	28	2
39	30	2
39	32	5
39	42	2
39	43	11
39	46	5
39	48	2
39	64	8
39	67	2
39	69	2
39	70	17
39	71	2
40	0	188
40	1	113
40	2	4
40	3	2
40	4	4
40	5	115
40	6	312
40	7	999
40	8	52
40	9	54
40	10	178
40	12	199
40	13	33
40	14	174
40	16	158
40	17	185
40	18	4
40	19	246
40	20	13
40	21	881
40	22	183
40	24	81
40	25	36
40	26	570
40	28	276
40	29	437
40	30	978
40	31	18
40	32	4116
40	35	99
40	36	328
40	37	11
40	39	6
40	40	960
40	41	108
40	42	455
40	43	24
40	45	29
40	46	260
40	47	13
40	48	475
40	49	4
40	50	133
40	51	367
40	52	228
40	53	83
40	54	18
40	55	453
40	56	212
40	60	6
40	61	222
40	64	317
40	65	781
40	66	269
40	67	804
40	68	4
40	69	1003
40	70	178
40	71	1042
41	0	581
41	1	1968
41	2	13
41	3	22
41	4	123
41	5	132
41	6	409
41	7	744
41	8	92
41	9	37
41	10	442
41	12	711
41	13	369
41	14	383
41	15	8
41	16	325
41	17	620
41	18	431
41	19	30
41	20	123
41	21	1622
41	22	191
41	23	4
41	24	171
41	25	99
41	26	211
41	27	167
41	28	479
41	29	764
41	30	2406
41	31	2
41	32	2382
41	35	306
41	36	548
41	37	488
41	38	68
41	39	8
41	40	125
41	41	8175
41	42	510
41	43	44
41	44	4
41	45	30
41	46	3626
41	47	279
41	48	112
41	49	239
41	50	1151
41	51	2078
41	52	444
41	53	968
41	54	8
41	55	446
41	56	178
41	61	336
41	62	6
41	64	266
41	65	446
41	66	319
41	67	929
41	68	13
41	69	812
41	70	215
41	71	2668
42	0	301
42	1	181
42	3	5
42	5	277
42	6	134
42	7	596
42	8	116
42	9	14
42	10	483
42	12	313
42	13	44
42	14	486
42	16	483
42	17	235
42	18	5
42	19	17
42	20	8
42	21	1109
42	22	149
42	24	187
42	25	50
42	26	110
42	28	414
42	29	333
42	30	1493
42	32	1711
42	35	247
42	36	506
42	37	20
42	38	5
42	39	2
42	40	95
42	41	241
42	42	1103
42	43	26
42	44	2
42	45	17
42	46	390
42	47	11
42	48	86
42	49	11
42	50	199
42	51	345
42	52	441
42	53	175
42	54	8
42	55	995
42	56	187
42	59	2
42	61	503
42	64	211
42	65	369
42	66	408
42	67	626
42	69	658
42	70	181
42	71	2415
43	0	105
43	1	52
43	2	9
43	3	3
43	4	3
43	5	24
43	6	93
43	7	226
43	8	2064
43	9	245
43	10	83
43	12	74
43	13	15
43	14	37
43	16	83
43	17	93
43	18	3
43	19	15
43	21	385
43	22	320
43	23	37
43	24	34
43	25	21
43	26	419
43	27	3
43	28	80
43	29	118
43	30	332
43	31	9
43	32	509
43	35	74
43	36	124
43	37	6
43	39	345
43	40	40
43	41	74
43	42	149
43	43	1311
43	45	472
43	46	108
43	47	31
43	48	24
43	49	3
43	50	68
43	51	111
43	52	118
43	53	40
43	54	6
43	55	80
43	56	62
43	59	3
43	60	3
43	61	77
43	64	394
43	65	152
43	66	108
43	67	460
43	68	18
43	69	351
43	70	2104
43	71	379
44	0	15
44	1	20
44	2	2
44	3	2
44	5	2
44	6	76
44	7	15
44	8	2
44	9	2
44	10	17
44	12	17
44	13	142
44	16	12
44	17	27
44	21	55
44	22	5
44	24	2
44	26	15
44	28	10
44	29	76
44	30	50
44	32	134
44	35	10
44	36	20
44	37	2
44	40	5
44	41	30
44	42	22
44	43	2
44	44	25
44	46	71
44	47	5
44	48	27
44	50	17
44	51	101
44	52	12
44	53	17
44	55	15
44	56	2
44	61	7
44	64	5
44	65	10
44	66	12
44	67	35
44	69	27
44	70	12
44	71	71
45	0	45
45	1	45
45	2	37
45	5	16
45	6	77
45	7	269
45	8	710
45	9	483
45	10	56
45	12	72
45	13	10
45	14	56
45	16	77
45	17	48
45	19	10
45	21	224
45	22	221
45	23	427
45	24	37
45	25	8
45	26	611
45	28	82
45	29	77
45	30	288
45	31	8
45	32	459
45	35	90
45	36	187
45	39	184
45	40	56
45	41	37
45	42	109
45	43	446
45	45	1846
45	46	88
45	48	40
45	49	2
45	50	114
45	51	168
45	52	48
45	53	24
45	54	8
45	55	93
45	56	37
45	60	53
45	61	72
45	64	390
45	65	128
45	66	96
45	67	547
45	68	101
45	69	227
45	70	1106
45	71	315
46	0	573
46	1	1027
46	2	9
46	3	55
46	4	38
46	5	150
46	6	420
46	7	614
46	8	58
46	9	26
46	10	320
46	12	607
46	13	405
46	14	330
46	16	201
46	17	577
46	18	94
46	19	19
46	20	33
46	21	1318
46	22	111
46	23	2
46	24	92
46	25	50
46	26	128
46	27	46
46	28	364
46	29	665
46	30	1799
46	31	2
46	32	2095
46	35	237
46	36	369
46	37	177
46	38	33
46	39	7
46	40	87
46	41	1957
46	42	446
46	43	26
46	44	9
46	45	21
46	46	5075
46	47	50
46	48	165
46	49	38
46	50	973
46	51	2010
46	52	369
46	53	480
46	54	14
46	55	356
46	56	135
46	57	4
46	61	225
46	62	2
46	64	199
46	65	359
46	66	245
46	67	687
46	68	4
46	69	658
46	70	126
46	71	2156
47	0	90
47	1	253
47	3	4
47	4	38
47	5	48
47	6	68
47	7	82
47	8	7
47	10	65
47	12	70
47	13	75
47	14	68
47	15	7
47	16	46
47	17	112
47	18	121
47	20	26
47	21	241
47	22	29
47	23	2
47	24	21
47	25	9
47	26	34
47	27	4
47	28	80
47	29	119
47	30	348
47	31	2
47	32	355
47	33	4
47	35	53
47	36	119
47	37	508
47	38	2
47	39	2
47	40	19
47	41	686
47	42	90
47	43	2
47	45	4
47	46	399
47	47	392
47	48	24
47	49	60
47	50	112
47	51	243
47	52	38
47	53	126
47	55	102
47	56	56
47	61	43
47	64	34
47	65	70
47	66	56
47	67	199
47	68	2
47	69	121
47	70	29
47	71	394
48	0	107
48	1	52
48	3	2
48	5	42
48	6	217
48	7	352
48	8	27
48	9	22
48	10	90
48	12	87
48	13	67
48	14	57
48	16	100
48	17	107
48	19	230
48	20	5
48	21	462
48	22	40
48	24	27
48	25	17
48	26	257
48	27	2
48	28	117
48	29	250
48	30	440
48	31	2
48	32	2094
48	35	47
48	36	152
48	37	22
48	39	5
48	40	200
48	41	80
48	42	112
48	43	5
48	44	2
48	45	5
48	46	145
48	47	5
48	48	905
48	49	7
48	50	47
48	51	235
48	52	90
48	53	40
48	54	12
48	55	145
48	56	92
48	61	32
48	62	2
48	64	90
48	65	217
48	66	105
48	67	380
48	69	370
48	70	82
48	71	465
49	0	89
49	1	378
49	3	4
49	4	29
49	5	29
49	6	77
49	7	113
49	8	21
49	9	2
49	10	96
49	12	126
49	13	38
49	14	66
49	16	51
49	17	79
49	18	32
49	19	4
49	20	21
49	21	355
49	22	6
49	23	2
49	24	25
49	25	10
49	26	36
49	27	4
49	28	64
49	29	147
49	30	524
49	31	2
49	32	413
49	35	57
49	36	124
49	37	149
49	38	4
49	40	4
49	41	1239
49	42	85
49	43	4
49	44	2
49	45	6
49	46	534
49	47	81
49	48	19
49	49	166
49	50	190
49	51	342
49	52	113
49	53	158
49	54	6
49	55	79
49	56	36
49	61	66
49	62	6
49	64	74
49	65	74
49	66	57
49	67	190
49	68	2
49	69	141
49	70	23
49	71	453
50	0	641
50	1	484
50	2	9
50	3	7
50	5	171
50	6	355
50	7	532
50	8	84
50	9	27
50	10	427
50	12	773
50	13	169
50	14	243
50	16	248
50	17	512
50	18	17
50	19	9
50	20	2
50	21	1171
50	22	94
50	24	169
50	25	92
50	26	156
50	27	4
50	28	318
50	29	484
50	30	1840
50	31	2
50	32	1330
50	35	360
50	36	489
50	37	44
50	38	4
50	39	14
50	40	99
50	41	718
50	42	405
50	43	22
50	44	2
50	45	27
50	46	1126
50	47	29
50	48	79
50	49	12
50	50	1818
50	51	1534
50	52	353
50	53	688
50	54	9
50	55	193
50	56	96
50	59	2
50	61	268
50	64	164
50	65	300
50	66	253
50	67	636
50	69	567
50	70	174
50	71	3337
51	0	1038
51	1	777
51	2	2
51	3	30
51	4	4
51	5	172
51	6	759
51	7	930
51	8	105
51	9	56
51	10	474
51	12	861
51	13	625
51	14	375
51	16	353
51	17	1016
51	18	41
51	19	51
51	20	17
51	21	2298
51	22	133
51	23	6
51	24	213
51	25	84
51	26	241
51	27	12
51	28	351
51	29	1357
51	30	2272
51	32	2939
51	35	284
51	36	580
51	37	62
51	38	19
51	39	6
51	40	166
51	41	1219
51	42	638
51	43	38
51	44	19
51	45	32
51	46	2918
51	47	58
51	48	222
51	49	34
51	50	1169
51	51	6112
51	52	459
51	53	751
51	54	34
51	55	509
51	56	183
51	57	2
51	60	6
51	61	382
51	64	241
51	65	591
51	66	371
51	67	1053
51	68	10
51	69	1036
51	70	209
51	71	2853
52	0	105
52	1	51
52	2	2
52	5	153
52	6	90
52	7	204
52	8	56
52	9	5
52	10	196
52	12	156
52	13	25
52	14	323
52	16	144
52	17	99
52	19	2
52	21	349
52	22	45
52	23	2
52	24	71
52	25	17
52	26	53
52	27	2
52	28	187
52	29	116
52	30	786
52	32	593
52	35	161
52	36	204
52	37	8
52	38	2
52	39	5
52	40	11
52	41	79
52	42	423
52	43	31
52	45	5
52	46	102
52	47	25
52	48	45
52	49	2
52	50	90
52	51	173
52	52	383
52	53	76
52	54	2
52	55	156
52	56	56
52	61	204
52	64	73
52	65	178
52	66	139
52	67	221
52	69	247
52	70	62
52	71	900
53	0	381
53	1	907
53	2	10
53	3	5
53	4	5
53	5	44
53	6	236
53	7	307
53	8	55
53	9	23
53	10	197
53	12	402
53	13	181
53	14	142
53	16	181
53	17	449
53	18	31
53	19	23
53	20	13
53	21	1002
53	22	71
53	24	152
53	25	31
53	26	113
53	27	7
53	28	270
53	29	431
53	30	873
53	32	1138
53	35	186
53	36	355
53	37	55
53	38	5
53	39	18
53	40	89
53	41	902
53	42	310
53	43	15
53	44	2
53	45	23
53	46	1494
53	47	39
53	48	81
53	49	26
53	50	902
53	51	1228
53	52	255
53	53	2035
53	54	7
53	55	244
53	56	44
53	59	2
53	61	257
53	64	131
53	65	192
53	66	228
53	67	544
53	68	5
53	69	426
53	70	157
53	71	1073
54	0	15
54	1	3
54	5	3
54	6	81
54	7	17
54	9	1
54	10	12
54	12	8
54	13	6
54	14	3
54	16	12
54	17	8
54	21	52
54	22	3
54	24	1
54	25	3
54	26	8
54	28	1
54	29	48
54	30	34
54	32	111
54	35	3
54	36	3
54	37	1
54	39	1
54	40	3
54	41	5
54	42	12
54	46	10
54	47	1
54	48	12
54	50	13
54	51	22
54	52	5
54	53	1
54	54	1
54	55	8
54	56	10
54	61	3
54	64	3
54	65	12
54	66	10
54	67	10
54	68	1
54	69	24
54	70	1
54	71	45
55	0	33
55	1	574
55	2	135
55	5	33
55	6	67
55	7	67
55	8	338
55	12	33
55	14	67
55	16	33
55	21	67
55	22	33
55	25	67
55	26	371
55	30	67
55	32	33
55	36	67
55	37	33
55	38	33
55	39	169
55	41	304
55	42	101
55	43	169
55	45	101
55	46	743
55	47	67
55	50	33
55	51	270
55	53	270
55	55	473
55	56	33
55	61	33
55	64	33
55	65	33
55	67	135
55	69	67
55	70	371
55	71	135
56	0	297
56	1	121
56	2	6
56	4	2
56	5	177
56	6	261
56	7	1026
56	8	170
56	9	62
56	10	312
56	11	2
56	12	279
56	13	44
56	14	332
56	16	530
56	17	275
56	18	4
56	19	37
56	20	2
56	21	1042
56	22	288
56	23	2
56	24	70
56	25	31
56	26	272
56	27	2
56	28	317
56	29	350
56	30	1284
56	31	8
56	32	2366
56	35	181
56	36	694
56	37	24
56	38	4
56	39	35
56	40	141
56	41	157
56	42	583
56	43	62
56	44	2
56	45	44
56	46	299
56	47	35
56	48	97
56	49	11
56	50	204
56	51	361
56	52	328
56	53	102
56	54	11
56	55	361
56	56	1421
56	59	4
56	60	4
56	61	263
56	64	450
56	65	645
56	66	951
56	67	2036
56	68	6
56	69	1315
56	70	361
56	71	1474
57	0	3
57	1	3
57	6	6
57	7	3
57	12	3
57	13	25
57	14	3
57	21	15
57	22	3
57	29	9
57	30	12
57	32	6
57	37	3
57	41	3
57	44	3
57	46	18
57	52	3
57	53	3
57	56	3
57	67	3
57	69	3
57	70	6
57	71	6
58	1	4
58	4	4
58	14	4
58	15	8
58	18	4
58	20	17
58	21	13
58	26	4
58	30	4
58	32	8
58	36	4
58	41	8
58	42	4
58	46	4
58	50	4
58	52	4
58	55	4
58	67	8
58	71	4
59	0	9
59	1	16
59	2	117
59	6	19
59	7	49
59	8	13
59	9	16
59	10	9
59	11	32
59	12	9
59	14	13
59	17	6
59	19	9
59	21	22
59	22	6
59	23	3
59	24	9
59	26	422
59	28	9
59	29	19
59	30	32
59	31	55
59	32	78
59	35	3
59	36	26
59	39	3
59	40	3
59	41	19
59	42	9
59	43	16
59	45	16
59	46	9
59	48	6
59	50	3
59	51	19
59	52	16
59	53	13
59	54	3
59	55	13
59	56	9
59	59	42
59	60	22
59	61	6
59	63	6
59	64	9
59	65	49
59	66	6
59	67	49
59	68	13
59	69	16
59	70	36
59	71	29
60	0	17
60	1	10
60	2	122
60	5	10
60	6	30
60	7	104
60	8	68
60	9	91
60	10	7
60	11	5
60	12	15
60	13	2
60	14	35
60	16	15
60	17	25
60	19	7
60	21	53
60	22	40
60	23	48
60	24	7
60	25	5
60	26	526
60	28	28
60	29	30
60	30	53
60	31	15
60	32	127
60	35	7
60	36	48
60	39	22
60	40	12
60	41	10
60	42	40
60	43	17
60	45	143
60	46	35
60	47	2
60	48	7
60	50	12
60	51	30
60	52	7
60	53	5
60	54	2
60	55	28
60	56	20
60	59	2
60	60	385
60	61	12
60	64	117
60	65	63
60	66	35
60	67	143
60	68	127
60	69	56
60	70	255
60	71	33
61	0	985
61	1	420
61	2	3
61	3	3
61	4	3
61	5	475
61	6	472
61	7	1141
61	8	230
61	9	24
61	10	573
61	12	785
61	13	76
61	14	626
61	16	638
61	17	942
61	18	18
61	19	30
61	20	15
61	21	3354
61	22	230
61	24	828
61	25	239
61	26	254
61	27	3
61	28	457
61	29	893
61	30	2685
61	32	3406
61	35	859
61	36	1068
61	37	12
61	38	3
61	39	12
61	40	107
61	41	432
61	42	1494
61	43	64
61	44	6
61	45	33
61	46	739
61	47	55
61	48	141
61	49	15
61	50	506
61	51	1043
61	52	1365
61	53	478
61	54	9
61	55	755
61	56	267
61	59	3
61	61	1602
61	64	285
61	65	1065
61	66	868
61	67	1341
61	68	3
61	69	1602
61	70	291
61	71	3643
62	0	6
62	1	6
62	3	6
62	4	3
62	6	16
62	7	28
62	8	3
62	12	9
62	13	25
62	14	12
62	15	6
62	16	9
62	17	25
62	18	3
62	20	6
62	21	32
62	24	3
62	25	3
62	26	9
62	27	3
62	28	3
62	29	9
62	30	41
62	32	28
62	35	3
62	36	9
62	37	3
62	38	32
62	39	3
62	41	51
62	42	19
62	45	3
62	46	141
62	47	9
62	48	16
62	49	3
62	50	12
62	51	51
62	52	19
62	53	12
62	55	9
62	56	3
62	61	9
62	62	6
62	64	9
62	65	9
62	66	9
62	67	28
62	69	9
62	71	48
63	2	69
63	6	5
63	7	8
63	8	2
63	9	8
63	10	8
63	11	14
63	12	5
63	14	5
63	19	2
63	21	11
63	23	2
63	26	223
63	28	2
63	29	2
63	30	5
63	31	20
63	32	14
63	36	5
63	39	2
63	40	2
63	41	2
63	43	2
63	45	5
63	46	2
63	50	11
63	51	2
63	52	2
63	53	5
63	55	2
63	56	2
63	59	14
63	60	2
63	64	17
63	65	5
63	66	2
63	67	28
63	68	2
63	69	11
63	70	23
63	71	5
64	0	351
64	1	173
64	2	65
64	3	5
64	4	2
64	5	130
64	6	268
64	7	2852
64	8	934
64	9	854
64	10	236
64	12	294
64	13	65
64	14	392
64	16	555
64	17	346
64	18	20
64	19	108
64	20	10
64	21	1098
64	22	809
64	23	45
64	24	113
64	25	40
64	26	2839
64	28	467
64	29	464
64	30	1040
64	31	17
64	32	3689
64	35	170
64	36	1279
64	37	15
64	38	2
64	39	170
64	40	334
64	41	188
64	42	713
64	43	495
64	44	2
64	45	354
64	46	404
64	47	22
64	48	191
64	49	10
64	50	233
64	51	442
64	52	356
64	53	155
64	54	20
64	55	655
64	56	588
64	59	2
64	60	32
64	61	376
64	64	6446
64	65	1545
64	66	1078
64	67	4619
64	68	32
64	69	2020
64	70	2872
64	71	970
65	0	79
65	1	57
65	2	2
65	3	2
65	5	38
65	6	100
65	7	369
65	8	21
65	9	19
65	10	74
65	12	84
65	13	21
65	14	88
65	16	50
65	17	100
65	18	4
65	19	40
65	21	319
65	22	55
65	23	4
65	24	24
65	25	4
65	26	146
65	28	115
65	29	158
65	30	379
65	32	1499
65	35	26
65	36	112
65	37	4
65	39	7
65	40	209
65	41	38
65	42	211
65	43	31
65	45	19
65	46	100
65	47	4
65	48	88
65	49	2
65	50	48
65	51	151
65	52	84
65	53	21
65	54	9
65	55	194
65	56	98
65	61	67
65	64	117
65	65	389
65	66	93
65	67	264
65	69	391
65	70	72
65	71	422
66	0	335
66	1	134
66	2	4
66	5	194
66	6	228
66	7	841
66	8	174
66	9	76
66	10	373
66	12	358
66	13	49
66	14	436
66	15	2
66	16	711
66	17	257
66	18	2
66	19	47
66	20	6
66	21	962
66	22	273
66	23	22
66	24	98
66	25	71
66	26	337
66	27	4
66	28	331
66	29	373
66	30	1374
66	31	17
66	32	2229
66	35	172
66	36	758
66	37	11
66	38	4
66	39	22
66	40	149
66	41	163
66	42	653
66	43	51
66	44	2
66	45	64
66	46	333
66	47	38
66	48	120
66	49	4
66	50	243
66	51	387
66	52	427
66	53	149
66	54	11
66	55	320
66	56	1002
66	59	2
66	60	2
66	61	313
66	62	4
66	64	510
66	65	483
66	66	1660
66	67	1855
66	68	2
66	69	1101
66	70	382
66	71	1736
67	0	508
67	1	199
67	2	8
67	3	4
67	4	2
67	5	150
67	6	463
67	7	1976
67	8	385
67	9	169
67	10	437
67	12	433
67	13	90
67	14	475
67	15	2
67	16	728
67	17	525
67	18	10
67	19	68
67	20	6
67	21	1824
67	22	677
67	23	19
67	24	162
67	25	68
67	26	720
67	28	499
67	29	739
67	30	1856
67	31	19
67	32	4086
67	35	317
67	36	1295
67	37	47
67	38	4
67	39	70
67	40	263
67	41	246
67	42	917
67	43	120
67	44	6
67	45	147
67	46	523
67	47	55
67	48	237
67	49	2
67	50	424
67	51	758
67	52	551
67	53	173
67	54	45
67	55	731
67	56	1764
67	60	4
67	61	347
67	62	4
67	64	1436
67	65	1157
67	66	1580
67	67	5604
67	68	6
67	69	2315
67	70	1078
67	71	2114
68	0	41
68	1	26
68	2	115
68	5	7
68	6	26
68	7	177
68	8	248
68	9	211
68	10	28
68	11	5
68	12	20
68	13	5
68	14	10
68	16	23
68	17	36
68	19	2
68	20	2
68	21	112
68	22	122
68	23	175
68	24	10
68	25	5
68	26	622
68	28	39
68	29	39
68	30	94
68	31	13
68	32	240
68	35	23
68	36	81
68	37	5
68	39	54
68	40	13
68	41	7
68	42	34
68	43	136
68	45	478
68	46	47
68	47	2
68	48	31
68	50	34
68	51	34
68	52	28
68	53	5
68	54	7
68	55	68
68	56	15
68	59	5
68	60	272
68	61	31
68	64	209
68	65	73
68	66	26
68	67	269
68	68	204
68	69	151
68	70	379
68	71	83
69	0	328
69	1	171
69	2	19
69	4	11
69	5	278
69	6	404
69	7	1274
69	8	102
69	9	109
69	10	435
69	12	401
69	13	61
69	14	444
69	16	482
69	17	337
69	18	4
69	19	66
69	20	19
69	21	1509
69	22	216
69	23	19
69	24	154
69	25	66
69	26	439
69	27	2
69	28	363
69	29	668
69	30	1771
69	31	4
69	32	4531
69	35	192
69	36	561
69	37	19
69	39	30
69	40	299
69	41	192
69	42	991
69	43	54
69	44	7
69	45	54
69	46	370
69	47	21
69	48	223
69	49	4
69	50	328
69	51	632
69	52	523
69	53	130
69	54	19
69	55	1027
69	56	375
69	60	4
69	61	511
69	64	351
69	65	927
69	66	496
69	67	1222
69	68	7
69	69	2665
69	70	297
69	71	2023
70	0	217
70	1	118
70	2	43
70	3	4
70	4	2
70	5	26
70	6	174
70	7	1070
70	8	2748
70	9	775
70	10	152
70	12	159
70	13	41
70	14	159
70	16	271
70	17	196
70	18	14
70	19	53
70	20	9
70	21	627
70	22	971
70	23	79
70	24	75
70	25	26
70	26	1453
70	27	2
70	28	191
70	29	305
70	30	692
70	31	9
70	32	1608
70	35	113
70	36	629
70	37	7
70	38	2
70	39	491
70	40	99
70	41	118
70	42	285
70	43	2090
70	45	1036
70	46	290
70	47	16
70	48	106
70	49	7
70	50	145
70	51	268
70	52	220
70	53	94
70	54	2
70	55	259
70	56	186
70	59	2
70	60	14
70	61	188
70	64	1828
70	65	576
70	66	465
70	67	1695
70	68	36
70	69	867
70	70	5350
70	71	605
71	0	89
71	1	36
71	3	2
71	5	32
71	6	34
71	7	93
71	8	23
71	9	2
71	10	132
71	12	73
71	13	6
71	14	89
71	16	87
71	17	71
71	19	2
71	20	4
71	21	158
71	22	10
71	24	21
71	25	8
71	26	8
71	28	56
71	29	63
71	30	437
71	32	280
71	35	119
71	36	63
71	39	2
71	40	28
71	41	32
71	42	150
71	43	8
71	44	2
71	45	2
71	46	89
71	47	8
71	48	4
71	50	63
71	51	89
71	52	104
71	53	54
71	55	93
71	56	32
71	61	71
71	64	45
71	65	97
71	66	65
71	67	71
71	69	124
71	70	10
71	71	644
