84	4841
0	0	672
0	1	1
0	2	64
0	3	276
0	4	23
0	5	109
0	6	269
0	7	9
0	8	23
0	9	40
0	10	49
0	11	7
0	13	56
0	14	25
0	15	12
0	18	31
0	19	185
0	20	207
0	21	95
0	25	12
0	26	910
0	28	7
0	29	262
0	31	47
0	33	29
0	34	29
0	35	1
0	36	51
0	39	40
0	40	190
0	43	808
0	44	3
0	46	40
0	47	60
0	48	78
0	49	31
0	53	29
0	54	67
0	55	947
0	56	252
0	59	69
0	60	119
0	61	45
0	62	54
0	65	300
0	66	117
0	67	23
0	68	135
0	69	1
0	70	51
0	71	9
0	72	144
0	75	5
0	76	9
0	78	1
0	79	370
0	80	161
0	82	54
0	83	5
1	0	198
1	1	754
1	2	34
1	3	141
1	4	3
1	5	53
1	6	175
1	7	247
1	8	26
1	9	45
1	10	26
1	11	26
1	12	3
1	13	3285
1	14	38
1	15	7
1	16	53
1	18	26
1	19	114
1	20	57
1	21	34
1	22	3
1	24	11
1	25	19
1	26	278
1	28	19
1	29	179
1	31	64
1	32	278
1	33	11
1	34	15
1	35	11
1	36	22
1	38	7
1	39	34
1	40	144
1	42	7
1	43	331
1	44	7
1	45	3
1	46	15
1	47	30
1	48	95
1	49	80
1	51	7
1	53	22
1	54	34
1	55	415
1	56	80
1	59	26
1	60	34
1	61	26
1	62	34
1	63	3
1	65	453
1	66	53
1	67	41
1	68	76
1	69	3
1	70	45
1	71	19
1	72	110
1	74	22
1	75	15
1	76	11
1	77	3
1	78	11
1	79	114
1	80	95
1	81	3
1	82	41
1	83	3
2	0	1464
2	1	3
2	2	2756
2	3	1382
2	4	132
2	5	812
2	6	3122
2	7	12
2	8	495
2	9	280
2	10	286
2	11	172
2	13	344
2	14	872
2	15	160
2	16	9
2	18	866
2	19	1404
2	20	691
2	21	141
2	24	3
2	25	377
2	26	2512
2	28	338
2	29	730
2	31	999
2	32	9
2	33	223
2	34	69
2	35	24
2	36	347
2	38	6
2	39	274
2	40	2004
2	43	2886
2	44	111
2	46	344
2	47	637
2	48	549
2	49	546
2	50	24
2	51	30
2	53	443
2	54	446
2	55	2506
2	56	468
2	57	3
2	58	6
2	59	208
2	60	392
2	61	694
2	62	1011
2	63	9
2	64	6
2	65	709
2	66	437
2	67	241
2	68	933
2	69	33
2	70	1023
2	71	437
2	72	2774
2	75	129
2	76	66
2	79	902
2	80	766
2	81	3
2	82	1023
2	83	6
3	0	524
3	1	6
3	2	395
3	3	3469
3	4	235
3	5	508
3	6	836
3	7	6
3	8	147
3	9	330
3	10	619
3	11	107
3	13	165
3	14	223
3	15	95
3	16	3
3	17	3
3	18	153
3	19	1719
3	20	943
3	21	119
3	25	153
3	26	1143
3	28	95
3	29	1026
3	31	159
3	32	3
3	33	383
3	34	113
3	35	6
3	36	361
3	38	3
3	39	487
3	40	1241
3	41	3
3	43	1035
3	44	61
3	46	177
3	47	652
3	48	723
3	49	119
3	50	36
3	51	6
3	53	435
3	54	695
3	55	2987
3	56	775
3	59	346
3	60	530
3	61	429
3	62	223
3	64	3
3	65	306
3	66	1241
3	67	367
3	68	799
3	69	21
3	70	242
3	71	122
3	72	760
3	74	3
3	75	208
3	76	3
3	79	686
3	80	962
3	82	303
3	83	24
4	0	640
4	1	8
4	2	230
4	3	1061
4	4	2637
4	5	230
4	6	437
4	7	4
4	8	72
4	9	745
4	10	125
4	11	153
4	13	206
4	14	137
4	15	109
4	17	8
4	18	76
4	19	1110
4	20	745
4	21	145
4	25	129
4	26	964
4	27	8
4	28	52
4	29	1341
4	31	178
4	32	4
4	33	964
4	34	514
4	35	12
4	36	384
4	39	664
4	40	510
4	43	636
4	44	60
4	46	133
4	47	344
4	48	2544
4	49	105
4	50	97
4	51	4
4	53	271
4	54	1673
4	55	2155
4	56	753
4	59	652
4	60	380
4	61	190
4	62	141
4	63	4
4	64	4
4	65	267
4	66	563
4	67	903
4	68	632
4	69	28
4	70	186
4	71	113
4	72	380
4	74	4
4	75	522
4	76	8
4	79	786
4	80	875
4	82	109
4	83	68
5	0	438
5	1	6
5	2	542
5	3	802
5	4	116
5	5	1259
5	6	784
5	7	3
5	8	147
5	9	153
5	10	159
5	11	107
5	13	122
5	14	379
5	15	64
5	16	6
5	18	186
5	19	750
5	20	450
5	21	49
5	25	229
5	26	860
5	27	3
5	28	110
5	29	471
5	31	294
5	33	119
5	34	30
5	36	186
5	39	214
5	40	1302
5	41	3
5	43	677
5	44	52
5	46	199
5	47	536
5	48	346
5	49	159
5	50	30
5	51	3
5	53	269
5	54	275
5	55	1372
5	56	245
5	59	119
5	60	275
5	61	404
5	62	306
5	63	3
5	64	3
5	65	205
5	66	275
5	67	211
5	68	597
5	69	3
5	70	291
5	71	202
5	72	842
5	75	107
5	76	15
5	79	340
5	80	398
5	82	324
6	0	655
6	2	533
6	3	902
6	4	42
6	5	478
6	6	4902
6	7	9
6	8	792
6	9	152
6	10	152
6	11	60
6	13	134
6	14	292
6	15	48
6	16	3
6	18	213
6	19	719
6	20	384
6	21	91
6	24	9
6	25	176
6	26	1149
6	28	387
6	29	310
6	31	1027
6	32	6
6	33	57
6	34	21
6	35	9
6	36	152
6	39	189
6	40	893
6	43	1704
6	44	85
6	46	231
6	47	338
6	48	283
6	49	905
6	51	12
6	53	320
6	54	198
6	55	1573
6	56	292
6	57	6
6	58	3
6	59	131
6	60	368
6	61	237
6	62	1036
6	63	6
6	64	9
6	65	295
6	66	228
6	67	97
6	68	679
6	69	9
6	70	1167
6	71	182
6	72	3055
6	74	3
6	75	60
6	76	51
6	79	463
6	80	515
6	82	268
6	83	6
7	0	118
7	1	28
7	2	25
7	3	43
7	4	10
7	5	64
7	6	82
7	7	333
7	8	17
7	9	43
7	10	7
7	11	3
7	13	2015
7	14	7
7	15	7
7	16	28
7	18	25
7	19	50
7	20	32
7	21	14
7	25	3
7	26	125
7	28	7
7	29	68
7	31	43
7	32	35
7	33	14
7	35	3
7	36	21
7	39	17
7	40	78
7	41	3
7	42	3
7	43	261
7	44	7
7	46	17
7	47	7
7	48	46
7	49	60
7	50	3
7	52	7
7	53	14
7	54	43
7	55	157
7	56	60
7	59	7
7	60	21
7	61	17
7	62	35
7	63	3
7	65	294
7	66	53
7	67	17
7	68	46
7	69	3
7	70	17
7	71	7
7	72	46
7	74	3
7	75	7
7	76	3
7	77	10
7	79	82
7	80	46
7	82	39
8	0	445
8	1	3
8	2	322
8	3	639
8	4	35
8	5	268
8	6	2748
8	7	3
8	8	1889
8	9	93
8	10	138
8	11	71
8	13	129
8	14	145
8	15	22
8	16	9
8	18	229
8	19	429
8	20	287
8	21	87
8	24	3
8	25	87
8	26	784
8	27	3
8	28	474
8	29	238
8	31	574
8	32	9
8	33	83
8	34	29
8	35	9
8	36	83
8	39	129
8	40	381
8	43	1585
8	44	48
8	46	145
8	47	196
8	48	180
8	49	623
8	50	3
8	51	19
8	53	103
8	54	235
8	55	1372
8	56	310
8	59	103
8	60	238
8	61	138
8	62	687
8	63	9
8	64	16
8	65	339
8	66	238
8	67	93
8	68	416
8	69	6
8	70	755
8	71	87
8	72	1546
8	74	3
8	75	32
8	76	22
8	77	6
8	79	248
8	80	500
8	82	248
9	0	790
9	1	6
9	2	291
9	3	1931
9	4	693
9	5	379
9	6	732
9	7	6
9	8	87
9	9	6374
9	10	324
9	11	252
9	13	187
9	14	178
9	15	116
9	18	132
9	19	1736
9	20	2154
9	21	343
9	23	3
9	24	9
9	25	136
9	26	2200
9	28	97
9	29	1876
9	31	174
9	33	580
9	34	544
9	35	16
9	36	887
9	37	3
9	39	1331
9	40	667
9	43	1049
9	44	77
9	46	174
9	47	531
9	48	2689
9	49	204
9	50	200
9	53	440
9	54	3308
9	55	9241
9	56	1853
9	59	3843
9	60	1027
9	61	278
9	62	285
9	63	6
9	65	411
9	66	1049
9	67	1276
9	68	1351
9	69	64
9	70	294
9	71	74
9	72	618
9	75	1059
9	76	19
9	77	6
9	79	1523
9	80	1973
9	82	226
9	83	19
10	0	318
10	2	253
10	3	2090
10	4	157
10	5	300
10	6	525
10	7	2
10	8	67
10	9	253
10	10	875
10	11	67
10	13	140
10	14	183
10	15	49
10	18	113
10	19	945
10	20	648
10	21	93
10	25	72
10	26	875
10	27	2
10	28	84
10	29	677
10	31	160
10	32	2
10	33	151
10	34	93
10	35	5
10	36	201
10	39	277
10	40	1158
10	43	697
10	44	58
10	46	122
10	47	548
10	48	470
10	49	72
10	50	11
10	51	2
10	53	198
10	54	458
10	55	3112
10	56	808
10	57	2
10	59	166
10	60	309
10	61	189
10	62	134
10	64	11
10	65	242
10	66	826
10	67	230
10	68	434
10	70	210
10	71	58
10	72	458
10	75	131
10	76	11
10	79	545
10	80	861
10	82	186
10	83	17
11	0	399
11	2	319
11	3	904
11	4	169
11	5	199
11	6	674
11	7	4
11	8	104
11	9	444
11	10	154
11	11	16458
11	13	169
11	14	209
11	15	224
11	17	119
11	18	109
11	19	1054
11	20	649
11	21	64
11	23	4
11	24	9
11	25	144
11	26	639
11	27	414
11	28	79
11	29	439
11	31	269
11	33	254
11	34	64
11	36	364
11	37	9
11	38	4
11	39	424
11	40	514
11	43	644
11	44	64
11	46	109
11	47	274
11	48	354
11	49	204
11	50	14
11	51	14
11	53	374
11	54	629
11	55	2019
11	56	1204
11	59	329
11	60	584
11	61	184
11	62	249
11	64	14
11	65	254
11	66	489
11	67	249
11	68	864
11	69	19
11	70	234
11	71	119
11	72	549
11	73	54
11	74	4
11	75	274
11	76	14
11	79	384
11	80	904
11	82	159
12	0	23
12	1	3
12	2	15
12	3	11
12	5	7
12	6	50
12	7	7
12	8	15
12	9	11
12	10	7
12	11	11
12	12	7
12	13	119
12	14	3
12	16	3
12	19	30
12	20	15
12	21	3
12	24	123
12	25	19
12	26	34
12	28	23
12	29	11
12	31	34
12	36	3
12	39	15
12	41	11
12	43	81
12	46	15
12	48	7
12	49	166
12	51	7
12	52	7
12	53	11
12	54	7
12	55	69
12	56	19
12	59	7
12	60	7
12	61	7
12	62	30
12	65	69
12	66	11
12	67	19
12	68	15
12	70	23
12	72	57
12	74	46
12	76	3
12	78	27
12	79	19
12	80	3
12	82	3
13	0	1106
13	1	458
13	2	200
13	3	549
13	4	50
13	5	218
13	6	611
13	7	1172
13	8	91
13	9	178
13	10	134
13	11	61
13	12	3
13	13	15965
13	14	94
13	15	29
13	16	305
13	18	149
13	19	338
13	20	364
13	21	80
13	24	50
13	25	72
13	26	1015
13	27	3
13	28	145
13	29	476
13	31	251
13	32	578
13	33	83
13	34	50
13	35	29
13	36	138
13	38	25
13	39	152
13	40	484
13	41	40
13	43	2031
13	44	32
13	45	3
13	46	54
13	47	138
13	48	349
13	49	542
13	50	7
13	51	14
13	52	72
13	53	156
13	54	134
13	55	1241
13	56	378
13	57	7
13	59	145
13	60	225
13	61	160
13	62	203
13	63	3
13	64	10
13	65	2261
13	66	294
13	67	149
13	68	222
13	69	3
13	70	203
13	71	83
13	72	502
13	74	236
13	75	54
13	76	50
13	77	10
13	78	101
13	79	407
13	80	251
13	82	203
13	83	3
14	0	1200
14	2	1519
14	3	1408
14	4	113
14	5	1018
14	6	2552
14	7	23
14	8	339
14	9	271
14	10	324
14	11	107
14	12	2
14	13	315
14	14	1626
14	15	145
14	16	17
14	18	577
14	19	1361
14	20	705
14	21	163
14	24	2
14	25	381
14	26	1867
14	27	2
14	28	384
14	29	819
14	31	950
14	32	8
14	33	190
14	34	80
14	35	17
14	36	271
14	39	262
14	40	1909
14	42	2
14	43	2031
14	44	145
14	46	378
14	47	646
14	48	559
14	49	500
14	50	20
14	51	20
14	53	437
14	54	402
14	55	2314
14	56	542
14	57	5
14	58	2
14	59	211
14	60	378
14	61	571
14	62	1036
14	63	20
14	64	17
14	65	607
14	66	425
14	67	196
14	68	977
14	69	11
14	70	920
14	71	417
14	72	2713
14	73	2
14	74	5
14	75	151
14	76	98
14	77	2
14	79	792
14	80	646
14	82	646
14	83	5
15	0	463
15	1	15
15	2	340
15	3	1360
15	4	225
15	5	403
15	6	1057
15	7	3
15	8	103
15	9	275
15	10	272
15	11	391
15	13	118
15	14	178
15	15	1683
15	16	3
15	17	3
15	18	87
15	19	1354
15	20	1360
15	21	172
15	25	134
15	26	1151
15	27	6
15	28	93
15	29	707
15	31	297
15	32	3
15	33	222
15	34	71
15	35	9
15	36	791
15	37	3
15	38	3
15	39	509
15	40	728
15	43	866
15	44	184
15	46	250
15	47	406
15	48	478
15	49	218
15	50	31
15	51	3
15	52	3
15	53	685
15	54	700
15	55	6172
15	56	1110
15	57	6
15	59	269
15	60	1241
15	61	284
15	62	334
15	65	247
15	66	791
15	67	422
15	68	2862
15	69	15
15	70	347
15	71	109
15	72	819
15	75	297
15	76	31
15	79	753
15	80	1245
15	82	131
15	83	6
16	0	206
16	1	7
16	2	39
16	3	81
16	4	14
16	5	24
16	6	131
16	7	67
16	8	46
16	9	17
16	10	21
16	11	7
16	12	3
16	13	804
16	14	28
16	16	227
16	18	10
16	19	64
16	20	60
16	21	10
16	25	14
16	26	185
16	28	17
16	29	99
16	31	46
16	32	14
16	33	14
16	34	10
16	36	3
16	39	35
16	40	121
16	42	3
16	43	666
16	44	7
16	46	17
16	47	46
16	48	64
16	49	39
16	52	7
16	53	10
16	54	35
16	55	121
16	56	49
16	59	7
16	60	21
16	61	21
16	62	35
16	64	10
16	65	694
16	66	60
16	67	17
16	68	60
16	70	49
16	71	21
16	72	89
16	75	3
16	76	3
16	78	3
16	79	96
16	80	28
16	82	39
17	2	13
17	11	104
17	13	13
17	14	13
17	19	13
17	26	13
17	40	13
17	56	13
17	66	13
17	70	26
18	0	1398
18	1	5
18	2	1063
18	3	854
18	4	97
18	5	518
18	6	1687
18	7	29
18	8	368
18	9	238
18	10	250
18	11	58
18	13	388
18	14	406
18	15	58
18	16	29
18	18	1725
18	19	736
18	20	506
18	21	170
18	24	2
18	25	217
18	26	1802
18	28	226
18	29	639
18	31	600
18	32	2
18	33	94
18	34	70
18	36	194
18	38	2
18	39	235
18	40	1478
18	43	3192
18	44	67
18	46	212
18	47	397
18	48	438
18	49	359
18	50	8
18	51	35
18	53	244
18	54	270
18	55	1940
18	56	518
18	58	2
18	59	253
18	60	250
18	61	288
18	62	574
18	63	5
18	64	5
18	65	833
18	66	326
18	67	147
18	68	535
18	69	14
18	70	547
18	71	209
18	72	1478
18	75	55
18	76	44
18	77	5
18	79	803
18	80	524
18	81	2
18	82	777
18	83	20
19	0	502
19	1	3
19	2	189
19	3	1388
19	4	224
19	5	421
19	6	499
19	8	92
19	9	355
19	10	208
19	11	232
19	13	116
19	14	162
19	15	139
19	16	3
19	17	3
19	18	77
19	19	2414
19	20	843
19	21	88
19	25	274
19	26	897
19	27	11
19	28	96
19	29	719
19	31	131
19	33	274
19	34	131
19	36	367
19	39	324
19	40	866
19	43	487
19	44	177
19	45	3
19	46	251
19	47	588
19	48	669
19	49	104
19	50	42
19	51	3
19	52	3
19	53	1025
19	54	487
19	55	2166
19	56	437
19	59	290
19	60	491
19	61	487
19	62	263
19	65	162
19	66	475
19	67	352
19	68	1036
19	69	7
19	70	270
19	71	131
19	72	541
19	75	197
19	76	7
19	79	460
19	80	812
19	82	158
19	83	15
20	0	74
20	2	52
20	3	300
20	4	93
20	5	104
20	6	90
20	7	2
20	8	8
20	9	68
20	10	41
20	11	68
20	13	22
20	14	19
20	15	27
20	18	33
20	19	248
20	20	758
20	21	13
20	25	33
20	26	190
20	27	2
20	28	8
20	29	140
20	31	46
20	33	96
20	34	19
20	36	88
20	39	239
20	40	151
20	43	121
20	44	16
20	46	16
20	47	74
20	48	168
20	49	49
20	53	49
20	54	206
20	55	1874
20	56	217
20	57	2
20	59	49
20	60	129
20	61	13
20	62	30
20	65	46
20	66	308
20	67	148
20	68	192
20	70	68
20	71	11
20	72	88
20	75	74
20	79	107
20	80	419
20	82	57
20	83	2
21	0	288
21	2	37
21	3	164
21	4	29
21	5	29
21	6	88
21	7	13
21	8	16
21	9	88
21	10	37
21	11	21
21	13	56
21	14	24
21	15	2
21	18	16
21	19	110
21	20	102
21	21	70
21	25	10
21	26	471
21	27	2
21	28	10
21	29	153
21	31	24
21	33	37
21	34	26
21	36	51
21	39	51
21	40	96
21	43	339
21	44	5
21	46	29
21	47	35
21	48	102
21	49	29
21	50	2
21	53	16
21	54	102
21	55	511
21	56	118
21	59	56
21	60	40
21	61	26
21	62	10
21	63	2
21	65	99
21	66	51
21	67	45
21	68	64
21	69	8
21	70	45
21	71	10
21	72	70
21	75	8
21	79	236
21	80	86
21	82	16
21	83	5
22	2	3
22	13	3
22	19	3
22	20	3
22	29	3
22	31	3
22	40	3
22	55	3
22	67	3
22	78	3
23	6	18
23	8	9
23	9	9
23	11	9
23	20	9
23	23	9
23	33	9
23	39	18
23	43	9
23	47	9
23	48	9
23	50	9
23	54	9
23	55	66
23	59	28
23	65	18
23	71	9
23	75	9
23	80	9
24	0	94
24	1	10
24	2	32
24	3	51
24	4	3
24	5	21
24	6	189
24	7	25
24	8	43
24	9	14
24	10	25
24	11	18
24	12	43
24	13	339
24	14	25
24	15	3
24	16	3
24	18	29
24	19	98
24	20	43
24	21	14
24	24	251
24	25	29
24	26	102
24	28	58
24	29	40
24	31	105
24	32	3
24	33	3
24	35	14
24	36	14
24	39	29
24	40	73
24	41	25
24	43	211
24	44	3
24	45	7
24	46	29
24	47	14
24	48	21
24	49	361
24	51	3
24	52	18
24	53	25
24	54	21
24	55	94
24	56	40
24	59	29
24	60	43
24	61	18
24	62	102
24	63	14
24	65	105
24	66	62
24	67	18
24	68	43
24	70	102
24	71	10
24	72	171
24	74	160
24	76	18
24	78	65
24	79	51
24	80	54
24	82	18
25	0	799
25	1	6
25	2	700
25	3	1218
25	4	195
25	5	867
25	6	1624
25	7	12
25	8	198
25	9	229
25	10	251
25	11	241
25	12	3
25	13	142
25	14	526
25	15	139
25	18	334
25	19	1168
25	20	678
25	21	108
25	25	1400
25	26	1190
25	27	3
25	28	189
25	29	737
25	31	573
25	32	3
25	33	266
25	34	74
25	35	12
25	36	303
25	37	3
25	39	387
25	40	1413
25	43	1013
25	44	229
25	46	430
25	47	836
25	48	560
25	49	223
25	50	30
25	51	12
25	53	629
25	54	551
25	55	1971
25	56	396
25	57	3
25	59	182
25	60	437
25	61	1066
25	62	706
25	63	9
25	64	3
25	65	223
25	66	334
25	67	306
25	68	957
25	69	3
25	70	734
25	71	517
25	72	1537
25	75	195
25	76	24
25	77	3
25	78	3
25	79	523
25	80	703
25	82	430
25	83	6
26	0	3700
26	1	11
26	2	796
26	3	1804
26	4	353
26	5	687
26	6	1570
26	7	20
26	8	256
26	9	506
26	10	397
26	11	164
26	13	483
26	14	342
26	15	132
26	16	11
26	18	434
26	19	1392
26	20	1093
26	21	414
26	24	2
26	25	238
26	26	8205
26	27	11
26	28	106
26	29	1680
26	31	287
26	32	11
26	33	322
26	34	235
26	35	11
26	36	474
26	38	5
26	39	489
26	40	1499
26	41	2
26	43	4002
26	44	69
26	46	181
26	47	483
26	48	1314
26	49	250
26	50	37
26	51	25
26	52	2
26	53	460
26	54	828
26	55	4623
26	56	1053
26	57	2
26	59	512
26	60	552
26	61	445
26	62	506
26	63	5
26	64	5
26	65	857
26	66	903
26	67	411
26	68	946
26	69	40
26	70	477
26	71	235
26	72	1087
26	74	8
26	75	250
26	76	23
26	78	2
26	79	2488
26	80	1165
26	81	5
26	82	520
26	83	23
27	0	9
27	2	38
27	3	58
27	6	87
27	8	19
27	9	38
27	10	19
27	11	1132
27	13	67
27	15	9
27	17	38
27	19	77
27	21	19
27	24	9
27	25	9
27	26	125
27	27	580
27	29	29
27	31	29
27	33	19
27	35	9
27	36	19
27	37	67
27	38	9
27	39	19
27	40	29
27	43	19
27	44	19
27	46	19
27	47	19
27	48	19
27	49	48
27	52	9
27	53	19
27	54	58
27	55	135
27	56	58
27	59	38
27	60	9
27	61	9
27	62	19
27	65	9
27	66	19
27	67	19
27	68	67
27	69	9
27	70	19
27	71	48
27	72	106
27	75	48
27	76	9
27	79	9
27	80	67
28	0	158
28	1	3
28	2	177
28	3	301
28	4	21
28	5	140
28	6	1132
28	8	398
28	9	62
28	10	46
28	11	40
28	13	84
28	14	77
28	15	12
28	16	3
28	18	65
28	19	192
28	20	127
28	21	12
28	24	6
28	25	49
28	26	295
28	27	3
28	28	1229
28	29	168
28	31	911
28	33	28
28	34	9
28	35	9
28	36	74
28	38	3
28	39	90
28	40	202
28	41	3
28	42	3
28	43	550
28	44	28
28	46	84
28	47	161
28	48	102
28	49	858
28	51	108
28	52	3
28	53	74
28	54	118
28	55	712
28	56	127
28	58	3
28	59	24
28	60	108
28	61	96
28	62	569
28	63	9
28	64	49
28	65	192
28	66	80
28	67	49
28	68	245
28	70	360
28	71	52
28	72	899
28	74	3
28	75	3
28	76	118
28	77	3
28	78	3
28	79	155
28	80	248
28	82	87
28	83	3
29	0	955
29	1	14
29	2	318
29	3	1707
29	4	662
29	5	386
29	6	636
29	7	5
29	8	146
29	9	512
29	10	360
29	11	160
29	12	2
29	13	197
29	14	174
29	15	126
29	16	5
29	18	174
29	19	1344
29	20	1096
29	21	242
29	25	84
29	26	2000
29	27	2
29	28	73
29	29	2395
29	31	197
29	33	476
29	34	183
29	35	8
29	36	512
29	39	755
29	40	975
29	43	1169
29	44	84
29	46	174
29	47	453
29	48	1203
29	49	140
29	50	56
29	53	343
29	54	842
29	55	4737
29	56	1180
29	59	479
29	60	538
29	61	250
29	62	259
29	63	5
29	64	11
29	65	369
29	66	1518
29	67	588
29	68	774
29	69	14
29	70	307
29	71	121
29	72	510
29	74	5
29	75	287
29	76	11
29	79	1854
29	80	1124
29	82	304
29	83	8
30	33	10
30	35	10
30	47	10
30	60	10
30	64	21
30	79	10
31	0	343
31	1	2
31	2	329
31	3	467
31	4	28
31	5	283
31	6	2073
31	8	433
31	9	92
31	10	72
31	11	60
31	13	124
31	14	274
31	15	92
31	16	2
31	18	187
31	19	502
31	20	268
31	21	72
31	24	2
31	25	106
31	26	716
31	27	5
31	28	722
31	29	233
31	31	2671
31	32	5
31	33	43
31	34	23
31	35	14
31	36	129
31	39	86
31	40	534
31	41	2
31	43	1077
31	44	46
31	46	135
31	47	274
31	48	187
31	49	1241
31	50	5
31	51	28
31	52	2
31	53	170
31	54	129
31	55	1189
31	56	213
31	59	121
31	60	233
31	61	173
31	62	1787
31	63	8
31	64	14
31	65	216
31	66	155
31	67	106
31	68	456
31	69	8
31	70	875
31	71	170
31	72	2330
31	75	31
31	76	101
31	79	297
31	80	335
31	82	179
31	83	11
32	0	93
32	1	260
32	2	15
32	3	54
32	4	7
32	5	58
32	6	42
32	7	171
32	8	15
32	9	7
32	10	11
32	11	15
32	13	1911
32	14	19
32	16	23
32	18	11
32	19	38
32	20	27
32	21	15
32	24	3
32	25	11
32	26	124
32	28	11
32	29	58
32	31	42
32	32	225
32	33	3
32	34	15
32	35	3
32	36	15
32	39	11
32	40	50
32	43	186
32	45	7
32	46	11
32	47	27
32	48	31
32	49	85
32	50	3
32	51	3
32	52	3
32	53	7
32	54	27
32	55	151
32	56	66
32	59	27
32	60	15
32	61	15
32	62	15
32	64	3
32	65	303
32	66	23
32	67	7
32	68	31
32	70	54
32	71	11
32	72	89
32	74	3
32	75	19
32	76	7
32	78	7
32	79	77
32	80	38
32	82	19
33	0	711
33	2	206
33	3	1165
33	4	1006
33	5	336
33	6	520
33	7	6
33	8	76
33	9	701
33	10	184
33	11	142
33	13	209
33	14	130
33	15	60
33	16	3
33	18	101
33	19	1315
33	20	1343
33	21	149
33	25	76
33	26	1137
33	27	3
33	28	63
33	29	1550
33	31	152
33	32	6
33	33	1937
33	34	266
33	35	3
33	36	406
33	39	1089
33	40	657
33	43	654
33	44	63
33	46	158
33	47	381
33	48	1762
33	49	82
33	50	117
33	51	3
33	53	298
33	54	1292
33	55	4326
33	56	1550
33	59	593
33	60	527
33	61	301
33	62	165
33	63	3
33	64	3
33	65	238
33	66	1029
33	67	1006
33	68	800
33	69	44
33	70	130
33	71	107
33	72	371
33	75	466
33	76	6
33	78	3
33	79	746
33	80	1340
33	82	133
33	83	44
34	0	628
34	1	2
34	2	153
34	3	854
34	4	342
34	5	161
34	6	431
34	8	69
34	9	1015
34	10	189
34	11	183
34	13	147
34	14	136
34	15	38
34	18	72
34	19	587
34	20	698
34	21	147
34	25	105
34	26	1157
34	27	2
34	28	47
34	29	823
34	31	83
34	32	2
34	33	286
34	34	1057
34	35	2
34	36	297
34	39	456
34	40	431
34	43	792
34	44	11
34	46	105
34	47	228
34	48	1560
34	49	97
34	50	69
34	51	11
34	53	158
34	54	1302
34	55	2968
34	56	717
34	59	1385
34	60	306
34	61	155
34	62	219
34	65	272
34	66	447
34	67	289
34	68	383
34	69	38
34	70	153
34	71	50
34	72	308
34	75	319
34	78	2
34	79	1023
34	80	631
34	82	91
34	83	33
35	1	4
35	2	14
35	3	42
35	4	9
35	5	14
35	6	66
35	9	28
35	10	4
35	11	9
35	13	9
35	14	19
35	15	14
35	18	19
35	19	47
35	20	38
35	21	4
35	25	9
35	26	52
35	28	19
35	29	33
35	31	33
35	33	23
35	34	14
35	35	1202
35	36	23
35	38	47
35	39	28
35	40	33
35	42	9
35	43	38
35	44	4
35	46	9
35	47	14
35	48	33
35	49	66
35	53	4
35	54	9
35	55	57
35	56	19
35	57	19
35	59	23
35	60	14
35	61	9
35	62	23
35	64	684
35	65	19
35	66	4
35	67	14
35	68	33
35	69	4
35	70	9
35	71	9
35	72	14
35	75	4
35	76	4
35	77	95
35	79	19
35	80	9
35	82	9
36	0	198
36	2	132
36	3	479
36	4	99
36	5	165
36	6	239
36	8	24
36	9	223
36	10	86
36	11	268
36	13	45
36	14	103
36	15	70
36	17	8
36	18	20
36	19	714
36	20	611
36	21	8
36	25	78
36	26	429
36	27	12
36	28	66
36	29	454
36	31	115
36	32	4
36	33	144
36	34	86
36	36	1872
36	39	297
36	40	318
36	43	210
36	44	33
36	46	119
36	47	169
36	48	314
36	49	57
36	50	28
36	51	4
36	52	4
36	53	247
36	54	297
36	55	2000
36	56	359
36	58	4
36	59	123
36	60	309
36	61	173
36	62	99
36	65	57
36	66	293
36	67	264
36	68	413
36	69	16
36	70	95
36	71	28
36	72	301
36	75	123
36	76	12
36	78	4
36	79	198
36	80	380
36	82	49
37	3	11
37	4	11
37	6	33
37	11	145
37	13	22
37	19	11
37	20	11
37	27	134
37	29	11
37	31	11
37	40	11
37	43	22
37	54	33
37	56	22
37	62	11
37	68	11
37	72	11
38	0	15
38	2	7
38	5	15
38	6	22
38	7	7
38	9	7
38	11	15
38	13	22
38	14	7
38	18	15
38	19	7
38	20	30
38	25	22
38	26	38
38	28	7
38	29	7
38	31	7
38	32	7
38	33	30
38	35	191
38	36	7
38	38	84
38	40	15
38	43	38
38	48	7
38	49	38
38	54	15
38	55	30
38	56	22
38	57	7
38	59	7
38	60	7
38	61	15
38	64	244
38	65	7
38	66	7
38	68	22
38	69	7
38	71	7
38	72	22
38	77	7
38	79	15
38	80	30
38	82	7
39	0	204
39	1	5
39	2	96
39	3	705
39	4	309
39	5	213
39	6	179
39	7	2
39	8	44
39	9	246
39	10	141
39	11	102
39	13	71
39	14	52
39	15	91
39	18	38
39	19	611
39	20	1267
39	21	55
39	25	55
39	26	545
39	28	27
39	29	495
39	31	82
39	33	262
39	34	66
39	35	2
39	36	348
39	39	1253
39	40	262
39	43	240
39	44	47
39	46	60
39	47	163
39	48	309
39	49	58
39	50	24
39	51	8
39	53	174
39	54	450
39	55	4788
39	56	857
39	59	193
39	60	398
39	61	99
39	62	85
39	64	5
39	65	85
39	66	730
39	67	594
39	68	403
39	69	8
39	70	107
39	71	41
39	72	193
39	75	196
39	76	2
39	79	331
39	80	1206
39	82	94
39	83	2
40	0	1553
40	1	11
40	2	1129
40	3	3218
40	4	295
40	5	1688
40	6	2294
40	7	23
40	8	277
40	9	525
40	10	920
40	11	158
40	13	540
40	14	621
40	15	161
40	16	5
40	18	534
40	19	2264
40	20	1449
40	21	236
40	25	218
40	26	2754
40	27	5
40	28	247
40	29	1356
40	31	516
40	32	26
40	33	406
40	34	179
40	35	8
40	36	684
40	38	2
40	39	642
40	40	6274
40	43	2130
40	44	158
40	46	406
40	47	1628
40	48	929
40	49	367
40	50	56
40	51	5
40	53	669
40	54	723
40	55	6086
40	56	1213
40	59	385
40	60	842
40	61	815
40	62	585
40	63	8
40	64	5
40	65	764
40	66	1371
40	67	394
40	68	1237
40	69	29
40	70	705
40	71	322
40	72	1753
40	74	5
40	75	265
40	76	92
40	77	2
40	78	2
40	79	1437
40	80	1589
40	82	1156
40	83	26
41	0	18
41	1	4
41	2	18
41	3	18
41	4	9
41	5	14
41	6	32
41	7	9
41	11	4
41	13	271
41	14	4
41	20	18
41	21	4
41	24	46
41	26	14
41	28	14
41	29	4
41	31	51
41	36	4
41	39	4
41	41	18
41	43	84
41	45	9
41	48	9
41	49	84
41	51	4
41	52	14
41	53	9
41	54	4
41	55	37
41	56	4
41	57	4
41	59	4
41	60	18
41	62	9
41	65	60
41	68	14
41	70	9
41	72	23
41	74	154
41	76	14
41	78	70
41	79	4
41	80	18
41	82	4
42	0	4
42	2	9
42	5	4
42	6	14
42	9	4
42	10	4
42	13	9
42	14	9
42	15	9
42	16	4
42	19	4
42	20	28
42	26	9
42	27	4
42	29	19
42	31	9
42	33	9
42	34	4
42	35	228
42	36	4
42	39	14
42	40	28
42	42	61
42	43	23
42	46	4
42	48	4
42	49	9
42	53	19
42	54	19
42	55	52
42	57	4
42	59	4
42	60	9
42	62	14
42	64	176
42	67	9
42	69	4
42	70	4
42	71	4
42	72	14
42	76	4
42	77	104
42	79	14
42	80	23
42	82	4
43	0	3336
43	1	6
43	2	837
43	3	1781
43	4	201
43	5	748
43	6	2893
43	7	58
43	8	601
43	9	629
43	10	400
43	11	158
43	12	6
43	13	1145
43	14	403
43	15	119
43	16	192
43	18	608
43	19	1353
43	20	1090
43	21	433
43	24	6
43	25	131
43	26	5121
43	27	12
43	28	165
43	29	1268
43	31	647
43	32	27
43	33	323
43	34	149
43	35	9
43	36	476
43	39	540
43	40	1402
43	42	3
43	43	19718
43	44	64
43	46	259
43	47	397
43	48	733
43	49	550
43	50	64
43	51	15
43	52	3
43	53	268
43	54	773
43	55	5540
43	56	1317
43	57	3
43	59	513
43	60	684
43	61	351
43	62	880
43	63	9
43	64	3
43	65	3523
43	66	1139
43	67	363
43	68	867
43	69	21
43	70	892
43	71	174
43	72	2090
43	74	15
43	75	174
43	76	36
43	77	6
43	78	3
43	79	1723
43	80	1069
43	81	3
43	82	589
43	83	42
44	0	381
44	2	192
44	3	600
44	4	102
44	5	308
44	6	530
44	7	3
44	8	79
44	9	126
44	10	89
44	11	145
44	13	56
44	14	175
44	15	102
44	16	6
44	17	3
44	18	99
44	19	746
44	20	471
44	21	66
44	24	3
44	25	192
44	26	457
44	28	106
44	29	321
44	31	169
44	33	56
44	34	46
44	35	6
44	36	172
44	39	152
44	40	504
44	43	338
44	44	1074
44	46	305
44	47	291
44	48	325
44	49	132
44	50	13
44	51	9
44	52	3
44	53	507
44	54	305
44	55	1161
44	56	248
44	58	3
44	59	79
44	60	245
44	61	603
44	62	301
44	65	102
44	66	225
44	67	142
44	68	583
44	69	6
44	70	255
44	71	258
44	72	487
44	75	89
44	76	6
44	77	3
44	79	311
44	80	381
44	82	162
44	83	6
45	3	2
45	6	7
45	9	2
45	13	7
45	25	2
45	26	2
45	43	4
45	46	2
45	49	2
45	52	2
45	55	7
45	59	2
45	61	4
45	62	2
45	68	4
45	71	2
45	72	2
45	74	4
45	82	2
46	0	22
46	2	22
46	3	37
46	4	7
46	5	26
46	6	22
46	9	7
46	10	7
46	11	7
46	13	3
46	14	7
46	18	3
46	19	18
46	20	18
46	21	3
46	25	22
46	26	11
46	29	45
46	33	7
46	35	3
46	36	11
46	39	3
46	40	45
46	43	15
46	44	11
46	46	22
46	47	18
46	48	15
46	49	15
46	53	26
46	54	18
46	55	11
46	56	3
46	59	15
46	60	22
46	61	26
46	62	11
46	66	7
46	67	7
46	68	22
46	70	18
46	71	18
46	72	18
46	75	7
46	79	18
46	80	11
46	82	3
47	0	682
47	1	6
47	2	488
47	3	2147
47	4	234
47	5	767
47	6	1056
47	7	9
47	8	142
47	9	307
47	10	532
47	11	107
47	13	187
47	14	272
47	15	79
47	16	3
47	18	193
47	19	1785
47	20	986
47	21	171
47	25	269
47	26	1310
47	27	3
47	28	123
47	29	824
47	31	231
47	33	314
47	34	85
47	35	9
47	36	440
47	39	482
47	40	2065
47	43	954
47	44	139
47	46	339
47	47	1979
47	48	628
47	49	114
47	50	66
47	51	9
47	53	520
47	54	593
47	55	3473
47	56	624
47	58	3
47	59	364
47	60	482
47	61	656
47	62	266
47	63	6
47	64	6
47	65	377
47	66	748
47	67	367
47	68	837
47	69	6
47	70	393
47	71	183
47	72	967
47	73	3
47	75	177
47	76	22
47	77	3
47	79	726
47	80	831
47	82	336
47	83	12
48	0	1295
48	1	3
48	2	338
48	3	2031
48	4	1606
48	5	414
48	6	649
48	7	17
48	8	89
48	9	2145
48	10	331
48	11	200
48	13	290
48	14	214
48	15	200
48	16	3
48	18	145
48	19	1920
48	20	1399
48	21	293
48	25	169
48	26	2525
48	27	10
48	28	127
48	29	2328
48	31	186
48	33	1012
48	34	687
48	35	6
48	36	583
48	39	1109
48	40	967
48	43	1136
48	44	69
48	46	231
48	47	535
48	48	6971
48	49	152
48	50	131
48	51	10
48	53	590
48	54	3865
48	55	5275
48	56	1312
48	57	3
48	59	2615
48	60	583
48	61	411
48	62	276
48	63	10
48	64	3
48	65	428
48	66	1067
48	67	1451
48	68	1181
48	69	76
48	70	293
48	71	107
48	72	649
48	75	1147
48	76	10
48	77	3
48	79	2100
48	80	1565
48	81	3
48	82	221
48	83	62
49	0	392
49	1	24
49	2	246
49	3	510
49	4	76
49	5	204
49	6	1571
49	7	10
49	8	305
49	9	159
49	10	131
49	11	93
49	12	3
49	13	225
49	14	170
49	15	38
49	16	13
49	18	97
49	19	329
49	20	246
49	21	79
49	23	3
49	24	27
49	25	79
49	26	430
49	27	3
49	28	801
49	29	263
49	31	1162
49	32	17
49	33	76
49	34	31
49	35	72
49	36	100
49	39	170
49	40	489
49	41	3
49	43	739
49	44	45
49	46	128
49	47	194
49	48	170
49	49	10200
49	50	6
49	51	52
49	52	13
49	53	235
49	54	284
49	55	850
49	56	204
49	57	6
49	58	17
49	59	135
49	60	215
49	61	180
49	62	822
49	63	145
49	64	41
49	65	190
49	66	211
49	67	166
49	68	336
49	69	3
49	70	756
49	71	100
49	72	1339
49	74	27
49	75	34
49	76	468
49	78	24
49	79	183
49	80	527
49	81	20
49	82	90
49	83	6
50	0	297
50	2	72
50	3	450
50	4	305
50	5	64
50	6	125
50	8	11
50	9	324
50	10	61
50	11	64
50	13	41
50	14	49
50	15	30
50	16	3
50	18	41
50	19	469
50	20	400
50	21	38
50	25	34
50	26	435
50	28	30
50	29	351
50	31	45
50	33	225
50	34	95
50	35	3
50	36	118
50	39	290
50	40	198
50	43	164
50	44	15
50	46	53
50	47	145
50	48	805
50	49	22
50	50	542
50	51	11
50	53	171
50	54	843
50	55	1122
50	56	293
50	59	271
50	60	122
50	61	72
50	62	41
50	64	3
50	65	41
50	66	190
50	67	649
50	68	301
50	69	19
50	70	45
50	71	15
50	72	118
50	75	400
50	76	3
50	79	305
50	80	374
50	82	57
50	83	11
51	0	54
51	2	20
51	3	37
51	4	3
51	5	27
51	6	157
51	8	20
51	9	10
51	10	3
51	11	6
51	13	3
51	15	3
51	18	13
51	19	37
51	20	30
51	25	13
51	26	30
51	28	198
51	29	61
51	31	102
51	32	6
51	33	13
51	36	10
51	39	10
51	40	30
51	43	82
51	44	17
51	46	23
51	47	27
51	48	13
51	49	212
51	51	102
51	53	30
51	54	20
51	55	106
51	56	30
51	57	3
51	59	10
51	60	51
51	61	3
51	62	113
51	63	3
51	64	27
51	65	27
51	66	37
51	67	13
51	68	58
51	70	113
51	71	27
51	72	181
51	75	6
51	76	44
51	78	3
51	79	34
51	80	27
51	82	10
52	0	39
52	2	3
52	3	7
52	4	7
52	6	14
52	7	10
52	9	7
52	13	171
52	16	10
52	21	10
52	24	3
52	26	3
52	28	17
52	29	10
52	31	10
52	35	3
52	39	3
52	40	7
52	41	3
52	43	28
52	48	10
52	49	17
52	52	21
52	54	7
52	55	17
52	56	10
52	59	3
52	60	3
52	62	10
52	64	7
52	65	46
52	66	14
52	67	3
52	68	7
52	70	3
52	72	10
52	74	28
52	75	3
52	78	14
52	79	7
52	80	3
52	82	7
53	0	539
53	1	3
53	2	331
53	3	1867
53	4	258
53	5	743
53	6	780
53	7	14
53	8	105
53	9	415
53	10	251
53	11	350
53	13	156
53	14	215
53	15	350
53	18	149
53	19	2486
53	20	1217
53	21	113
53	25	390
53	26	1316
53	27	7
53	28	116
53	29	853
53	31	153
53	32	7
53	33	331
53	34	120
53	35	3
53	36	525
53	39	510
53	40	1177
53	43	670
53	44	477
53	46	503
53	47	718
53	48	878
53	49	171
53	50	65
53	51	7
53	52	7
53	53	3351
53	54	875
53	55	2807
53	56	605
53	59	306
53	60	980
53	61	853
53	62	357
53	65	269
53	66	576
53	67	554
53	68	2333
53	69	10
53	70	357
53	71	160
53	72	714
53	74	3
53	75	262
53	76	32
53	79	729
53	80	969
53	82	258
53	83	25
54	0	1490
54	1	14
54	2	484
54	3	2656
54	4	1870
54	5	625
54	6	868
54	7	14
54	8	145
54	9	3144
54	10	394
54	11	462
54	13	327
54	14	245
54	15	167
54	18	130
54	19	2615
54	20	1997
54	21	279
54	24	11
54	25	253
54	26	3088
54	28	115
54	29	2734
54	31	234
54	32	7
54	33	1564
54	34	775
54	35	11
54	36	871
54	39	1825
54	40	1386
54	43	1266
54	44	78
54	46	283
54	47	745
54	48	4948
54	49	208
54	50	376
54	51	26
54	52	3
54	53	1058
54	54	8115
54	55	6371
54	56	1814
54	59	2835
54	60	879
54	61	503
54	62	435
54	64	3
54	65	469
54	66	1114
54	67	2213
54	68	1740
54	69	63
54	70	335
54	71	100
54	72	853
54	75	1632
54	76	11
54	79	2041
54	80	2306
54	82	223
54	83	108
55	0	115
55	2	92
55	3	352
55	4	73
55	5	86
55	6	163
55	7	9
55	8	12
55	9	115
55	10	80
55	11	96
55	13	25
55	14	44
55	15	28
55	16	3
55	18	32
55	19	262
55	20	900
55	21	16
55	25	32
55	26	307
55	27	3
55	28	16
55	29	182
55	31	54
55	32	6
55	33	134
55	34	35
55	36	160
55	39	256
55	40	141
55	43	179
55	44	22
55	46	12
55	47	105
55	48	163
55	49	38
55	50	9
55	53	105
55	54	173
55	55	2740
55	56	346
55	59	83
55	60	150
55	61	67
55	62	60
55	65	57
55	66	323
55	67	125
55	68	250
55	69	3
55	70	67
55	71	32
55	72	141
55	74	6
55	75	54
55	76	6
55	79	144
55	80	535
55	82	67
55	83	3
56	0	209
56	1	2
56	2	107
56	3	530
56	4	267
56	5	183
56	6	200
56	7	2
56	8	26
56	9	200
56	10	93
56	11	61
56	13	64
56	14	52
56	15	66
56	18	40
56	19	483
56	20	582
56	21	58
56	25	46
56	26	401
56	27	2
56	28	11
56	29	401
56	31	55
56	33	329
56	34	72
56	36	125
56	39	509
56	40	250
56	43	218
56	44	17
56	46	55
56	47	160
56	48	361
56	49	34
56	50	52
56	51	2
56	53	113
56	54	375
56	55	2178
56	56	1263
56	59	157
56	60	195
56	61	93
56	62	72
56	64	5
56	65	101
56	66	591
56	67	276
56	68	311
56	69	20
56	70	61
56	71	37
56	72	145
56	73	2
56	75	163
56	79	241
56	80	687
56	82	90
57	3	9
57	5	9
57	6	9
57	9	9
57	13	18
57	14	9
57	18	18
57	19	18
57	26	9
57	29	9
57	33	18
57	35	178
57	38	28
57	39	9
57	40	9
57	43	9
57	44	9
57	47	18
57	48	28
57	49	18
57	54	37
57	55	18
57	57	93
57	61	18
57	64	75
57	65	9
57	67	18
57	70	9
57	72	9
57	75	9
57	80	18
57	82	18
58	2	3
58	3	3
58	6	19
58	8	3
58	18	3
58	19	3
58	20	7
58	28	3
58	29	3
58	31	11
58	33	3
58	35	3
58	36	3
58	40	7
58	47	3
58	48	7
58	49	64
58	53	3
58	54	3
58	55	3
58	58	11
58	59	3
58	60	3
58	62	11
58	65	7
58	68	3
58	70	3
58	72	15
58	76	3
58	79	3
59	0	1156
59	1	15
59	2	352
59	3	1937
59	4	835
59	5	393
59	6	810
59	7	9
59	8	114
59	9	3481
59	10	333
59	11	263
59	12	3
59	13	327
59	14	165
59	15	111
59	16	9
59	18	85
59	19	1528
59	20	1798
59	21	352
59	24	6
59	25	149
59	26	2455
59	27	6
59	28	69
59	29	1887
59	31	241
59	32	6
59	33	667
59	34	911
59	35	3
59	36	740
59	39	1194
59	40	867
59	41	6
59	43	1280
59	44	101
59	46	184
59	47	514
59	48	3291
59	49	219
59	50	149
59	53	463
59	54	3532
59	55	7805
59	56	1966
59	59	8005
59	60	743
59	61	311
59	62	295
59	63	6
59	64	3
59	65	466
59	66	1035
59	67	991
59	68	1175
59	69	111
59	70	324
59	71	136
59	72	749
59	74	9
59	75	816
59	76	25
59	79	2099
59	80	1655
59	82	171
59	83	47
60	0	486
60	1	6
60	2	298
60	3	1744
60	4	217
60	5	547
60	6	632
60	7	6
60	8	126
60	9	437
60	10	230
60	11	392
60	13	129
60	14	191
60	15	538
60	16	3
60	18	106
60	19	2042
60	20	1799
60	21	181
60	25	243
60	26	1329
60	27	19
60	28	90
60	29	842
60	31	181
60	33	327
60	34	123
60	36	868
60	39	667
60	40	868
60	42	3
60	43	583
60	44	184
60	46	346
60	47	628
60	48	645
60	49	158
60	50	68
60	51	3
60	53	771
60	54	696
60	55	5919
60	56	1037
60	59	327
60	60	2087
60	61	405
60	62	376
60	64	3
60	65	239
60	66	654
60	67	580
60	68	2444
60	69	25
60	70	298
60	71	123
60	72	589
60	75	376
60	76	22
60	79	758
60	80	1073
60	82	165
60	83	12
61	0	744
61	1	17
61	2	658
61	3	1150
61	4	161
61	5	837
61	6	1205
61	7	3
61	8	179
61	9	268
61	10	161
61	11	313
61	13	113
61	14	506
61	15	110
61	16	3
61	18	227
61	19	1374
61	20	668
61	21	86
61	25	627
61	26	1136
61	27	3
61	28	186
61	29	692
61	31	554
61	32	3
61	33	282
61	34	89
61	35	6
61	36	248
61	38	3
61	39	296
61	40	1312
61	43	1068
61	44	272
61	46	606
61	47	850
61	48	640
61	49	265
61	50	17
61	51	10
61	52	3
61	53	658
61	54	554
61	55	1691
61	56	330
61	59	213
61	60	358
61	61	2332
61	62	606
61	64	6
61	65	227
61	66	306
61	67	203
61	68	802
61	69	6
61	70	651
61	71	530
61	72	1471
61	74	3
61	75	172
61	76	44
61	79	609
61	80	599
61	82	344
61	83	17
62	0	468
62	2	511
62	3	792
62	4	49
62	5	373
62	6	3051
62	7	12
62	8	391
62	9	203
62	10	132
62	11	138
62	13	188
62	14	234
62	15	64
62	16	3
62	18	163
62	19	678
62	20	440
62	21	107
62	24	6
62	25	178
62	26	1041
62	27	3
62	28	573
62	29	443
62	31	2490
62	32	6
62	33	89
62	34	24
62	35	9
62	36	258
62	39	234
62	40	567
62	41	3
62	43	1414
62	44	98
62	46	191
62	47	360
62	48	258
62	49	1362
62	50	3
62	51	24
62	53	184
62	54	332
62	55	2154
62	56	422
62	57	3
62	59	104
62	60	382
62	61	234
62	62	4494
62	63	3
62	64	18
62	65	317
62	66	302
62	67	181
62	68	675
62	69	6
62	70	1581
62	71	215
62	72	3249
62	73	3
62	74	3
62	75	64
62	76	80
62	79	394
62	80	635
62	82	274
62	83	3
63	0	41
63	1	8
63	2	103
63	3	53
63	4	12
63	5	20
63	6	260
63	7	8
63	8	41
63	9	20
63	10	45
63	11	20
63	13	78
63	14	20
63	15	12
63	17	4
63	18	66
63	19	70
63	20	41
63	21	8
63	24	4
63	25	16
63	26	144
63	28	115
63	29	49
63	31	173
63	33	12
63	34	12
63	35	20
63	36	16
63	38	4
63	39	24
63	40	91
63	43	177
63	44	12
63	46	53
63	47	37
63	48	33
63	49	1622
63	51	16
63	53	45
63	54	78
63	55	173
63	56	53
63	59	20
63	60	41
63	61	37
63	62	120
63	63	1109
63	64	4
63	65	24
63	66	37
63	67	41
63	68	62
63	70	149
63	71	16
63	72	186
63	76	120
63	79	33
63	80	136
63	82	4
64	3	17
64	4	5
64	6	5
64	9	17
64	10	5
64	13	11
64	14	5
64	15	5
64	18	5
64	19	5
64	20	5
64	25	5
64	27	5
64	29	11
64	31	5
64	33	11
64	35	191
64	40	11
64	43	17
64	46	5
64	48	5
64	49	11
64	53	11
64	54	23
64	55	5
64	57	17
64	59	29
64	60	17
64	61	5
64	62	5
64	63	11
64	64	767
64	65	11
64	66	11
64	67	11
64	68	17
64	70	5
64	71	11
64	72	5
64	74	5
64	82	11
65	0	2013
65	1	28
65	2	354
65	3	1069
65	4	59
65	5	343
65	6	1666
65	7	210
65	8	245
65	9	143
65	10	242
65	11	73
65	12	10
65	13	2613
65	14	171
65	15	28
65	16	466
65	18	192
65	19	778
65	20	336
65	21	147
65	24	7
65	25	101
65	26	2585
65	28	70
65	29	747
65	31	357
65	32	66
65	33	105
65	34	66
65	35	38
65	36	122
65	38	3
65	39	157
65	40	722
65	42	3
65	43	6728
65	44	21
65	45	3
65	46	98
65	47	252
65	48	382
65	49	368
65	50	7
65	51	17
65	52	3
65	53	196
65	54	231
65	55	1459
65	56	396
65	57	3
65	59	203
65	60	228
65	61	157
65	62	403
65	63	3
65	64	31
65	65	6984
65	66	361
65	67	108
65	68	606
65	69	3
65	70	357
65	71	45
65	72	1073
65	74	10
65	75	56
65	76	17
65	78	3
65	79	1024
65	80	326
65	82	252
65	83	10
66	0	240
66	2	74
66	3	917
66	4	231
66	5	162
66	6	257
66	7	5
66	8	31
66	9	194
66	10	191
66	11	111
66	13	80
66	14	57
66	15	48
66	16	2
66	18	40
66	19	565
66	20	740
66	21	85
66	25	45
66	26	500
66	28	48
66	29	503
66	31	94
66	32	2
66	33	182
66	34	42
66	35	2
66	36	237
66	39	337
66	40	377
66	43	380
66	44	20
66	46	37
66	47	162
66	48	311
66	49	82
66	50	42
66	53	114
66	54	314
66	55	3492
66	56	991
66	59	228
66	60	305
66	61	77
66	62	60
66	64	8
66	65	100
66	66	1454
66	67	325
66	68	271
66	69	2
66	70	85
66	71	31
66	72	214
66	75	82
66	76	2
66	79	314
66	80	1151
66	82	54
66	83	2
67	0	693
67	1	9
67	2	168
67	3	1314
67	4	1109
67	5	317
67	6	402
67	8	95
67	9	1027
67	10	251
67	11	231
67	13	165
67	14	128
67	15	165
67	16	6
67	18	66
67	19	1403
67	20	1757
67	21	148
67	25	69
67	26	1298
67	27	9
67	28	79
67	29	1340
67	31	142
67	32	9
67	33	881
67	34	300
67	36	630
67	39	1519
67	40	657
67	43	558
67	44	89
67	46	184
67	47	379
67	48	1826
67	49	99
67	50	227
67	51	6
67	53	393
67	54	2057
67	55	6520
67	56	1443
67	59	835
67	60	660
67	61	307
67	62	188
67	63	3
67	65	214
67	66	1027
67	67	3299
67	68	1030
67	69	42
67	70	175
67	71	89
67	72	432
67	75	1175
67	76	3
67	79	858
67	80	1661
67	82	112
67	83	39
68	0	325
68	2	188
68	3	1050
68	4	169
68	5	341
68	6	497
68	8	61
68	9	305
68	10	175
68	11	204
68	13	91
68	14	133
68	15	500
68	16	3
68	18	87
68	19	1304
68	20	1102
68	21	29
68	25	94
68	26	940
68	27	6
68	28	55
68	29	647
68	31	133
68	32	6
68	33	224
68	34	74
68	35	3
68	36	546
68	39	487
68	40	735
68	43	426
68	44	100
68	46	204
68	47	328
68	48	500
68	49	123
68	50	45
68	51	3
68	53	572
68	54	608
68	55	3935
68	56	686
68	57	3
68	59	221
68	60	969
68	61	243
68	62	198
68	64	3
68	65	182
68	66	504
68	67	364
68	68	2621
68	69	6
68	70	247
68	71	65
68	72	481
68	74	9
68	75	266
68	79	556
68	80	722
68	82	156
68	83	9
69	0	106
69	2	23
69	3	181
69	4	43
69	5	51
69	6	129
69	7	3
69	8	27
69	9	255
69	10	51
69	11	35
69	13	74
69	14	39
69	15	11
69	18	55
69	19	169
69	20	177
69	21	39
69	25	23
69	26	192
69	27	3
69	28	7
69	29	307
69	31	23
69	33	23
69	34	110
69	36	35
69	39	63
69	40	82
69	43	208
69	44	3
69	46	51
69	47	35
69	48	374
69	49	19
69	50	15
69	53	31
69	54	330
69	55	882
69	56	181
69	59	799
69	60	86
69	61	47
69	62	31
69	65	51
69	66	141
69	67	129
69	68	78
69	69	334
69	70	47
69	71	3
69	72	102
69	75	66
69	76	7
69	79	169
69	80	129
69	82	31
69	83	11
70	0	721
70	1	6
70	2	856
70	3	1619
70	4	129
70	5	718
70	6	4751
70	7	6
70	8	601
70	9	255
70	10	264
70	11	192
70	12	3
70	13	234
70	14	516
70	15	183
70	16	6
70	18	249
70	19	1418
70	20	892
70	21	168
70	24	18
70	25	375
70	26	1706
70	27	3
70	28	534
70	29	604
70	31	1712
70	32	21
70	33	129
70	34	57
70	35	30
70	36	384
70	39	372
70	40	1307
70	43	2058
70	44	159
70	46	336
70	47	622
70	48	408
70	49	1523
70	50	12
70	51	42
70	53	432
70	54	453
70	55	3389
70	56	628
70	58	3
70	59	219
70	60	586
70	61	540
70	62	2659
70	63	12
70	64	15
70	65	432
70	66	525
70	67	252
70	68	1102
70	69	9
70	70	5193
70	71	715
70	72	6022
70	74	9
70	75	120
70	76	135
70	78	3
70	79	736
70	80	1120
70	82	330
70	83	6
71	0	818
71	1	11
71	2	914
71	3	1764
71	4	170
71	5	1157
71	6	2615
71	7	8
71	8	318
71	9	318
71	10	352
71	11	295
71	12	2
71	13	150
71	14	804
71	15	147
71	16	5
71	18	240
71	19	1495
71	20	838
71	21	159
71	24	8
71	25	812
71	26	1727
71	28	300
71	29	859
71	31	711
71	32	2
71	33	266
71	34	109
71	35	5
71	36	396
71	37	2
71	38	5
71	39	483
71	40	1686
71	43	1631
71	44	309
71	46	691
71	47	902
71	48	581
71	49	352
71	50	17
71	51	28
71	53	856
71	54	648
71	55	3517
71	56	746
71	57	2
71	59	277
71	60	569
71	61	1284
71	62	1024
71	63	5
71	64	2
71	65	329
71	66	488
71	67	292
71	68	1151
71	69	20
71	70	1536
71	71	2418
71	72	2889
71	75	208
71	76	34
71	77	5
71	79	862
71	80	969
71	82	402
71	83	17
72	0	720
72	1	2
72	2	850
72	3	1150
72	4	49
72	5	498
72	6	4272
72	7	2
72	8	616
72	9	213
72	10	178
72	11	155
72	12	2
72	13	184
72	14	478
72	15	121
72	16	11
72	18	273
72	19	1109
72	20	510
72	21	121
72	24	5
72	25	262
72	26	1452
72	28	585
72	29	455
72	31	1709
72	32	11
72	33	46
72	34	49
72	35	14
72	36	270
72	39	253
72	40	934
72	43	1729
72	44	86
72	46	230
72	47	435
72	48	319
72	49	1611
72	50	2
72	51	20
72	52	2
72	53	360
72	54	334
72	55	2167
72	56	394
72	57	8
72	59	198
72	60	432
72	61	319
72	62	2188
72	63	14
72	64	23
72	65	406
72	66	325
72	67	155
72	68	821
72	69	5
72	70	2441
72	71	319
72	72	6477
72	74	2
72	75	69
72	76	109
72	78	2
72	79	536
72	80	709
72	82	343
72	83	5
73	6	12
73	10	12
73	11	157
73	13	12
73	15	12
73	25	24
73	26	12
73	29	24
73	31	12
73	39	12
73	49	12
73	50	12
73	55	24
73	60	12
73	68	24
73	75	36
73	79	12
74	0	70
74	1	23
74	2	46
74	3	32
74	5	14
74	6	74
74	7	28
74	8	37
74	9	9
74	11	18
74	13	763
74	15	9
74	16	14
74	18	18
74	19	14
74	20	23
74	24	46
74	25	4
74	26	37
74	28	32
74	29	28
74	31	37
74	32	4
74	33	4
74	34	4
74	36	14
74	39	23
74	40	56
74	41	56
74	43	126
74	44	4
74	45	9
74	46	14
74	47	9
74	48	9
74	49	215
74	51	4
74	52	46
74	53	28
74	54	42
74	55	192
74	56	46
74	59	14
74	60	42
74	61	14
74	62	37
74	63	4
74	65	107
74	66	4
74	67	28
74	68	32
74	70	51
74	71	14
74	72	84
74	74	229
74	75	4
74	76	37
74	78	145
74	79	32
74	80	23
74	82	23
75	0	553
75	2	210
75	3	1271
75	4	896
75	5	393
75	6	351
75	7	3
75	8	48
75	9	1100
75	10	246
75	11	168
75	13	171
75	14	117
75	15	153
75	16	3
75	17	3
75	18	72
75	19	1274
75	20	2071
75	21	183
75	25	57
75	26	1073
75	27	6
75	28	51
75	29	1073
75	31	129
75	32	3
75	33	580
75	34	168
75	35	3
75	36	868
75	39	1527
75	40	481
75	43	544
75	44	57
75	46	198
75	47	300
75	48	944
75	49	96
75	50	207
75	51	3
75	53	279
75	54	1389
75	55	9168
75	56	1494
75	59	751
75	60	793
75	61	240
75	62	135
75	63	3
75	64	12
75	65	204
75	66	887
75	67	1807
75	68	980
75	69	9
75	70	138
75	71	96
75	72	384
75	75	2198
75	76	6
75	79	1010
75	80	1545
75	82	93
75	83	24
76	0	110
76	2	70
76	3	110
76	4	3
76	5	86
76	6	437
76	8	96
76	9	23
76	10	33
76	11	10
76	13	53
76	14	26
76	15	20
76	16	6
76	18	30
76	19	126
76	20	70
76	21	23
76	24	3
76	25	13
76	26	183
76	28	313
76	29	70
76	31	316
76	32	6
76	33	13
76	35	16
76	36	36
76	38	3
76	39	40
76	40	90
76	43	276
76	44	6
76	46	33
76	47	36
76	48	36
76	49	934
76	51	46
76	53	40
76	54	50
76	55	330
76	56	63
76	59	36
76	60	43
76	61	56
76	62	243
76	63	6
76	64	13
76	65	26
76	66	60
76	67	50
76	68	103
76	70	180
76	71	30
76	72	487
76	74	3
76	75	3
76	76	386
76	79	80
76	80	140
76	82	33
77	0	3
77	2	7
77	3	3
77	4	7
77	6	3
77	7	3
77	8	11
77	9	7
77	10	7
77	13	23
77	14	3
77	16	3
77	18	3
77	19	11
77	20	11
77	21	3
77	25	3
77	28	3
77	29	15
77	31	15
77	32	7
77	33	11
77	35	158
77	39	3
77	40	7
77	42	11
77	43	19
77	46	3
77	47	7
77	48	15
77	49	3
77	53	15
77	54	15
77	55	11
77	57	7
77	59	11
77	60	11
77	61	7
77	62	3
77	64	94
77	65	7
77	66	3
77	68	15
77	70	3
77	72	11
77	77	91
77	79	7
77	82	3
78	0	41
78	1	9
78	2	13
78	3	73
78	4	4
78	5	9
78	6	77
78	7	45
78	8	4
78	9	9
78	10	4
78	11	13
78	13	736
78	14	4
78	18	9
78	19	22
78	20	41
78	21	4
78	24	77
78	25	4
78	26	59
78	28	41
78	29	41
78	31	50
78	32	13
78	34	13
78	36	22
78	39	4
78	40	64
78	41	45
78	42	4
78	43	114
78	45	4
78	46	4
78	47	4
78	48	41
78	49	215
78	51	9
78	52	59
78	53	27
78	54	13
78	55	141
78	56	45
78	57	4
78	59	18
78	60	27
78	61	41
78	62	32
78	63	9
78	65	109
78	66	13
78	67	18
78	68	41
78	70	32
78	71	4
78	72	50
78	74	411
78	76	32
78	78	164
78	79	45
78	80	32
78	82	9
79	0	975
79	2	250
79	3	769
79	4	233
79	5	186
79	6	491
79	7	10
79	8	49
79	9	269
79	10	120
79	11	104
79	13	167
79	14	151
79	15	41
79	18	90
79	19	574
79	20	508
79	21	170
79	24	5
79	25	71
79	26	1964
79	28	68
79	29	893
79	31	145
79	33	206
79	34	107
79	36	181
79	38	2
79	39	305
79	40	494
79	43	953
79	44	60
79	46	63
79	47	230
79	48	596
79	49	90
79	50	13
79	52	2
79	53	153
79	54	494
79	55	1975
79	56	516
79	59	239
79	60	222
79	61	167
79	62	159
79	63	2
79	64	2
79	65	299
79	66	401
79	67	142
79	68	351
79	69	5
79	70	153
79	71	49
79	72	395
79	75	129
79	76	16
79	79	2099
79	80	453
79	82	186
79	83	24
80	0	211
80	1	2
80	2	110
80	3	672
80	4	165
80	5	162
80	6	214
80	7	7
80	8	24
80	9	155
80	10	145
80	11	120
80	13	71
80	14	59
80	15	61
80	16	2
80	18	54
80	19	534
80	20	928
80	21	51
80	24	2
80	25	34
80	26	500
80	27	4
80	28	41
80	29	428
80	31	51
80	33	184
80	34	61
80	36	219
80	37	2
80	39	416
80	40	263
80	43	251
80	44	24
80	46	56
80	47	88
80	48	231
80	49	41
80	50	14
80	51	2
80	53	113
80	54	268
80	55	3604
80	56	746
80	59	172
80	60	275
80	61	64
80	62	93
80	64	4
80	65	101
80	66	652
80	67	290
80	68	379
80	69	2
80	70	81
80	71	14
80	72	174
80	75	78
80	76	4
80	79	266
80	80	1416
80	82	91
81	0	24
81	2	20
81	3	12
81	5	20
81	6	32
81	9	4
81	10	16
81	11	8
81	13	12
81	14	8
81	19	12
81	20	12
81	21	4
81	24	4
81	26	12
81	28	24
81	29	16
81	31	16
81	35	4
81	36	8
81	39	16
81	40	12
81	43	20
81	44	4
81	48	16
81	49	267
81	50	4
81	51	4
81	53	4
81	54	24
81	55	24
81	56	4
81	58	20
81	59	4
81	60	4
81	61	12
81	62	28
81	63	8
81	64	4
81	65	4
81	66	4
81	68	16
81	70	16
81	72	40
81	79	8
81	80	36
81	81	16
82	0	1540
82	1	9
82	2	991
82	3	1452
82	4	156
82	5	744
82	6	1763
82	7	27
82	8	295
82	9	256
82	10	470
82	11	93
82	13	485
82	14	548
82	15	96
82	16	18
82	18	699
82	19	1235
82	20	816
82	21	168
82	24	3
82	25	210
82	26	2670
82	28	277
82	29	828
82	31	614
82	32	9
82	33	223
82	34	102
82	35	3
82	36	247
82	38	3
82	39	286
82	40	2456
82	43	2640
82	44	84
82	46	253
82	47	563
82	48	560
82	49	382
82	50	24
82	51	9
82	52	9
82	53	394
82	54	286
82	55	3640
82	56	783
82	58	3
82	59	253
82	60	524
82	61	427
82	62	608
82	63	30
82	64	3
82	65	825
82	66	693
82	67	195
82	68	837
82	69	6
82	70	530
82	71	144
82	72	1537
82	74	3
82	75	75
82	76	60
82	78	9
82	79	1051
82	80	843
82	81	3
82	82	2085
82	83	6
83	0	30
83	2	2
83	3	41
83	4	16
83	5	8
83	6	16
83	9	30
83	10	2
83	13	13
83	14	8
83	19	27
83	20	33
83	21	8
83	26	60
83	28	5
83	29	19
83	33	2
83	34	16
83	36	5
83	39	16
83	40	22
83	43	19
83	44	2
83	46	2
83	47	13
83	48	83
83	49	5
83	50	2
83	53	11
83	54	33
83	55	102
83	56	22
83	59	58
83	60	16
83	62	5
83	65	16
83	66	27
83	67	13
83	68	16
83	70	2
83	72	5
83	75	8
83	79	41
83	80	19
83	82	2
83	83	8
