82	5576
0	0	2726
0	1	1613
0	2	187
0	3	59
0	4	65
0	5	428
0	6	181
0	7	121
0	8	1697
0	10	500
0	11	203
0	12	2088
0	13	106
0	14	950
0	15	3
0	16	6
0	17	325
0	18	96
0	19	703
0	21	206
0	22	744
0	23	531
0	24	34
0	25	3270
0	26	375
0	27	121
0	28	2520
0	29	709
0	30	384
0	31	68
0	32	118
0	34	656
0	35	975
0	36	1128
0	37	3
0	38	1982
0	39	46
0	40	1138
0	41	3
0	42	650
0	44	31
0	45	2548
0	46	21
0	47	43
0	48	362
0	49	53
0	50	1125
0	51	472
0	52	156
0	53	84
0	54	228
0	55	62
0	56	256
0	57	9
0	58	356
0	59	762
0	60	3
0	61	12
0	62	9
0	63	303
0	64	193
0	65	196
0	66	1019
0	67	412
0	68	3
0	69	3
0	70	171
0	71	146
0	72	68
0	73	268
0	74	594
0	75	93
0	76	1466
0	77	96
0	78	756
0	79	418
0	80	87
0	81	6
1	0	710
1	1	2448
1	2	39
1	3	26
1	4	34
1	5	285
1	6	115
1	7	120
1	8	1339
1	10	230
1	11	102
1	12	1014
1	13	47
1	14	977
1	16	2
1	17	133
1	18	57
1	19	380
1	21	138
1	22	356
1	23	186
1	24	18
1	25	2139
1	26	175
1	27	47
1	28	1578
1	29	665
1	30	220
1	31	18
1	32	73
1	34	238
1	35	450
1	36	1397
1	37	2
1	38	1612
1	39	39
1	40	697
1	42	353
1	44	41
1	45	1583
1	46	10
1	47	5
1	48	162
1	49	26
1	50	359
1	51	235
1	52	123
1	53	31
1	54	104
1	55	39
1	56	288
1	57	10
1	58	251
1	59	760
1	60	2
1	61	5
1	62	2
1	63	429
1	64	39
1	65	94
1	66	500
1	67	511
1	68	2
1	70	65
1	71	70
1	72	34
1	73	144
1	74	471
1	75	26
1	76	705
1	77	31
1	78	768
1	79	390
1	80	52
2	0	203
2	1	169
2	2	3331
2	3	2
2	4	6
2	5	50
2	6	22
2	7	9
2	8	1769
2	10	2369
2	11	29
2	12	455
2	13	366
2	14	148
2	17	4860
2	18	13
2	19	274
2	21	20
2	22	455
2	23	4890
2	24	180
2	25	1172
2	26	77
2	27	73
2	28	732
2	29	52
2	30	382
2	31	2
2	32	1572
2	34	1284
2	35	1277
2	36	84
2	37	18
2	38	217
2	39	20
2	40	125
2	41	2
2	42	146
2	44	11
2	45	499
2	46	73
2	47	141
2	48	43
2	49	6
2	50	93
2	51	66
2	52	780
2	53	267
2	54	70
2	55	428
2	56	66
2	57	50
2	58	75
2	59	148
2	60	41
2	61	16
2	62	4
2	63	32
2	64	283
2	65	338
2	66	98
2	67	68
2	70	125
2	71	1671
2	72	4
2	73	109
2	74	105
2	75	210
2	76	91
2	77	505
2	78	100
2	79	52
2	80	9
2	81	4
3	0	172
3	1	303
3	2	13
3	3	801
3	4	94
3	5	55
3	6	314
3	7	1055
3	8	437
3	10	78
3	11	15
3	12	186
3	13	7
3	14	1089
3	16	5
3	17	36
3	18	123
3	19	83
3	21	47
3	22	83
3	23	55
3	25	353
3	26	20
3	27	5
3	28	298
3	29	180
3	30	26
3	31	159
3	32	15
3	34	49
3	35	120
3	36	311
3	38	314
3	39	348
3	40	136
3	42	99
3	44	406
3	45	206
3	47	5
3	48	62
3	49	55
3	50	39
3	51	1532
3	52	36
3	53	5
3	54	28
3	55	10
3	56	117
3	58	1029
3	59	290
3	61	2
3	62	41
3	63	125
3	64	10
3	65	13
3	66	102
3	67	243
3	69	5
3	70	10
3	71	23
3	72	39
3	73	28
3	74	138
3	75	15
3	76	138
3	77	7
3	78	180
3	79	110
3	80	18
3	81	2
4	0	67
4	1	168
4	2	18
4	3	89
4	4	4280
4	5	33
4	6	209
4	7	119
4	8	689
4	9	3
4	10	71
4	11	22
4	12	146
4	13	7
4	14	314
4	17	44
4	18	29
4	19	67
4	21	33
4	22	63
4	23	82
4	25	172
4	26	14
4	28	202
4	29	104
4	30	26
4	31	82
4	32	18
4	34	93
4	35	217
4	36	86
4	37	11
4	38	187
4	39	251
4	40	56
4	41	7
4	42	67
4	44	221
4	45	108
4	47	3
4	48	63
4	49	153
4	50	44
4	51	1506
4	52	44
4	53	3
4	54	26
4	55	14
4	56	56
4	58	232
4	59	187
4	61	3
4	62	209
4	63	71
4	64	18
4	65	29
4	66	48
4	67	26
4	69	3
4	70	3
4	71	41
4	72	37
4	73	22
4	74	82
4	75	7
4	76	63
4	77	3
4	78	41
4	79	71
4	80	44
4	81	11
5	0	833
5	1	720
5	2	27
5	3	19
5	4	55
5	5	3259
5	6	159
5	7	88
5	8	2005
5	10	462
5	11	85
5	12	1716
5	13	33
5	14	676
5	16	8
5	17	126
5	18	41
5	19	280
5	21	162
5	22	464
5	23	247
5	24	5
5	25	1892
5	26	82
5	27	49
5	28	1633
5	29	459
5	30	217
5	31	19
5	32	66
5	34	382
5	35	907
5	36	418
5	37	13
5	38	2178
5	39	55
5	40	687
5	41	5
5	42	442
5	44	46
5	45	1089
5	46	8
5	47	16
5	48	550
5	49	52
5	50	869
5	51	286
5	52	118
5	53	35
5	54	220
5	55	35
5	56	170
5	57	5
5	58	192
5	59	495
5	61	5
5	62	13
5	63	390
5	64	112
5	65	74
5	66	1064
5	67	178
5	69	2
5	70	66
5	71	93
5	72	82
5	73	189
5	74	1108
5	75	93
5	76	316
5	77	41
5	78	398
5	79	803
5	80	170
5	81	5
6	0	570
6	1	820
6	2	34
6	3	201
6	4	268
6	5	131
6	6	2588
6	7	723
6	8	1095
6	9	2
6	10	140
6	11	32
6	12	820
6	14	2615
6	16	2
6	17	67
6	18	168
6	19	127
6	20	4
6	21	455
6	22	103
6	23	136
6	24	4
6	25	1416
6	26	39
6	27	13
6	28	1023
6	29	487
6	30	53
6	31	103
6	32	39
6	34	161
6	35	311
6	36	776
6	37	4
6	38	1321
6	39	323
6	40	506
6	41	9
6	42	224
6	44	288
6	45	744
6	47	9
6	48	214
6	49	270
6	50	261
6	51	2743
6	52	62
6	53	11
6	54	36
6	55	16
6	56	402
6	57	4
6	58	1347
6	59	1180
6	62	94
6	63	566
6	64	20
6	65	30
6	66	339
6	67	482
6	69	16
6	70	18
6	71	53
6	72	270
6	73	41
6	74	508
6	75	46
6	76	328
6	77	25
6	78	549
6	79	452
6	80	177
6	81	13
7	0	372
7	1	540
7	2	36
7	3	209
7	4	180
7	5	59
7	6	395
7	7	3477
7	8	938
7	10	74
7	11	28
7	12	511
7	13	7
7	14	2631
7	17	38
7	18	271
7	19	131
7	21	106
7	22	126
7	23	113
7	24	7
7	25	1331
7	26	25
7	27	2
7	28	879
7	29	248
7	30	59
7	31	142
7	32	31
7	34	129
7	35	266
7	36	462
7	38	483
7	39	305
7	40	356
7	42	118
7	43	2
7	44	274
7	45	760
7	48	80
7	49	82
7	50	98
7	51	1460
7	52	51
7	53	10
7	54	54
7	55	18
7	56	232
7	57	7
7	58	1577
7	59	535
7	60	2
7	62	25
7	63	268
7	64	25
7	65	18
7	66	149
7	67	496
7	70	12
7	71	59
7	72	41
7	73	33
7	74	175
7	75	25
7	76	276
7	77	12
7	78	436
7	79	131
7	80	28
7	81	7
8	0	525
8	1	301
8	2	92
8	3	16
8	4	20
8	5	32
8	6	44
8	7	4
8	8	7734
8	10	638
8	11	56
8	12	674
8	13	88
8	14	264
8	15	4
8	16	16
8	17	389
8	18	32
8	19	778
8	21	16
8	22	405
8	23	389
8	24	16
8	25	1982
8	26	268
8	27	188
8	28	2022
8	29	88
8	30	1159
8	31	4
8	32	120
8	34	726
8	35	1577
8	36	228
8	37	24
8	38	389
8	39	32
8	40	268
8	41	4
8	42	301
8	44	4
8	45	1055
8	46	12
8	47	44
8	48	64
8	50	152
8	51	92
8	52	160
8	53	52
8	54	124
8	55	104
8	56	48
8	57	72
8	58	52
8	59	140
8	60	4
8	61	8
8	62	12
8	63	108
8	64	256
8	65	200
8	66	108
8	67	124
8	70	236
8	71	232
8	72	4
8	73	598
8	74	132
8	75	120
8	76	272
8	77	96
8	78	180
8	79	68
8	80	20
8	81	4
9	0	29
9	1	47
9	5	59
9	6	11
9	7	5
9	8	207
9	9	23
9	10	23
9	11	5
9	12	71
9	14	47
9	17	11
9	19	29
9	20	5
9	21	5
9	22	23
9	23	11
9	25	82
9	27	5
9	28	47
9	29	47
9	30	11
9	31	5
9	34	17
9	35	35
9	36	65
9	38	94
9	39	11
9	40	35
9	41	11
9	42	47
9	43	5
9	45	77
9	46	5
9	48	183
9	49	29
9	50	5
9	51	77
9	52	5
9	54	23
9	56	5
9	58	5
9	59	29
9	62	5
9	63	53
9	65	11
9	66	23
9	67	11
9	69	5
9	71	5
9	72	17
9	73	5
9	74	106
9	75	17
9	76	11
9	77	11
9	78	23
9	79	59
9	80	118
9	81	71
10	0	336
10	1	139
10	2	280
10	3	17
10	4	12
10	5	22
10	6	7
10	7	15
10	8	2789
10	9	2
10	10	3707
10	11	35
10	12	612
10	13	184
10	14	146
10	17	880
10	18	12
10	19	313
10	20	2
10	21	17
10	22	571
10	23	844
10	24	10
10	25	1375
10	26	78
10	27	75
10	28	1310
10	29	93
10	30	553
10	31	5
10	32	202
10	34	2046
10	35	2058
10	36	96
10	37	15
10	38	245
10	39	17
10	40	126
10	42	212
10	44	2
10	45	710
10	46	48
10	47	139
10	48	30
10	49	5
10	50	106
10	51	83
10	52	440
10	53	156
10	54	98
10	55	161
10	56	53
10	57	93
10	58	50
10	59	85
10	60	2
10	61	15
10	63	53
10	64	417
10	65	255
10	66	85
10	67	85
10	70	225
10	71	563
10	73	356
10	74	80
10	75	171
10	76	131
10	77	174
10	78	93
10	79	30
10	80	10
10	81	2
11	0	249
11	1	112
11	2	5
11	5	56
11	6	15
11	7	10
11	8	330
11	10	106
11	11	173
11	12	330
11	13	20
11	14	56
11	17	45
11	19	137
11	22	188
11	23	86
11	25	427
11	26	101
11	27	45
11	28	417
11	29	56
11	30	198
11	32	15
11	34	122
11	35	285
11	36	132
11	38	198
11	39	5
11	40	81
11	42	310
11	45	234
11	46	5
11	47	10
11	48	15
11	50	86
11	51	15
11	52	30
11	53	25
11	54	40
11	55	35
11	56	5
11	58	20
11	59	25
11	63	20
11	64	30
11	65	50
11	66	91
11	67	10
11	70	56
11	71	40
11	73	101
11	74	40
11	75	30
11	76	127
11	77	10
11	78	66
11	79	30
11	80	5
12	0	685
12	1	342
12	2	40
12	3	14
12	4	22
12	5	274
12	6	65
12	7	48
12	8	1806
12	10	491
12	11	80
12	12	3383
12	13	28
12	14	414
12	17	74
12	18	40
12	19	248
12	21	68
12	22	485
12	23	128
12	24	8
12	25	1391
12	26	140
12	27	40
12	28	1280
12	29	265
12	30	165
12	31	17
12	32	28
12	34	405
12	35	697
12	36	322
12	37	14
12	38	1031
12	39	14
12	40	331
12	41	2
12	42	457
12	44	11
12	45	662
12	46	5
12	47	8
12	48	125
12	49	20
12	50	854
12	51	162
12	52	91
12	53	25
12	54	168
12	55	11
12	56	120
12	57	8
12	58	94
12	59	331
12	60	2
12	62	5
12	63	182
12	64	85
12	65	45
12	66	631
12	67	111
12	69	2
12	70	51
12	71	68
12	72	22
12	73	122
12	74	257
12	75	82
12	76	211
12	77	20
12	78	234
12	79	205
12	80	57
12	81	2
13	0	202
13	1	110
13	2	357
13	3	17
13	4	12
13	5	23
13	6	15
13	7	10
13	8	1382
13	10	881
13	11	20
13	12	331
13	13	318
13	14	125
13	16	7
13	17	847
13	18	5
13	19	290
13	20	2
13	21	5
13	22	323
13	23	781
13	24	2
13	25	873
13	26	69
13	27	64
13	28	768
13	29	30
13	30	223
13	31	2
13	32	161
13	34	567
13	35	935
13	36	87
13	37	5
13	38	184
13	39	23
13	40	77
13	42	169
13	44	2
13	45	459
13	46	15
13	47	17
13	48	25
13	49	2
13	50	74
13	51	66
13	52	475
13	53	339
13	54	64
13	55	259
13	56	25
13	57	5
13	58	41
13	59	71
13	60	2
13	61	2
13	63	35
13	64	195
13	65	169
13	66	77
13	67	33
13	69	2
13	70	200
13	71	529
13	72	2
13	73	156
13	74	48
13	75	53
13	76	95
13	77	84
13	78	79
13	79	28
13	80	5
14	0	735
14	1	796
14	2	66
14	3	130
14	4	100
14	5	127
14	6	315
14	7	538
14	8	2391
14	10	353
14	11	66
14	12	748
14	13	47
14	14	5572
14	16	2
14	17	132
14	18	241
14	19	315
14	21	233
14	22	289
14	23	217
14	24	15
14	25	2322
14	26	92
14	27	53
14	28	1852
14	29	345
14	30	185
14	31	100
14	32	79
14	34	233
14	35	618
14	36	1114
14	37	5
14	38	1117
14	39	122
14	40	637
14	41	2
14	42	238
14	44	95
14	45	1274
14	46	2
14	47	13
14	48	146
14	49	37
14	50	233
14	51	1101
14	52	156
14	53	31
14	54	79
14	55	34
14	56	387
14	57	5
14	58	921
14	59	1218
14	61	5
14	62	23
14	63	339
14	64	50
14	65	90
14	66	323
14	67	987
14	69	5
14	70	84
14	71	92
14	72	63
14	73	143
14	74	440
14	75	66
14	76	461
14	77	39
14	78	883
14	79	233
14	80	84
14	81	2
15	0	25
15	2	10
15	3	5
15	7	5
15	8	70
15	10	116
15	12	45
15	13	5
15	14	10
15	15	85
15	17	116
15	19	20
15	22	55
15	23	121
15	24	35
15	25	35
15	26	15
15	28	15
15	29	10
15	30	25
15	32	106
15	34	116
15	35	75
15	37	15
15	38	15
15	40	15
15	42	30
15	45	20
15	46	90
15	47	80
15	48	10
15	50	5
15	51	5
15	52	15
15	53	5
15	54	10
15	55	15
15	56	5
15	57	5
15	58	5
15	59	5
15	61	85
15	62	5
15	64	15
15	65	10
15	67	15
15	70	5
15	71	55
15	73	15
15	75	35
15	77	469
15	78	20
15	79	10
16	0	24
16	1	12
16	6	6
16	8	30
16	10	18
16	12	30
16	14	6
16	17	18
16	19	6
16	22	24
16	23	12
16	25	36
16	28	54
16	29	6
16	30	6
16	34	12
16	35	30
16	36	6
16	37	6
16	38	12
16	40	12
16	42	6
16	45	24
16	50	18
16	51	6
16	53	6
16	54	6
16	55	12
16	58	6
16	64	24
16	66	6
16	67	6
16	70	6
16	71	18
16	73	18
16	74	6
16	75	6
16	76	18
16	79	6
17	0	216
17	1	136
17	2	1597
17	3	9
17	4	2
17	5	48
17	6	21
17	7	4
17	8	2041
17	10	2464
17	11	38
17	12	487
17	13	230
17	14	192
17	15	2
17	17	5961
17	18	9
17	19	271
17	21	19
17	22	547
17	23	5036
17	24	141
17	25	1239
17	26	57
17	27	48
17	28	931
17	29	79
17	30	458
17	31	7
17	32	1907
17	34	1582
17	35	1743
17	36	93
17	37	21
17	38	312
17	39	19
17	40	144
17	42	141
17	44	4
17	45	650
17	46	60
17	47	321
17	48	57
17	49	2
17	50	88
17	51	103
17	52	682
17	53	350
17	54	81
17	55	341
17	56	55
17	57	136
17	58	96
17	59	160
17	60	26
17	61	33
17	62	2
17	63	43
17	64	305
17	65	271
17	66	100
17	67	79
17	68	2
17	70	144
17	71	1344
17	72	4
17	73	146
17	74	81
17	75	249
17	76	103
17	77	638
17	78	117
17	79	62
17	80	7
17	81	4
18	0	300
18	1	410
18	2	35
18	3	48
18	4	30
18	5	38
18	6	160
18	7	285
18	8	1009
18	10	130
18	11	43
18	12	364
18	13	15
18	14	1912
18	16	5
18	17	45
18	18	1274
18	19	132
18	21	56
18	22	147
18	23	76
18	25	1397
18	26	30
18	27	22
18	28	1004
18	29	119
18	30	63
18	31	35
18	32	50
18	34	112
18	35	293
18	36	397
18	37	2
18	38	489
18	39	58
18	40	260
18	42	140
18	43	2
18	44	43
18	45	721
18	46	2
18	47	5
18	48	40
18	49	25
18	50	109
18	51	425
18	52	63
18	53	15
18	54	35
18	55	12
18	56	191
18	58	443
18	59	328
18	60	5
18	61	7
18	62	12
18	63	140
18	64	22
18	65	61
18	66	86
18	67	525
18	70	38
18	71	22
18	72	15
18	73	45
18	74	193
18	75	20
18	76	214
18	77	10
18	78	622
18	79	99
18	80	33
18	81	2
19	0	368
19	1	330
19	2	122
19	4	16
19	5	25
19	6	29
19	7	33
19	8	2219
19	10	338
19	11	122
19	12	584
19	13	139
19	14	182
19	16	4
19	17	186
19	18	29
19	19	1075
19	21	16
19	22	504
19	23	254
19	24	4
19	25	2041
19	26	292
19	27	182
19	28	1677
19	29	67
19	30	423
19	31	16
19	32	67
19	34	351
19	35	792
19	36	321
19	38	321
19	39	29
19	40	169
19	42	355
19	44	4
19	45	1135
19	47	16
19	48	63
19	49	4
19	50	156
19	51	97
19	52	182
19	53	88
19	54	148
19	55	80
19	56	29
19	57	8
19	58	50
19	59	97
19	63	55
19	64	152
19	65	160
19	66	148
19	67	67
19	70	258
19	71	101
19	72	4
19	73	436
19	74	67
19	75	84
19	76	355
19	77	42
19	78	296
19	79	21
19	80	4
20	0	5
20	1	22
20	8	11
20	14	11
20	19	11
20	22	22
20	25	11
20	28	28
20	34	11
20	35	11
20	38	11
20	40	5
20	42	5
20	45	5
20	48	11
20	51	5
20	59	5
20	67	5
20	74	16
20	78	5
21	0	468
21	1	644
21	2	37
21	3	59
21	4	86
21	5	223
21	6	354
21	7	185
21	8	1448
21	10	181
21	11	29
21	12	662
21	13	7
21	14	1195
21	16	2
21	17	84
21	18	74
21	19	163
21	21	1872
21	22	166
21	23	128
21	24	7
21	25	1106
21	26	74
21	27	34
21	28	957
21	29	394
21	30	99
21	31	52
21	32	64
21	34	163
21	35	424
21	36	560
21	37	9
21	38	1594
21	39	81
21	40	406
21	41	2
21	42	238
21	44	49
21	45	681
21	46	4
21	47	7
21	48	247
21	49	84
21	50	200
21	51	632
21	52	86
21	53	17
21	54	66
21	55	29
21	56	334
21	57	7
21	58	505
21	59	1170
21	61	9
21	62	4
21	63	1009
21	64	47
21	65	61
21	66	233
21	67	312
21	70	27
21	71	52
21	72	280
21	73	96
21	74	438
21	75	34
21	76	257
21	77	27
21	78	334
21	79	471
21	80	148
21	81	4
22	0	690
22	1	423
22	2	58
22	3	13
22	4	6
22	5	162
22	6	90
22	7	41
22	8	2517
22	10	984
22	11	180
22	12	1397
22	13	100
22	14	249
22	16	13
22	17	152
22	18	13
22	19	672
22	21	13
22	22	2486
22	23	208
22	24	3
22	25	2077
22	26	364
22	27	225
22	28	2177
22	29	183
22	30	690
22	31	10
22	32	38
22	34	1012
22	35	3107
22	36	312
22	37	6
22	38	665
22	39	20
22	40	284
22	42	731
22	44	6
22	45	1543
22	46	20
22	47	17
22	48	117
22	49	10
22	50	423
22	51	121
22	52	194
22	53	72
22	54	558
22	55	149
22	56	72
22	57	41
22	58	79
22	59	253
22	60	3
22	61	3
22	62	3
22	63	76
22	64	228
22	65	225
22	66	239
22	67	97
22	70	298
22	71	131
22	72	6
22	73	752
22	74	204
22	75	145
22	76	381
22	77	55
22	78	273
22	79	62
22	80	3
22	81	3
23	0	312
23	1	264
23	2	2166
23	3	16
23	4	7
23	5	55
23	6	46
23	7	36
23	8	2508
23	10	3888
23	11	48
23	12	698
23	13	446
23	14	225
23	15	4
23	17	6556
23	18	24
23	19	310
23	21	26
23	22	633
23	23	17520
23	24	553
23	25	1491
23	26	72
23	27	116
23	28	1147
23	29	126
23	30	439
23	31	7
23	32	5523
23	34	2299
23	35	2115
23	36	106
23	37	38
23	38	339
23	39	31
23	40	181
23	42	143
23	44	29
23	45	560
23	46	147
23	47	375
23	48	84
23	49	7
23	50	104
23	51	189
23	52	1110
23	53	327
23	54	99
23	55	407
23	56	89
23	57	77
23	58	111
23	59	218
23	60	101
23	61	67
23	63	53
23	64	344
23	65	414
23	66	169
23	67	99
23	68	2
23	70	179
23	71	2059
23	72	4
23	73	140
23	74	172
23	75	240
23	76	99
23	77	1334
23	78	155
23	79	87
23	80	9
24	0	43
24	1	40
24	2	155
24	3	2
24	4	2
24	5	2
24	6	7
24	7	7
24	8	254
24	10	227
24	11	2
24	12	100
24	13	16
24	14	21
24	15	2
24	17	541
24	18	2
24	19	16
24	20	2
24	21	4
24	22	50
24	23	1395
24	24	1100
24	25	153
24	26	2
24	27	16
24	28	91
24	29	11
24	30	47
24	32	1469
24	34	139
24	35	153
24	36	14
24	37	4
24	38	50
24	39	4
24	40	14
24	42	16
24	45	45
24	46	4
24	47	21
24	48	11
24	49	2
24	50	9
24	51	16
24	52	83
24	53	9
24	54	9
24	55	35
24	56	2
24	58	9
24	59	31
24	60	9
24	61	23
24	64	28
24	65	43
24	66	21
24	70	9
24	71	225
24	72	2
24	73	2
24	74	9
24	75	11
24	76	9
24	77	170
24	78	19
24	79	9
24	80	2
25	0	115
25	1	112
25	2	23
25	3	3
25	4	16
25	5	10
25	6	6
25	7	27
25	8	792
25	10	81
25	11	27
25	12	251
25	13	16
25	14	71
25	17	47
25	18	10
25	19	166
25	21	10
25	22	50
25	23	98
25	25	972
25	26	6
25	27	6
25	28	645
25	29	13
25	30	71
25	31	6
25	32	20
25	34	88
25	35	193
25	36	30
25	38	105
25	39	6
25	40	78
25	42	27
25	45	339
25	46	3
25	47	6
25	48	20
25	49	6
25	50	33
25	51	40
25	52	23
25	53	6
25	54	16
25	55	3
25	56	16
25	58	6
25	59	54
25	62	3
25	63	13
25	64	23
25	65	16
25	66	37
25	67	27
25	70	30
25	71	61
25	72	6
25	73	27
25	74	33
25	75	23
25	76	27
25	77	20
25	78	67
25	79	6
26	0	628
26	1	461
26	2	52
26	3	19
26	4	28
26	5	166
26	6	52
26	7	28
26	8	2004
26	10	490
26	11	185
26	12	1066
26	13	128
26	14	314
26	17	219
26	18	9
26	19	923
26	21	28
26	22	1061
26	23	252
26	24	9
26	25	1790
26	26	704
26	27	204
26	28	1861
26	29	114
26	30	614
26	31	9
26	32	28
26	34	561
26	35	1252
26	36	423
26	38	480
26	39	28
26	40	171
26	42	652
26	44	4
26	45	1052
26	47	19
26	48	42
26	49	9
26	50	247
26	51	114
26	52	119
26	53	57
26	54	371
26	55	152
26	56	47
26	57	4
26	58	66
26	59	138
26	63	66
26	64	204
26	65	276
26	66	261
26	67	119
26	70	285
26	71	119
26	73	833
26	74	123
26	75	61
26	76	480
26	77	33
26	78	219
26	79	66
26	80	9
27	0	608
27	1	391
27	2	201
27	3	15
27	4	7
27	5	60
27	6	57
27	7	11
27	8	2922
27	10	627
27	11	133
27	12	813
27	13	193
27	14	250
27	16	22
27	17	338
27	18	11
27	19	1143
27	21	15
27	22	638
27	23	250
27	24	7
27	25	2337
27	26	380
27	27	558
27	28	2170
27	29	140
27	30	687
27	31	19
27	32	57
27	34	756
27	35	1421
27	36	399
27	37	3
27	38	292
27	39	15
27	40	178
27	42	482
27	45	1561
27	47	26
27	48	64
27	49	3
27	50	163
27	51	91
27	52	376
27	53	148
27	54	262
27	55	152
27	56	60
27	57	34
27	58	49
27	59	136
27	61	3
27	62	3
27	63	53
27	64	380
27	65	528
27	66	212
27	67	106
27	68	3
27	70	535
27	71	334
27	72	3
27	73	703
27	74	72
27	75	38
27	76	482
27	77	53
27	78	361
27	79	34
27	80	15
28	0	234
28	1	161
28	2	23
28	3	6
28	4	3
28	5	29
28	6	16
28	7	13
28	8	1047
28	10	155
28	11	29
28	12	363
28	13	23
28	14	122
28	16	3
28	17	69
28	18	6
28	19	155
28	21	9
28	22	227
28	23	132
28	25	1314
28	26	82
28	27	29
28	28	1027
28	29	29
28	30	118
28	32	29
28	34	188
28	35	356
28	36	95
28	38	122
28	39	3
28	40	122
28	42	92
28	44	9
28	45	677
28	46	9
28	47	3
28	48	16
28	49	3
28	50	66
28	51	72
28	52	29
28	53	26
28	54	46
28	55	16
28	56	29
28	57	3
28	58	16
28	59	56
28	61	3
28	62	3
28	63	42
28	64	46
28	65	33
28	66	36
28	67	36
28	70	72
28	71	69
28	73	158
28	74	36
28	75	23
28	76	92
28	77	23
28	78	72
28	79	23
28	81	3
29	0	458
29	1	990
29	2	24
29	3	48
29	4	48
29	5	246
29	6	117
29	7	102
29	8	838
29	10	141
29	11	51
29	12	668
29	13	9
29	14	726
29	16	9
29	17	78
29	18	21
29	19	190
29	20	2
29	21	165
29	22	195
29	23	112
29	24	4
29	25	933
29	26	90
29	27	48
29	28	819
29	29	1487
29	30	131
29	31	21
29	32	36
29	34	175
29	35	363
29	36	580
29	37	2
29	38	2628
29	39	39
29	40	421
29	42	302
29	44	39
29	45	541
29	46	2
29	47	7
29	48	226
29	49	39
29	50	321
29	51	219
29	52	68
29	53	14
29	54	119
29	55	24
29	56	214
29	57	9
29	58	224
29	59	485
29	60	2
29	62	9
29	63	595
29	64	46
29	65	53
29	66	456
29	67	238
29	69	2
29	70	34
29	71	26
29	72	46
29	73	65
29	74	538
29	75	34
29	76	312
29	77	19
29	78	297
29	79	429
29	80	90
29	81	7
30	0	724
30	1	263
30	2	198
30	3	5
30	4	26
30	5	32
30	6	32
30	7	29
30	8	8467
30	10	1473
30	11	91
30	12	1097
30	13	147
30	14	384
30	16	11
30	17	520
30	18	29
30	19	680
30	22	834
30	23	642
30	24	26
30	25	2730
30	26	236
30	27	147
30	28	3041
30	29	97
30	30	4082
30	31	5
30	32	186
30	34	1618
30	35	3991
30	36	213
30	37	17
30	38	405
30	39	20
30	40	301
30	42	408
30	44	5
30	45	1349
30	46	23
30	47	68
30	48	50
30	49	11
30	50	156
30	51	109
30	52	337
30	53	127
30	54	218
30	55	153
30	56	53
30	57	65
30	58	62
30	59	183
30	60	2
30	61	5
30	62	2
30	63	109
30	64	792
30	65	295
30	66	192
30	67	150
30	70	360
30	71	378
30	73	837
30	74	150
30	75	183
30	76	340
30	77	171
30	78	195
30	79	47
30	80	8
30	81	5
31	0	132
31	1	289
31	2	17
31	3	499
31	4	510
31	5	46
31	6	689
31	7	896
31	8	446
31	10	53
31	11	17
31	12	507
31	13	10
31	14	1039
31	16	10
31	17	89
31	18	103
31	19	71
31	20	3
31	21	96
31	22	60
31	23	160
31	24	3
31	25	246
31	26	10
31	27	7
31	28	271
31	29	174
31	30	57
31	31	1082
31	32	24
31	34	92
31	35	257
31	36	217
31	38	335
31	39	1557
31	40	103
31	41	7
31	42	74
31	44	1717
31	45	210
31	47	10
31	48	78
31	49	124
31	50	64
31	51	3742
31	52	14
31	53	21
31	54	67
31	55	7
31	56	74
31	58	1574
31	59	457
31	62	32
31	63	117
31	64	10
31	65	24
31	66	78
31	67	214
31	69	10
31	70	17
31	71	17
31	72	107
31	73	24
31	74	182
31	75	17
31	76	149
31	77	14
31	78	171
31	79	132
31	80	64
31	81	10
32	0	289
32	1	187
32	2	1397
32	3	24
32	4	19
32	5	52
32	6	29
32	7	22
32	8	2066
32	10	2617
32	11	24
32	12	638
32	13	301
32	14	207
32	15	19
32	16	2
32	17	4658
32	18	24
32	19	239
32	20	2
32	21	34
32	22	548
32	23	13364
32	24	1841
32	25	1359
32	26	102
32	27	57
32	28	1060
32	29	87
32	30	324
32	31	14
32	32	12401
32	34	1519
32	35	1532
32	36	129
32	37	42
32	38	331
32	39	37
32	40	142
32	42	149
32	44	7
32	45	596
32	46	239
32	47	249
32	48	39
32	49	9
32	50	94
32	51	142
32	52	628
32	53	192
32	54	109
32	55	252
32	56	37
32	57	77
32	58	109
32	59	224
32	60	197
32	61	124
32	63	72
32	64	239
32	65	301
32	66	142
32	67	59
32	68	4
32	70	172
32	71	1502
32	72	4
32	73	159
32	74	139
32	75	172
32	76	77
32	77	1946
32	78	144
32	79	97
32	80	2
32	81	7
33	1	3
33	3	3
33	4	62
33	6	3
33	8	9
33	12	12
33	14	6
33	19	3
33	21	3
33	25	3
33	28	3
33	29	9
33	31	3
33	32	3
33	34	6
33	35	6
33	36	3
33	39	12
33	40	3
33	42	3
33	49	9
33	50	3
33	51	40
33	62	12
33	74	3
33	78	6
34	0	449
34	1	201
34	2	352
34	3	5
34	4	15
34	5	48
34	6	12
34	7	20
34	8	4762
34	10	4052
34	11	53
34	12	1069
34	13	219
34	14	260
34	15	2
34	17	1187
34	18	17
34	19	423
34	20	2
34	21	25
34	22	1034
34	23	1052
34	24	17
34	25	1968
34	26	196
34	27	63
34	28	1785
34	29	99
34	30	1090
34	31	15
34	32	288
34	34	4954
34	35	4415
34	36	158
34	37	51
34	38	342
34	39	28
34	40	227
34	41	2
34	42	283
34	44	12
34	45	970
34	46	43
34	47	224
34	48	30
34	50	234
34	51	112
34	52	406
34	53	171
34	54	201
34	55	227
34	56	38
34	57	209
34	58	51
34	59	137
34	60	5
34	61	22
34	62	2
34	63	68
34	64	755
34	65	224
34	66	114
34	67	74
34	68	2
34	70	240
34	71	564
34	72	12
34	73	515
34	74	112
34	75	444
34	76	181
34	77	380
34	78	120
34	79	86
34	80	20
35	0	650
35	1	233
35	2	137
35	3	2
35	4	26
35	5	26
35	6	47
35	7	26
35	8	6693
35	10	1174
35	11	104
35	12	916
35	13	74
35	14	278
35	15	5
35	16	20
35	17	446
35	18	14
35	19	497
35	20	2
35	21	20
35	22	1120
35	23	518
35	24	14
35	25	2342
35	26	227
35	27	149
35	28	2304
35	29	92
35	30	1117
35	31	5
35	32	143
35	34	1599
35	35	5261
35	36	179
35	37	5
35	38	377
35	39	41
35	40	404
35	42	326
35	44	11
35	45	1183
35	46	26
35	47	71
35	48	56
35	49	14
35	50	185
35	51	149
35	52	326
35	53	83
35	54	233
35	55	101
35	56	29
35	57	62
35	58	80
35	59	173
35	60	5
35	61	11
35	63	71
35	64	467
35	65	155
35	66	143
35	67	89
35	68	2
35	70	284
35	71	209
35	73	1105
35	74	146
35	75	335
35	76	224
35	77	122
35	78	173
35	79	41
35	80	20
35	81	2
36	0	1118
36	1	2327
36	2	84
36	3	42
36	4	58
36	5	300
36	6	129
36	7	150
36	8	2181
36	10	284
36	11	182
36	12	1477
36	13	71
36	14	1411
36	16	7
36	17	187
36	18	113
36	19	722
36	21	134
36	22	514
36	23	303
36	24	29
36	25	3683
36	26	277
36	27	68
36	28	2669
36	29	767
36	30	306
36	31	36
36	32	63
36	34	398
36	35	699
36	36	2582
36	38	1936
36	39	87
36	40	886
36	41	7
36	42	466
36	44	42
36	45	2596
36	46	18
36	47	13
36	48	266
36	49	31
36	50	490
36	51	430
36	52	126
36	53	34
36	54	171
36	55	63
36	56	432
36	57	15
36	58	453
36	59	976
36	62	5
36	63	395
36	64	79
36	65	160
36	66	667
36	67	899
36	69	2
36	70	84
36	71	89
36	72	76
36	73	240
36	74	519
36	75	39
36	76	1540
36	77	29
36	78	1395
36	79	525
36	80	89
36	81	2
37	0	45
37	1	11
37	2	37
37	5	5
37	6	2
37	7	5
37	8	448
37	10	217
37	11	5
37	12	108
37	13	11
37	14	17
37	17	145
37	19	42
37	21	5
37	22	94
37	23	140
37	24	11
37	25	194
37	26	5
37	27	5
37	28	185
37	29	8
37	30	102
37	31	2
37	32	74
37	34	331
37	35	440
37	36	8
37	37	125
37	38	51
37	39	2
37	40	25
37	42	17
37	45	57
37	46	160
37	47	208
37	48	2
37	50	8
37	51	11
37	52	25
37	53	11
37	54	14
37	55	17
37	57	45
37	58	8
37	59	5
37	61	28
37	63	2
37	64	48
37	65	28
37	66	11
37	67	5
37	70	14
37	71	108
37	73	60
37	74	25
37	75	288
37	76	8
37	77	200
37	78	25
37	79	5
38	0	1401
38	1	2023
38	2	132
38	3	45
38	4	62
38	5	922
38	6	180
38	7	195
38	8	2725
38	10	576
38	11	120
38	12	2519
38	13	70
38	14	1301
38	16	5
38	17	230
38	18	52
38	19	501
38	21	315
38	22	744
38	23	335
38	24	12
38	25	3329
38	26	183
38	27	55
38	28	2803
38	29	1401
38	30	318
38	31	27
38	32	70
38	34	546
38	35	1183
38	36	1113
38	37	10
38	38	6945
38	39	90
38	40	1251
38	41	2
38	42	629
38	44	92
38	45	1642
38	46	15
38	47	12
38	48	596
38	49	77
38	50	1479
38	51	539
38	52	167
38	53	35
38	54	298
38	55	62
38	56	481
38	57	15
38	58	315
38	59	1093
38	61	5
38	62	20
38	63	977
38	64	95
38	65	145
38	66	2392
38	67	554
38	68	2
38	69	2
38	70	92
38	71	193
38	72	97
38	73	243
38	74	1446
38	75	107
38	76	709
38	77	110
38	78	794
38	79	1085
38	80	188
38	81	10
39	0	129
39	1	213
39	2	27
39	3	308
39	4	596
39	5	21
39	6	330
39	7	975
39	8	404
39	10	27
39	11	18
39	12	376
39	13	9
39	14	972
39	17	46
39	18	40
39	19	77
39	21	89
39	22	77
39	23	86
39	25	231
39	26	12
39	27	3
39	28	259
39	29	345
39	30	30
39	31	623
39	32	12
39	34	89
39	35	231
39	36	132
39	37	6
39	38	287
39	39	1992
39	40	101
39	41	3
39	42	52
39	44	1911
39	45	145
39	46	9
39	47	3
39	48	83
39	49	197
39	50	67
39	51	3619
39	52	21
39	53	6
39	54	64
39	55	15
39	56	49
39	57	3
39	58	1155
39	59	386
39	62	105
39	63	157
39	64	9
39	65	12
39	66	55
39	67	185
39	69	12
39	70	12
39	71	40
39	72	67
39	73	15
39	74	185
39	75	27
39	76	101
39	77	12
39	78	114
39	79	111
39	80	43
40	0	971
40	1	969
40	2	78
40	3	15
40	4	32
40	5	162
40	6	30
40	7	63
40	8	1103
40	10	279
40	11	73
40	12	969
40	13	30
40	14	522
40	16	10
40	17	200
40	18	12
40	19	276
40	20	2
40	21	154
40	22	350
40	23	220
40	24	5
40	25	1461
40	26	149
40	27	48
40	28	1263
40	29	433
40	30	119
40	31	32
40	32	45
40	34	241
40	35	466
40	36	682
40	37	10
40	38	1213
40	39	27
40	40	1537
40	42	299
40	44	27
40	45	1154
40	46	12
40	47	10
40	48	180
40	49	43
40	50	479
40	51	213
40	52	116
40	53	25
40	54	124
40	55	43
40	56	124
40	57	10
40	58	157
40	59	431
40	61	12
40	63	261
40	64	81
40	65	81
40	66	644
40	67	274
40	69	2
40	70	38
40	71	71
40	72	30
40	73	109
40	74	317
40	75	17
40	76	657
40	77	43
40	78	355
40	79	294
40	80	65
40	81	5
41	0	75
41	1	75
41	2	5
41	3	5
41	4	60
41	5	50
41	6	30
41	7	15
41	8	242
41	9	20
41	10	50
41	11	5
41	12	95
41	13	15
41	14	90
41	17	5
41	18	5
41	19	25
41	20	10
41	21	20
41	22	40
41	23	25
41	24	5
41	25	131
41	26	15
41	28	176
41	29	75
41	30	20
41	31	10
41	34	55
41	35	60
41	36	35
41	38	146
41	39	20
41	40	55
41	41	312
41	42	45
41	44	5
41	45	80
41	46	10
41	48	176
41	49	35
41	50	40
41	51	136
41	52	5
41	54	15
41	56	20
41	58	30
41	59	65
41	62	85
41	63	35
41	64	20
41	65	5
41	66	40
41	67	5
41	69	60
41	71	5
41	72	25
41	73	5
41	74	55
41	75	5
41	76	20
41	77	5
41	78	20
41	79	35
41	80	191
41	81	146
42	0	1051
42	1	775
42	2	149
42	3	18
42	4	27
42	5	235
42	6	226
42	7	63
42	8	3078
42	10	874
42	11	435
42	12	2280
42	13	167
42	14	444
42	16	9
42	17	276
42	18	13
42	19	997
42	21	36
42	22	1931
42	23	389
42	24	9
42	25	3100
42	26	698
42	27	249
42	28	3218
42	29	335
42	30	757
42	31	18
42	32	86
42	34	988
42	35	2597
42	36	680
42	37	9
42	38	1001
42	39	36
42	40	498
42	42	2094
42	44	13
42	45	2017
42	47	77
42	48	90
42	49	18
42	50	725
42	51	199
42	52	240
42	53	99
42	54	675
42	55	131
42	56	122
42	57	31
42	58	81
42	59	299
42	60	4
42	62	4
42	63	163
42	64	398
42	65	358
42	66	575
42	67	222
42	70	444
42	71	231
42	72	22
42	73	1047
42	74	249
42	75	204
42	76	779
42	77	54
42	78	503
42	79	117
42	80	22
43	0	12
43	1	25
43	2	6
43	5	31
43	8	57
43	10	12
43	11	6
43	12	25
43	14	63
43	17	12
43	19	6
43	21	12
43	22	19
43	23	12
43	25	82
43	28	19
43	29	19
43	30	6
43	35	12
43	36	12
43	38	50
43	39	6
43	40	12
43	41	6
43	42	12
43	44	6
43	45	25
43	48	63
43	51	25
43	52	6
43	53	6
43	58	12
43	69	12
43	73	6
43	74	12
43	76	6
43	77	6
43	79	38
43	80	38
43	81	38
44	0	210
44	1	352
44	2	44
44	3	697
44	4	801
44	5	58
44	6	673
44	7	1277
44	8	766
44	10	93
44	11	34
44	12	738
44	13	13
44	14	1771
44	16	17
44	17	96
44	18	214
44	19	127
44	21	110
44	22	151
44	23	196
44	24	3
44	25	390
44	26	37
44	27	27
44	28	483
44	29	276
44	30	62
44	31	1035
44	32	44
44	34	176
44	35	366
44	36	314
44	37	6
44	38	410
44	39	2624
44	40	183
44	41	3
44	42	110
44	44	3773
44	45	328
44	46	3
44	47	3
44	48	113
44	49	158
44	50	82
44	51	5200
44	52	27
44	53	17
44	54	89
44	55	10
44	56	127
44	58	2078
44	59	687
44	62	82
44	63	238
44	64	44
44	65	41
44	66	172
44	67	245
44	69	13
44	70	41
44	71	31
44	72	127
44	73	27
44	74	314
44	75	34
44	76	189
44	77	51
44	78	252
44	79	155
44	80	65
44	81	10
45	0	679
45	1	422
45	2	58
45	3	19
45	4	27
45	5	72
45	6	61
45	7	78
45	8	1785
45	10	388
45	11	41
45	12	808
45	13	81
45	14	422
45	17	165
45	18	13
45	19	263
45	21	47
45	22	327
45	23	279
45	24	8
45	25	2459
45	26	125
45	27	47
45	28	1695
45	29	139
45	30	229
45	31	30
45	32	75
45	34	304
45	35	665
45	36	271
45	37	5
45	38	464
45	39	27
45	40	352
45	42	173
45	44	8
45	45	2406
45	46	13
45	47	19
45	48	69
45	49	13
45	50	139
45	51	263
45	52	111
45	53	30
45	54	95
45	55	55
45	56	83
45	57	13
45	58	137
45	59	207
45	61	2
45	62	11
45	63	151
45	64	47
45	65	106
45	66	207
45	67	173
45	70	128
45	71	95
45	72	16
45	73	201
45	74	165
45	75	123
45	76	520
45	77	47
45	78	310
45	79	95
45	80	13
46	0	19
46	1	13
46	2	33
46	5	13
46	7	3
46	8	184
46	10	244
46	12	72
46	13	26
46	14	9
46	17	138
46	19	33
46	21	13
46	22	135
46	23	244
46	24	6
46	25	142
46	26	3
46	27	6
46	28	122
46	29	6
46	30	79
46	32	112
46	34	178
46	35	237
46	36	6
46	37	72
46	38	46
46	39	3
46	40	19
46	42	29
46	45	52
46	46	733
46	47	148
46	48	3
46	49	3
46	50	6
46	51	16
46	52	26
46	53	9
46	54	46
46	55	19
46	56	3
46	57	13
46	58	3
46	59	19
46	60	3
46	61	132
46	63	6
46	64	39
46	65	36
46	66	13
46	68	3
46	70	26
46	71	62
46	72	3
46	73	16
46	74	9
46	75	227
46	76	9
46	77	459
46	78	16
47	0	103
47	1	44
47	2	155
47	3	2
47	4	5
47	5	12
47	6	7
47	8	935
47	10	891
47	11	2
47	12	196
47	13	124
47	14	41
47	15	7
47	17	658
47	19	82
47	21	18
47	22	215
47	23	709
47	24	33
47	25	326
47	26	46
47	27	23
47	28	326
47	29	15
47	30	204
47	31	5
47	32	316
47	34	766
47	35	637
47	36	12
47	37	59
47	38	41
47	39	5
47	40	33
47	42	62
47	45	171
47	46	178
47	47	1311
47	48	12
47	49	2
47	50	15
47	51	54
47	52	183
47	53	59
47	54	25
47	55	82
47	56	10
47	57	90
47	58	25
47	59	23
47	60	2
47	61	49
47	62	2
47	63	18
47	64	106
47	65	57
47	66	36
47	67	15
47	70	49
47	71	248
47	72	5
47	73	67
47	74	10
47	75	290
47	76	25
47	77	715
47	78	20
47	79	7
47	80	5
48	0	734
48	1	1428
48	2	106
48	3	48
48	4	196
48	5	1434
48	6	279
48	7	155
48	8	1783
48	9	10
48	10	344
48	11	86
48	12	2048
48	13	27
48	14	710
48	17	103
48	18	6
48	19	238
48	20	10
48	21	441
48	22	324
48	23	200
48	24	24
48	25	1362
48	26	55
48	27	20
48	28	1041
48	29	1121
48	30	124
48	31	20
48	32	79
48	34	324
48	35	538
48	36	493
48	37	10
48	38	3883
48	39	93
48	40	551
48	41	10
48	42	420
48	44	68
48	45	700
48	46	13
48	47	13
48	48	8088
48	49	200
48	50	520
48	51	769
48	52	113
48	53	24
48	54	100
48	55	37
48	56	265
48	57	6
48	58	420
48	59	1007
48	61	3
48	62	44
48	63	972
48	64	34
48	65	62
48	66	865
48	67	131
48	69	20
48	70	17
48	71	86
48	72	231
48	73	82
48	74	2759
48	75	79
48	76	238
48	77	55
48	78	241
48	79	2538
48	80	1776
48	81	58
49	0	178
49	1	319
49	2	28
49	3	125
49	4	475
49	5	112
49	6	513
49	7	134
49	8	672
49	9	3
49	10	109
49	11	21
49	12	331
49	13	12
49	14	679
49	16	9
49	17	46
49	18	71
49	19	93
49	21	137
49	22	93
49	23	118
49	24	3
49	25	312
49	26	37
49	27	3
49	28	316
49	29	247
49	30	31
49	31	128
49	32	28
49	34	75
49	35	206
49	36	222
49	37	3
49	38	500
49	39	272
49	40	156
49	41	3
49	42	222
49	43	3
49	44	200
49	45	222
49	46	3
49	47	6
49	48	184
49	49	1574
49	50	118
49	51	2728
49	52	50
49	53	9
49	54	28
49	55	12
49	56	97
49	58	503
49	59	485
49	62	397
49	63	237
49	64	6
49	65	25
49	66	103
49	67	165
49	69	53
49	70	6
49	71	31
49	72	344
49	73	28
49	74	244
49	75	28
49	76	71
49	77	25
49	78	115
49	79	369
49	80	384
49	81	25
50	0	1365
50	1	1218
50	2	66
50	3	33
50	4	27
50	5	804
50	6	82
50	7	105
50	8	2310
50	10	500
50	11	127
50	12	2923
50	13	41
50	14	870
50	16	2
50	17	215
50	18	38
50	19	447
50	20	2
50	21	149
50	22	898
50	23	259
50	24	2
50	25	2451
50	26	174
50	27	38
50	28	2125
50	29	804
50	30	196
50	31	38
50	32	74
50	34	395
50	35	972
50	36	748
50	37	8
50	38	3161
50	39	52
50	40	956
50	42	776
50	44	38
50	45	1351
50	46	8
50	47	22
50	48	425
50	49	66
50	50	2528
50	51	400
50	52	143
50	53	41
50	54	348
50	55	46
50	56	276
50	57	16
50	58	182
50	59	804
50	61	2
50	62	2
50	63	420
50	64	71
50	65	138
50	66	2246
50	67	403
50	68	2
50	69	2
50	70	71
50	71	118
50	72	49
50	73	221
50	74	856
50	75	107
50	76	533
50	77	69
50	78	549
50	79	632
50	80	121
50	81	5
51	0	414
51	1	934
51	2	72
51	3	1083
51	4	1848
51	5	181
51	6	3174
51	7	1733
51	8	1503
51	10	202
51	11	48
51	12	1225
51	13	30
51	14	3646
51	16	18
51	17	154
51	18	266
51	19	217
51	20	3
51	21	450
51	22	223
51	23	335
51	24	15
51	25	953
51	26	66
51	27	42
51	28	847
51	29	735
51	30	175
51	31	1001
51	32	87
51	34	405
51	35	596
51	36	623
51	37	6
51	38	1125
51	39	2057
51	40	481
51	41	15
51	42	341
51	44	1649
51	45	590
51	46	3
51	47	30
51	48	323
51	49	1455
51	50	205
51	51	20596
51	52	72
51	53	45
51	54	245
51	55	12
51	56	469
51	57	9
51	58	3280
51	59	1900
51	61	3
51	62	647
51	63	701
51	64	57
51	65	51
51	66	317
51	67	547
51	69	45
51	70	51
51	71	90
51	72	550
51	73	51
51	74	771
51	75	63
51	76	260
51	77	81
51	78	490
51	79	759
51	80	459
51	81	24
52	0	184
52	1	130
52	2	151
52	3	9
52	4	3
52	5	9
52	6	9
52	7	3
52	8	1118
52	10	554
52	11	21
52	12	406
52	13	148
52	14	96
52	16	9
52	17	333
52	18	15
52	19	206
52	21	15
52	22	193
52	23	415
52	25	593
52	26	54
52	27	57
52	28	639
52	29	60
52	30	221
52	32	93
52	34	339
52	35	669
52	36	78
52	37	3
52	38	115
52	39	9
52	40	81
52	42	169
52	44	6
52	45	403
52	46	6
52	47	12
52	48	18
52	49	9
52	50	66
52	51	48
52	52	493
52	53	166
52	54	63
52	55	181
52	56	12
52	57	9
52	58	36
52	59	51
52	63	33
52	64	136
52	65	130
52	66	60
52	67	51
52	70	227
52	71	309
52	72	6
52	73	190
52	74	39
52	75	24
52	76	72
52	77	60
52	78	45
52	79	24
52	80	3
52	81	3
53	0	258
53	1	108
53	2	428
53	3	15
53	4	5
53	5	28
53	6	25
53	7	18
53	8	1610
53	10	990
53	11	51
53	12	379
53	13	252
53	14	129
53	15	2
53	17	823
53	18	5
53	19	384
53	21	2
53	22	454
53	23	908
53	24	5
53	25	1228
53	26	87
53	27	67
53	28	1143
53	29	41
53	30	392
53	31	2
53	32	211
53	34	717
53	35	1076
53	36	72
53	37	12
53	38	224
53	39	15
53	40	118
53	42	201
53	45	632
53	46	15
53	47	54
53	48	30
53	50	74
53	51	74
53	52	658
53	53	683
53	54	118
53	55	485
53	56	33
53	57	7
53	58	41
53	59	105
53	61	7
53	63	38
53	64	172
53	65	278
53	66	67
53	67	49
53	69	5
53	70	232
53	71	575
53	73	260
53	74	82
53	75	49
53	76	121
53	77	72
53	78	90
53	79	15
53	80	2
54	0	560
54	1	393
54	2	48
54	3	27
54	4	10
54	5	104
54	6	142
54	7	66
54	8	2008
54	10	702
54	11	107
54	12	1527
54	13	69
54	14	222
54	16	10
54	17	187
54	18	10
54	19	462
54	21	13
54	22	1513
54	23	267
54	24	3
54	25	1218
54	26	201
54	27	111
54	28	1639
54	29	174
54	30	400
54	31	10
54	32	45
54	34	803
54	35	1980
54	36	313
54	37	6
54	38	647
54	39	13
54	40	316
54	41	3
54	42	598
54	44	20
54	45	963
54	46	13
54	47	27
54	48	69
54	49	10
54	50	410
54	51	156
54	52	177
54	53	48
54	54	1395
54	55	111
54	56	59
54	57	27
54	58	59
54	59	187
54	60	3
54	61	6
54	63	59
54	64	177
54	65	156
54	66	264
54	67	83
54	70	250
54	71	142
54	72	3
54	73	476
54	74	229
54	75	100
54	76	261
54	77	41
54	78	205
54	79	66
54	80	17
54	81	3
55	0	204
55	1	110
55	2	220
55	3	10
55	4	10
55	5	26
55	6	18
55	7	10
55	8	1139
55	10	637
55	11	48
55	12	336
55	13	147
55	14	112
55	16	5
55	17	435
55	18	2
55	19	319
55	21	2
55	22	266
55	23	376
55	24	2
55	25	1086
55	26	80
55	27	75
55	28	908
55	29	43
55	30	271
55	31	5
55	32	94
55	34	491
55	35	680
55	36	91
55	37	2
55	38	104
55	40	69
55	42	169
55	44	5
55	45	661
55	47	24
55	48	16
55	49	2
55	50	77
55	51	26
55	52	384
55	53	338
55	54	83
55	55	521
55	56	32
55	57	16
55	58	32
55	59	61
55	63	18
55	64	161
55	65	287
55	66	61
55	67	34
55	70	158
55	71	295
55	72	10
55	73	155
55	74	56
55	75	48
55	76	139
55	77	34
55	78	86
55	79	16
55	80	8
56	0	359
56	1	650
56	2	35
56	3	35
56	4	17
56	5	85
56	6	139
56	7	166
56	8	1193
56	10	166
56	11	49
56	12	439
56	13	17
56	14	1308
56	17	74
56	18	98
56	19	204
56	21	109
56	22	145
56	23	121
56	24	2
56	25	1180
56	26	69
56	27	22
56	28	1133
56	29	255
56	30	89
56	31	20
56	32	26
56	34	157
56	35	282
56	36	754
56	37	2
56	38	740
56	39	35
56	40	249
56	41	4
56	42	175
56	44	31
56	45	677
56	47	15
56	48	98
56	49	44
56	50	150
56	51	186
56	52	51
56	53	11
56	54	56
56	55	13
56	56	1012
56	57	8
56	58	298
56	59	760
56	62	4
56	63	244
56	64	24
56	65	29
56	66	210
56	67	720
56	70	35
56	71	40
56	72	33
56	73	56
56	74	224
56	75	15
56	76	255
56	77	24
56	78	610
56	79	139
56	80	58
56	81	2
57	0	24
57	1	19
57	2	19
57	3	5
57	4	5
57	5	8
57	6	2
57	7	5
57	8	432
57	10	321
57	11	10
57	12	46
57	13	40
57	14	21
57	17	130
57	19	27
57	21	5
57	22	70
57	23	111
57	24	2
57	25	185
57	26	8
57	27	2
57	28	141
57	30	40
57	31	2
57	32	49
57	34	247
57	35	247
57	36	10
57	37	2
57	38	27
57	39	2
57	40	40
57	42	24
57	45	84
57	46	16
57	47	16
57	48	2
57	50	24
57	52	73
57	53	19
57	55	19
57	56	2
57	57	103
57	58	5
57	59	5
57	63	8
57	64	29
57	65	19
57	66	10
57	67	5
57	70	19
57	71	32
57	72	2
57	73	16
57	74	19
57	75	57
57	76	5
57	77	40
57	78	19
57	79	8
57	80	5
58	0	394
58	1	513
58	2	35
58	3	168
58	4	103
58	5	43
58	6	491
58	7	877
58	8	907
58	9	2
58	10	89
58	11	27
58	12	483
58	13	8
58	14	2320
58	16	2
58	17	70
58	18	171
58	19	122
58	21	95
58	22	116
58	23	141
58	24	2
58	25	1350
58	26	19
58	27	2
58	28	953
58	29	217
58	30	35
58	31	144
58	32	24
58	34	105
58	35	220
58	36	410
58	38	679
58	39	206
58	40	383
58	41	2
58	42	105
58	44	282
58	45	711
58	47	5
58	48	65
58	49	108
58	50	62
58	51	1861
58	52	35
58	53	13
58	54	32
58	55	16
58	56	184
58	58	2970
58	59	597
58	60	2
58	61	2
58	62	51
58	63	179
58	64	16
58	65	38
58	66	152
58	67	423
58	69	2
58	70	32
58	71	57
58	72	54
58	73	43
58	74	241
58	75	24
58	76	228
58	77	16
58	78	445
58	79	141
58	80	35
58	81	2
59	0	654
59	1	1201
59	2	52
59	3	88
59	4	79
59	5	227
59	6	421
59	7	316
59	8	2140
59	10	266
59	11	59
59	12	992
59	13	28
59	14	2785
59	17	86
59	18	146
59	19	306
59	21	508
59	22	237
59	23	234
59	24	9
59	25	1987
59	26	81
59	27	86
59	28	1529
59	29	529
59	30	131
59	31	79
59	32	81
59	34	285
59	35	534
59	36	1112
59	37	9
59	38	1658
59	39	107
59	40	640
59	41	4
59	42	338
59	44	69
59	45	1114
59	46	7
59	47	14
59	48	218
59	49	107
59	50	306
59	51	934
59	52	131
59	53	21
59	54	57
59	55	40
59	56	563
59	57	11
59	58	711
59	59	3442
59	60	2
59	61	9
59	62	28
59	63	596
59	64	67
59	65	76
59	66	431
59	67	829
59	69	2
59	70	35
59	71	86
59	72	131
59	73	105
59	74	699
59	75	50
59	76	472
59	77	50
59	78	889
59	79	424
59	80	112
60	0	2
60	1	2
60	2	6
60	8	11
60	10	24
60	12	6
60	17	31
60	19	4
60	22	6
60	23	103
60	24	11
60	25	11
60	26	2
60	28	9
60	30	4
60	32	99
60	34	4
60	35	15
60	42	2
60	45	4
60	47	2
60	51	2
60	52	2
60	53	2
60	60	2
60	61	2
60	64	2
60	66	2
60	70	2
60	71	20
60	75	2
60	77	13
61	0	39
61	1	30
61	2	70
61	3	4
61	4	13
61	6	4
61	8	290
61	10	224
61	12	88
61	13	8
61	14	44
61	15	39
61	17	202
61	19	26
61	21	4
61	22	154
61	23	325
61	24	35
61	25	180
61	26	8
61	27	4
61	28	88
61	29	17
61	30	39
61	32	202
61	34	206
61	35	382
61	36	17
61	37	48
61	38	48
61	39	4
61	40	35
61	42	70
61	44	4
61	45	79
61	46	581
61	47	189
61	48	17
61	50	44
61	51	26
61	52	57
61	53	17
61	54	30
61	55	30
61	56	17
61	57	22
61	58	17
61	59	70
61	61	774
61	63	4
61	64	48
61	65	22
61	66	30
61	67	39
61	68	13
61	70	8
61	71	66
61	73	17
61	74	22
61	75	202
61	76	8
61	77	959
61	78	35
61	79	17
61	80	4
62	0	95
62	1	151
62	2	8
62	3	42
62	4	283
62	5	25
62	6	149
62	7	118
62	8	247
62	9	5
62	10	14
62	11	11
62	12	95
62	13	5
62	14	269
62	16	2
62	17	14
62	18	8
62	19	22
62	21	44
62	22	36
62	23	25
62	24	2
62	25	132
62	26	2
62	27	8
62	28	89
62	29	109
62	30	14
62	31	42
62	32	14
62	34	28
62	35	78
62	36	53
62	37	5
62	38	244
62	39	101
62	40	67
62	41	16
62	42	42
62	44	109
62	45	101
62	48	92
62	49	255
62	50	11
62	51	1110
62	52	11
62	53	8
62	54	14
62	55	5
62	56	53
62	58	140
62	59	174
62	61	2
62	62	596
62	63	50
62	64	2
62	65	5
62	66	42
62	67	25
62	69	25
62	70	5
62	71	16
62	72	78
62	73	8
62	74	78
62	75	14
62	76	19
62	77	11
62	78	33
62	79	129
62	80	118
62	81	30
63	0	379
63	1	789
63	2	39
63	3	39
63	4	34
63	5	193
63	6	127
63	7	95
63	8	800
63	10	132
63	11	42
63	12	707
63	13	21
63	14	747
63	17	100
63	18	23
63	19	132
63	20	2
63	21	387
63	22	174
63	23	135
63	25	861
63	26	47
63	27	18
63	28	763
63	29	697
63	30	132
63	31	18
63	32	45
63	34	204
63	35	349
63	36	347
63	37	2
63	38	2269
63	39	47
63	40	341
63	41	2
63	42	180
63	44	45
63	45	591
63	46	5
63	47	13
63	48	259
63	49	60
63	50	254
63	51	278
63	52	87
63	53	18
63	54	68
63	55	31
63	56	220
63	57	2
63	58	243
63	59	519
63	60	10
63	62	13
63	63	2224
63	64	55
63	65	76
63	66	273
63	67	182
63	69	2
63	70	34
63	71	58
63	72	164
63	73	84
63	74	636
63	75	26
63	76	212
63	77	31
63	78	251
63	79	516
63	80	161
63	81	2
64	0	593
64	1	250
64	2	186
64	3	13
64	4	21
64	5	49
64	6	13
64	7	32
64	8	4797
64	10	2057
64	11	79
64	12	901
64	13	189
64	14	219
64	16	8
64	17	662
64	18	10
64	19	640
64	21	5
64	22	923
64	23	656
64	24	8
64	25	1901
64	26	272
64	27	151
64	28	2239
64	29	90
64	30	1871
64	31	2
64	32	214
64	34	2173
64	35	3426
64	36	153
64	37	16
64	38	332
64	39	24
64	40	211
64	42	362
64	44	2
64	45	1186
64	46	46
64	47	93
64	48	49
64	49	8
64	50	181
64	51	162
64	52	445
64	53	181
64	54	236
64	55	228
64	56	63
64	57	52
64	58	74
64	59	162
64	60	8
64	61	2
64	63	87
64	64	1258
64	65	387
64	66	93
64	67	109
64	69	2
64	70	442
64	71	392
64	72	2
64	73	604
64	74	131
64	75	222
64	76	178
64	77	126
64	78	173
64	79	54
65	0	370
65	1	389
65	2	245
65	3	15
65	5	41
65	6	37
65	7	26
65	8	1992
65	10	774
65	11	68
65	12	578
65	13	226
65	14	147
65	16	3
65	17	438
65	18	7
65	19	582
65	21	22
65	22	510
65	23	298
65	24	7
65	25	1753
65	26	275
65	27	268
65	28	1462
65	29	71
65	30	548
65	31	3
65	32	71
65	34	646
65	35	1152
65	36	253
65	37	3
65	38	166
65	39	3
65	40	151
65	42	306
65	44	18
65	45	1156
65	46	3
65	47	18
65	48	45
65	49	3
65	50	117
65	51	71
65	52	328
65	53	211
65	54	188
65	55	385
65	56	56
65	57	18
65	58	37
65	59	105
65	61	7
65	63	45
65	64	313
65	65	774
65	66	173
65	67	83
65	70	468
65	71	306
65	73	362
65	74	68
65	75	71
65	76	408
65	77	56
65	78	249
65	79	34
65	80	15
66	0	831
66	1	1099
66	2	65
66	3	20
66	4	52
66	5	594
66	6	75
66	7	70
66	8	1581
66	10	289
66	11	85
66	12	1842
66	13	39
66	14	677
66	16	5
66	17	130
66	18	23
66	19	338
66	21	135
66	22	529
66	23	231
66	24	5
66	25	1680
66	26	112
66	27	26
66	28	1568
66	29	672
66	30	164
66	31	15
66	32	59
66	34	317
66	35	805
66	36	737
66	38	2827
66	39	33
66	40	846
66	42	560
66	44	18
66	45	930
66	46	7
66	47	15
66	48	317
66	49	23
66	50	1355
66	51	250
66	52	101
66	53	20
66	54	221
66	55	39
66	56	203
66	57	10
66	58	153
66	59	646
66	61	2
66	62	7
66	63	409
66	64	80
66	65	83
66	66	2134
66	67	317
66	70	44
66	71	101
66	72	41
66	73	164
66	74	630
66	75	54
66	76	372
66	77	36
66	78	534
66	79	521
66	80	78
66	81	5
67	0	443
67	1	614
67	2	43
67	3	25
67	4	66
67	5	69
67	6	163
67	7	235
67	8	1337
67	10	202
67	11	38
67	12	581
67	13	12
67	14	1503
67	17	79
67	18	192
67	19	174
67	21	76
67	22	169
67	23	145
67	24	5
67	25	1918
67	26	51
67	27	23
67	28	1524
67	29	235
67	30	122
67	31	38
67	32	48
67	34	186
67	35	381
67	36	622
67	37	7
67	38	548
67	39	61
67	40	414
67	41	2
67	42	125
67	44	71
67	45	1178
67	46	5
67	47	7
67	48	87
67	49	30
67	50	145
67	51	384
67	52	92
67	53	15
67	54	35
67	55	12
67	56	358
67	57	10
67	58	435
67	59	563
67	61	5
67	62	7
67	63	220
67	64	33
67	65	46
67	66	176
67	67	2189
67	69	5
67	70	35
67	71	38
67	72	33
67	73	48
67	74	207
67	75	48
67	76	230
67	77	28
67	78	814
67	79	145
67	80	17
67	81	5
68	1	18
68	8	18
68	10	9
68	12	9
68	15	9
68	26	9
68	29	9
68	31	9
68	36	9
68	40	9
68	47	9
68	50	9
68	59	9
68	61	56
68	66	9
68	77	9
68	78	9
69	0	78
69	1	138
69	2	3
69	3	11
69	4	33
69	5	18
69	6	71
69	7	7
69	8	146
69	9	3
69	10	41
69	11	3
69	12	101
69	14	44
69	17	18
69	19	29
69	21	14
69	22	22
69	23	14
69	25	93
69	28	82
69	29	74
69	30	11
69	31	3
69	32	11
69	34	14
69	35	56
69	36	33
69	38	187
69	39	3
69	40	33
69	41	7
69	42	22
69	44	14
69	45	59
69	48	179
69	49	82
69	50	26
69	51	176
69	52	7
69	53	7
69	54	11
69	56	44
69	58	44
69	59	101
69	62	41
69	63	56
69	64	3
69	65	3
69	66	14
69	67	11
69	69	393
69	70	3
69	71	3
69	72	33
69	73	3
69	74	52
69	75	14
69	76	29
69	77	3
69	78	14
69	79	108
69	80	191
69	81	33
70	0	490
70	1	282
70	2	145
70	3	11
70	4	3
70	5	35
70	6	27
70	7	23
70	8	2728
70	10	889
70	11	101
70	12	823
70	13	223
70	14	247
70	16	7
70	17	384
70	18	7
70	19	686
70	21	23
70	22	752
70	23	317
70	24	15
70	25	1438
70	26	325
70	27	227
70	28	1611
70	29	105
70	30	897
70	31	7
70	32	94
70	34	811
70	35	1556
70	36	168
70	38	235
70	39	31
70	40	168
70	42	380
70	44	11
70	45	1187
70	46	11
70	47	23
70	48	50
70	50	160
70	51	94
70	52	431
70	53	137
70	54	196
70	55	203
70	56	47
70	57	15
70	58	50
70	59	176
70	62	3
70	63	70
70	64	490
70	65	439
70	66	133
70	67	105
70	69	3
70	70	1160
70	71	231
70	73	564
70	74	105
70	75	78
70	76	329
70	77	62
70	78	164
70	79	35
70	80	3
71	0	129
71	1	78
71	2	720
71	4	7
71	5	34
71	6	14
71	7	4
71	8	1143
71	10	1424
71	11	21
71	12	263
71	13	246
71	14	90
71	16	2
71	17	2145
71	18	4
71	19	131
71	21	7
71	22	278
71	23	1629
71	24	80
71	25	586
71	26	43
71	27	31
71	28	520
71	29	43
71	30	215
71	31	7
71	32	808
71	34	842
71	35	835
71	36	61
71	37	4
71	38	136
71	39	9
71	40	68
71	42	68
71	44	2
71	45	315
71	46	19
71	47	61
71	48	24
71	49	4
71	50	46
71	51	56
71	52	371
71	53	136
71	54	39
71	55	207
71	56	34
71	57	46
71	58	43
71	59	65
71	60	12
71	61	14
71	63	29
71	64	183
71	65	149
71	66	51
71	67	31
71	70	80
71	71	1546
71	72	2
71	73	65
71	74	70
71	75	70
71	76	48
71	77	190
71	78	46
71	79	17
72	0	163
72	1	259
72	2	14
72	3	22
72	4	32
72	5	111
72	6	205
72	7	51
72	8	326
72	10	37
72	11	19
72	12	240
72	13	7
72	14	321
72	16	2
72	17	27
72	18	27
72	19	42
72	21	200
72	22	32
72	23	34
72	25	334
72	26	2
72	27	2
72	28	242
72	29	220
72	30	27
72	31	19
72	32	7
72	34	42
72	35	111
72	36	151
72	38	638
72	39	99
72	40	108
72	42	64
72	44	44
72	45	173
72	48	146
72	49	205
72	50	71
72	51	510
72	52	27
72	53	7
72	54	22
72	55	7
72	56	138
72	58	175
72	59	299
72	62	7
72	63	346
72	64	9
72	65	2
72	66	133
72	67	51
72	70	9
72	71	17
72	72	834
72	73	9
72	74	269
72	75	7
72	76	86
72	77	7
72	78	79
72	79	331
72	80	168
72	81	9
73	0	785
73	1	451
73	2	91
73	3	3
73	4	29
73	5	124
73	6	106
73	7	25
73	8	7384
73	10	969
73	11	172
73	12	1171
73	13	99
73	14	308
73	16	3
73	17	264
73	18	18
73	19	807
73	21	29
73	22	1402
73	23	418
73	24	7
73	25	2900
73	26	411
73	27	150
73	28	3124
73	29	139
73	30	1141
73	31	22
73	32	121
73	34	1222
73	35	3539
73	36	381
73	37	11
73	38	528
73	39	18
73	40	392
73	42	668
73	44	11
73	45	1612
73	46	18
73	47	25
73	48	84
73	49	7
73	50	268
73	51	190
73	52	312
73	53	77
73	54	293
73	55	132
73	56	106
73	57	29
73	58	91
73	59	227
73	62	3
73	63	117
73	64	378
73	65	242
73	66	257
73	67	117
73	70	389
73	71	212
73	72	18
73	73	2309
73	74	194
73	75	165
73	76	458
73	77	51
73	78	235
73	79	91
73	80	7
73	81	3
74	0	646
74	1	883
74	2	51
74	3	13
74	4	37
74	5	582
74	6	118
74	7	67
74	8	1799
74	10	274
74	11	51
74	12	1126
74	13	37
74	14	673
74	15	2
74	16	5
74	17	107
74	18	26
74	19	231
74	20	2
74	21	234
74	22	385
74	23	153
74	25	1578
74	26	75
74	27	16
74	28	1172
74	29	396
74	30	123
74	31	13
74	32	70
74	34	326
74	35	608
74	36	452
74	37	8
74	38	2217
74	39	32
74	40	439
74	42	285
74	44	32
74	45	816
74	46	13
74	47	16
74	48	549
74	49	59
74	50	474
74	51	210
74	52	86
74	53	13
74	54	164
74	55	40
74	56	142
74	57	2
74	58	191
74	59	482
74	61	8
74	62	10
74	63	727
74	64	61
74	65	78
74	66	498
74	67	266
74	69	2
74	70	53
74	71	91
74	72	150
74	73	99
74	74	2346
74	75	40
74	76	299
74	77	35
74	78	326
74	79	1678
74	80	199
74	81	5
75	0	165
75	1	78
75	2	131
75	3	6
75	4	12
75	5	28
75	6	15
75	7	21
75	8	2293
75	10	817
75	11	21
75	12	468
75	13	34
75	14	93
75	16	3
75	17	302
75	18	3
75	19	146
75	21	12
75	22	464
75	23	415
75	24	18
75	25	936
75	26	46
75	27	24
75	28	764
75	29	59
75	30	321
75	31	3
75	32	168
75	34	1450
75	35	1903
75	36	24
75	37	96
75	38	171
75	39	9
75	40	96
75	42	81
75	44	6
75	45	486
75	46	118
75	47	168
75	48	28
75	49	3
75	50	78
75	51	59
75	52	190
75	53	28
75	54	96
75	55	43
75	56	18
75	57	49
75	58	49
75	59	87
75	60	6
75	61	24
75	63	24
75	64	159
75	65	68
75	66	68
75	67	46
75	70	62
75	71	162
75	72	9
75	73	224
75	74	46
75	75	1990
75	76	46
75	77	283
75	78	28
75	79	24
75	80	6
75	81	3
76	0	1670
76	1	1799
76	2	181
76	3	69
76	4	97
76	5	289
76	6	163
76	7	209
76	8	2661
76	10	502
76	11	177
76	12	1670
76	13	111
76	14	1370
76	16	6
76	17	394
76	18	80
76	19	871
76	21	153
76	22	634
76	23	418
76	24	24
76	25	4073
76	26	341
76	27	170
76	28	3236
76	29	596
76	30	502
76	31	38
76	32	69
76	34	603
76	35	990
76	36	1586
76	37	6
76	38	1736
76	39	62
76	40	983
76	41	3
76	42	582
76	44	41
76	45	3438
76	46	24
76	47	24
76	48	345
76	49	27
76	50	547
76	51	491
76	52	212
76	53	66
76	54	191
76	55	97
76	56	313
76	57	17
76	58	495
76	59	847
76	60	6
76	61	3
76	62	20
76	63	387
76	64	132
76	65	272
76	66	676
76	67	648
76	69	10
76	70	244
76	71	198
76	72	90
76	73	296
76	74	477
76	75	55
76	76	3292
76	77	76
76	78	1353
76	79	299
76	80	132
76	81	6
77	0	123
77	1	94
77	2	476
77	3	2
77	4	5
77	5	21
77	6	24
77	7	10
77	8	1084
77	10	1253
77	11	34
77	12	312
77	13	129
77	14	102
77	15	59
77	16	2
77	17	1533
77	18	16
77	19	150
77	21	18
77	22	360
77	23	2424
77	24	220
77	25	573
77	26	67
77	27	26
77	28	435
77	29	34
77	30	287
77	31	8
77	32	1743
77	34	1105
77	35	820
77	36	43
77	37	110
77	38	134
77	39	10
77	40	88
77	41	2
77	42	88
77	44	5
77	45	266
77	46	500
77	47	637
77	48	37
77	50	40
77	51	56
77	52	285
77	53	121
77	54	37
77	55	107
77	56	13
77	57	94
77	58	48
77	59	91
77	60	37
77	61	433
77	63	24
77	64	161
77	65	88
77	66	67
77	67	37
77	68	8
77	70	56
77	71	573
77	72	8
77	73	91
77	74	53
77	75	287
77	76	43
77	77	5141
77	78	32
77	79	18
77	80	5
78	0	1321
78	1	1400
78	2	101
78	3	103
78	4	77
78	5	239
78	6	335
78	7	408
78	8	4407
78	10	475
78	11	149
78	12	1922
78	13	74
78	14	2854
78	17	260
78	18	173
78	19	746
78	20	2
78	21	142
78	22	487
78	23	323
78	24	9
78	25	4642
78	26	227
78	27	91
78	28	4016
78	29	567
78	30	357
78	31	53
78	32	135
78	34	434
78	35	949
78	36	1601
78	37	7
78	38	1738
78	39	101
78	40	1096
78	41	2
78	42	410
78	44	132
78	45	3262
78	46	7
78	47	43
78	48	347
78	49	62
78	50	441
78	51	586
78	52	183
78	53	62
78	54	202
78	55	31
78	56	596
78	57	21
78	58	826
78	59	1055
78	61	4
78	62	26
78	63	475
78	64	115
78	65	130
78	66	487
78	67	1787
78	68	2
78	69	4
78	70	74
78	71	94
78	72	70
78	73	239
78	74	669
78	75	67
78	76	1275
78	77	74
78	78	5837
78	79	381
78	80	91
78	81	12
79	0	453
79	1	604
79	2	26
79	3	24
79	4	24
79	5	418
79	6	86
79	7	56
79	8	1255
79	9	2
79	10	229
79	11	16
79	12	831
79	13	10
79	14	558
79	16	2
79	17	67
79	18	18
79	19	172
79	21	170
79	22	256
79	23	140
79	25	1044
79	26	75
79	27	21
79	28	995
79	29	485
79	30	102
79	31	13
79	32	56
79	34	215
79	35	421
79	36	372
79	38	1497
79	39	37
79	40	364
79	41	2
79	42	199
79	44	21
79	45	577
79	47	8
79	48	380
79	49	32
79	50	315
79	51	191
79	52	62
79	53	16
79	54	78
79	55	21
79	56	156
79	58	183
79	59	431
79	62	2
79	63	529
79	64	26
79	65	51
79	66	283
79	67	180
79	69	2
79	70	48
79	71	48
79	72	102
79	73	72
79	74	1600
79	75	35
79	76	143
79	77	18
79	78	178
79	79	1846
79	80	191
80	0	92
80	1	165
80	2	9
80	3	3
80	4	29
80	5	89
80	6	36
80	7	13
80	8	152
80	9	3
80	10	39
80	11	6
80	12	119
80	14	73
80	16	3
80	17	3
80	18	3
80	19	33
80	20	6
80	21	36
80	22	23
80	23	33
80	25	119
80	26	6
80	28	96
80	29	116
80	31	9
80	32	6
80	34	33
80	35	76
80	36	66
80	37	3
80	38	418
80	39	9
80	40	66
80	41	9
80	42	46
80	44	13
80	45	63
80	48	454
80	49	33
80	50	46
80	51	116
80	53	3
80	54	16
80	55	3
80	56	36
80	58	82
80	59	86
80	61	6
80	62	26
80	63	109
80	64	3
80	65	9
80	66	56
80	67	13
80	69	26
80	70	6
80	71	16
80	72	53
80	74	242
80	75	3
80	76	36
80	78	26
80	79	199
80	80	683
80	81	16
81	0	92
81	1	107
81	2	20
81	4	40
81	5	56
81	6	46
81	7	35
81	8	358
81	9	40
81	10	56
81	12	102
81	13	5
81	14	117
81	17	20
81	19	25
81	21	15
81	22	51
81	23	46
81	24	5
81	25	184
81	26	10
81	27	5
81	28	138
81	29	51
81	30	30
81	31	15
81	32	10
81	34	61
81	35	117
81	36	102
81	37	10
81	38	168
81	39	5
81	40	86
81	41	46
81	42	61
81	43	10
81	44	10
81	45	127
81	47	5
81	48	286
81	49	51
81	50	25
81	51	168
81	52	5
81	53	5
81	54	35
81	55	5
81	56	25
81	58	51
81	59	71
81	62	40
81	63	5
81	64	20
81	65	15
81	66	61
81	67	40
81	69	35
81	71	30
81	72	46
81	74	117
81	75	10
81	76	46
81	77	5
81	78	46
81	79	102
81	80	255
81	81	721
