72	4638
0	0	3518
0	1	919
0	2	383
0	3	54
0	4	13
0	5	271
0	7	84
0	8	1321
0	9	1637
0	11	2871
0	12	19
0	13	13
0	14	89
0	15	193
0	16	1539
0	17	81
0	18	1158
0	19	111
0	20	277
0	21	29
0	22	1726
0	23	2
0	24	1142
0	25	8
0	26	543
0	27	7339
0	28	29
0	29	1503
0	30	24
0	31	1661
0	32	97
0	33	274
0	34	826
0	35	10
0	36	813
0	37	106
0	38	644
0	39	16
0	40	116
0	41	4016
0	42	1680
0	43	320
0	44	5
0	46	92
0	47	5547
0	48	1642
0	49	5
0	50	402
0	51	2
0	52	397
0	53	89
0	54	386
0	55	772
0	56	571
0	57	2107
0	58	546
0	59	478
0	60	1373
0	61	122
0	62	8
0	63	970
0	64	938
0	65	886
0	66	576
0	67	424
0	68	361
0	69	919
0	70	492
0	71	263
1	0	192
1	1	1580
1	2	169
1	3	22
1	4	11
1	5	69
1	7	75
1	8	411
1	9	529
1	10	2
1	11	1003
1	12	4
1	13	2
1	14	60
1	15	183
1	16	3314
1	17	58
1	18	308
1	19	203
1	20	230
1	21	11
1	22	127
1	23	4
1	24	596
1	25	11
1	26	717
1	27	2793
1	28	13
1	29	545
1	30	37
1	31	2141
1	32	4
1	33	545
1	34	350
1	35	17
1	36	1591
1	37	169
1	38	344
1	39	26
1	40	37
1	41	7840
1	42	140
1	43	127
1	44	6
1	46	8
1	47	373
1	48	326
1	49	4
1	50	563
1	52	105
1	53	69
1	54	122
1	55	659
1	56	344
1	57	1092
1	58	194
1	59	753
1	60	160
1	61	44
1	62	2
1	63	885
1	64	265
1	65	786
1	66	252
1	67	395
1	68	572
1	69	632
1	70	100
1	71	469
2	0	260
2	1	641
2	2	829
2	3	36
2	4	4
2	5	115
2	7	54
2	8	691
2	9	1278
2	11	1630
2	12	18
2	13	2
2	14	31
2	15	65
2	16	1342
2	17	29
2	18	555
2	19	90
2	20	154
2	21	18
2	22	292
2	23	4
2	24	714
2	25	2
2	26	433
2	27	4006
2	28	40
2	29	523
2	30	22
2	31	2033
2	32	47
2	33	181
2	34	514
2	35	15
2	36	920
2	37	86
2	38	335
2	39	11
2	40	70
2	41	3235
2	42	238
2	43	201
2	44	4
2	45	4
2	46	13
2	47	544
2	48	1358
2	49	11
2	50	394
2	52	120
2	53	40
2	54	163
2	55	911
2	56	335
2	57	1956
2	58	296
2	59	557
2	60	335
2	61	77
2	62	4
2	63	614
2	64	532
2	65	718
2	66	331
2	67	301
2	68	238
2	69	607
2	70	324
2	71	262
3	0	33
3	1	69
3	2	23
3	3	117
3	5	23
3	7	25
3	8	366
3	9	94
3	11	225
3	14	20
3	15	30
3	16	48
3	17	7
3	18	212
3	19	25
3	20	17
3	22	25
3	24	292
3	25	2
3	26	66
3	27	371
3	28	2
3	29	307
3	30	15
3	31	215
3	32	2
3	33	30
3	34	212
3	35	2
3	36	51
3	37	2
3	38	123
3	39	17
3	40	7
3	41	330
3	42	58
3	43	7
3	47	117
3	48	25
3	49	2
3	50	51
3	52	76
3	53	15
3	54	133
3	55	87
3	56	261
3	57	194
3	58	164
3	59	53
3	60	156
3	61	7
3	62	2
3	63	66
3	64	51
3	65	69
3	66	15
3	67	128
3	68	53
3	69	105
3	70	12
3	71	10
4	0	11
4	1	104
4	2	4
4	3	4
4	4	29
4	5	15
4	7	13
4	8	63
4	9	50
4	11	111
4	14	9
4	15	72
4	16	309
4	17	6
4	18	36
4	19	29
4	20	34
4	22	20
4	24	36
4	26	54
4	27	366
4	28	4
4	29	59
4	30	2
4	31	104
4	33	109
4	34	40
4	35	4
4	36	116
4	37	61
4	38	27
4	40	6
4	41	568
4	42	9
4	43	22
4	44	2
4	46	2
4	47	29
4	48	27
4	50	220
4	53	6
4	54	9
4	55	47
4	56	27
4	57	127
4	58	11
4	59	52
4	60	6
4	61	6
4	63	93
4	64	13
4	65	86
4	66	38
4	67	45
4	68	320
4	69	72
4	70	4
4	71	59
5	0	34
5	1	86
5	2	20
5	3	6
5	4	4
5	5	217
5	7	11
5	8	324
5	9	115
5	11	465
5	12	4
5	14	11
5	15	18
5	16	147
5	17	15
5	18	281
5	19	6
5	20	9
5	22	79
5	24	367
5	25	4
5	26	20
5	27	824
5	28	4
5	29	211
5	30	4
5	31	140
5	32	4
5	33	63
5	34	156
5	36	77
5	37	13
5	38	97
5	39	4
5	40	9
5	41	392
5	42	93
5	43	22
5	44	2
5	47	315
5	48	77
5	50	36
5	52	49
5	53	20
5	54	31
5	55	47
5	56	79
5	57	236
5	58	95
5	59	74
5	60	47
5	61	13
5	63	70
5	64	129
5	65	102
5	66	38
5	67	56
5	68	38
5	69	163
5	70	24
5	71	22
6	0	4
6	1	31
6	5	9
6	6	22
6	7	9
6	8	49
6	9	31
6	10	4
6	11	36
6	14	932
6	15	81
6	16	72
6	17	484
6	18	63
6	19	13
6	22	13
6	23	9
6	24	90
6	25	40
6	26	54
6	27	72
6	28	4
6	29	72
6	30	584
6	31	63
6	33	9
6	34	54
6	35	22
6	36	13
6	37	9
6	38	36
6	39	72
6	40	4
6	41	144
6	42	4
6	43	4
6	46	4
6	47	18
6	48	13
6	49	4
6	50	49
6	52	18
6	53	81
6	54	36
6	55	22
6	56	22
6	57	13
6	58	45
6	59	9
6	60	22
6	61	4
6	62	4
6	63	27
6	64	18
6	65	27
6	66	27
6	67	95
6	68	36
6	69	54
6	70	4
6	71	13
7	0	100
7	1	314
7	2	89
7	3	100
7	4	2
7	5	108
7	7	1600
7	8	1822
7	9	343
7	10	2
7	11	1489
7	12	8
7	14	113
7	15	108
7	16	492
7	17	176
7	18	457
7	19	81
7	20	35
7	21	5
7	22	108
7	24	1110
7	25	51
7	26	341
7	27	1852
7	28	10
7	29	2987
7	30	62
7	31	582
7	33	170
7	34	1107
7	35	10
7	36	157
7	37	75
7	38	1793
7	39	51
7	40	35
7	41	1310
7	42	138
7	43	56
7	44	21
7	46	13
7	47	492
7	48	151
7	49	8
7	50	270
7	52	270
7	53	262
7	54	189
7	55	241
7	56	1015
7	57	823
7	58	969
7	59	254
7	60	287
7	61	10
7	62	8
7	63	306
7	64	116
7	65	173
7	66	146
7	67	1064
7	68	224
7	69	576
7	70	73
7	71	113
8	0	82
8	1	298
8	2	52
8	3	120
8	4	2
8	5	117
8	7	87
8	8	2150
8	9	315
8	11	1213
8	12	7
8	14	30
8	15	62
8	16	383
8	17	35
8	18	704
8	19	55
8	20	50
8	21	10
8	22	140
8	24	1727
8	26	298
8	27	2030
8	28	2
8	29	877
8	30	25
8	31	456
8	32	2
8	33	147
8	34	757
8	35	15
8	36	152
8	37	60
8	38	536
8	39	12
8	40	22
8	41	957
8	42	140
8	43	50
8	46	7
8	47	486
8	48	145
8	49	5
8	50	137
8	52	147
8	53	62
8	54	300
8	55	185
8	56	669
8	57	599
8	58	496
8	59	167
8	60	348
8	61	15
8	62	5
8	63	248
8	64	210
8	65	177
8	66	112
8	67	360
8	68	102
8	69	634
8	70	35
8	71	72
9	0	576
9	1	1000
9	2	1000
9	3	54
9	4	11
9	5	190
9	6	2
9	7	190
9	8	933
9	9	3885
9	10	2
9	11	2296
9	12	11
9	13	9
9	14	45
9	15	116
9	16	2051
9	17	76
9	18	1224
9	19	216
9	20	302
9	21	38
9	22	721
9	24	1019
9	25	2
9	26	576
9	27	4621
9	28	50
9	29	781
9	30	19
9	31	3011
9	32	47
9	33	350
9	34	631
9	35	11
9	36	1365
9	37	85
9	38	636
9	39	19
9	40	150
9	41	4554
9	42	581
9	43	419
9	44	14
9	45	2
9	46	35
9	47	1229
9	48	3392
9	49	2
9	50	571
9	52	228
9	53	85
9	54	276
9	55	1572
9	56	657
9	57	2053
9	58	536
9	59	667
9	60	671
9	61	295
9	62	4
9	63	848
9	64	1007
9	65	1210
9	66	693
9	67	578
9	68	462
9	69	812
9	70	869
9	71	354
10	0	12
10	1	99
10	2	16
10	3	8
10	5	8
10	7	16
10	8	54
10	9	41
10	10	174
10	11	99
10	12	4
10	14	569
10	15	931
10	16	428
10	17	70
10	18	37
10	19	20
10	20	24
10	22	20
10	24	74
10	25	20
10	26	62
10	27	183
10	28	4
10	29	58
10	30	54
10	31	116
10	33	24
10	34	33
10	35	137
10	36	45
10	37	24
10	38	49
10	40	8
10	41	266
10	42	8
10	43	33
10	46	4
10	47	29
10	48	24
10	49	24
10	50	307
10	51	8
10	52	16
10	53	24
10	54	20
10	55	99
10	56	49
10	57	99
10	58	58
10	59	62
10	60	24
10	61	4
10	62	37
10	63	45
10	64	41
10	65	58
10	66	33
10	67	158
10	68	195
10	69	41
10	70	4
10	71	29
11	0	75
11	1	403
11	2	71
11	3	15
11	4	1
11	5	219
11	7	52
11	8	732
11	9	271
11	11	2260
11	12	3
11	14	28
11	15	53
11	16	655
11	17	26
11	18	424
11	19	46
11	20	65
11	21	1
11	22	183
11	23	3
11	24	1023
11	25	3
11	26	227
11	27	2882
11	28	21
11	29	414
11	30	3
11	31	493
11	33	160
11	34	397
11	35	7
11	36	358
11	37	73
11	38	266
11	39	3
11	40	15
11	41	1631
11	42	194
11	43	46
11	44	7
11	46	1
11	47	484
11	48	233
11	49	15
11	50	183
11	52	80
11	53	17
11	54	113
11	55	183
11	56	264
11	57	885
11	58	204
11	59	244
11	60	200
11	61	26
11	62	3
11	63	339
11	64	223
11	65	333
11	66	98
11	67	190
11	68	146
11	69	541
11	70	55
11	71	113
12	0	87
12	1	341
12	2	98
12	3	8
12	4	6
12	5	39
12	7	24
12	8	241
12	9	383
12	11	416
12	12	800
12	13	17
12	14	41
12	15	140
12	16	1506
12	17	43
12	18	144
12	19	72
12	20	436
12	21	260
12	22	92
12	24	188
12	25	2
12	26	173
12	27	872
12	28	118
12	29	197
12	30	8
12	31	765
12	32	2
12	33	122
12	34	157
12	35	19
12	36	633
12	37	48
12	38	188
12	39	4
12	40	2075
12	41	1635
12	42	89
12	43	3485
12	44	6
12	46	13
12	47	186
12	48	458
12	49	2
12	50	245
12	51	2
12	52	56
12	53	39
12	54	70
12	55	659
12	56	146
12	57	486
12	58	155
12	59	168
12	60	111
12	61	39
12	62	6
12	63	274
12	64	96
12	65	681
12	66	1924
12	67	173
12	68	201
12	69	173
12	70	184
12	71	210
13	0	3
13	1	18
13	2	3
13	5	3
13	7	1
13	8	7
13	9	20
13	11	16
13	12	1
13	13	3
13	15	3
13	16	205
13	19	7
13	20	35
13	22	1
13	24	9
13	26	3
13	27	11
13	28	1
13	29	3
13	31	32
13	33	5
13	34	3
13	36	54
13	37	5
13	38	3
13	39	1
13	40	7
13	41	99
13	42	3
13	43	39
13	47	9
13	48	7
13	50	18
13	52	1
13	54	1
13	55	15
13	56	7
13	57	9
13	58	5
13	59	5
13	61	1
13	63	16
13	64	5
13	65	30
13	66	48
13	67	5
13	68	9
13	69	11
13	70	3
13	71	9
14	0	26
14	1	189
14	2	22
14	3	18
14	4	3
14	5	26
14	6	11
14	7	90
14	8	246
14	9	102
14	10	37
14	11	299
14	14	5992
14	15	504
14	16	473
14	17	2270
14	18	106
14	19	79
14	20	56
14	21	7
14	22	45
14	23	98
14	24	170
14	25	125
14	26	106
14	27	500
14	28	7
14	29	291
14	30	970
14	31	424
14	32	3
14	33	64
14	34	280
14	35	68
14	36	136
14	37	72
14	38	272
14	39	197
14	40	30
14	41	579
14	42	45
14	43	87
14	44	3
14	46	3
14	47	121
14	48	87
14	49	34
14	50	401
14	51	7
14	52	87
14	53	204
14	54	49
14	55	125
14	56	159
14	57	261
14	58	136
14	59	102
14	60	109
14	61	11
14	62	174
14	63	159
14	64	60
14	65	121
14	66	136
14	67	462
14	68	223
14	69	151
14	70	30
14	71	45
15	0	88
15	1	847
15	2	80
15	3	21
15	4	34
15	5	64
15	6	2
15	7	115
15	8	627
15	9	311
15	10	96
15	11	944
15	12	21
15	13	5
15	14	3773
15	15	9263
15	16	7278
15	17	380
15	18	244
15	19	222
15	20	284
15	21	2
15	22	144
15	23	37
15	24	512
15	25	34
15	26	603
15	27	2695
15	28	40
15	29	638
15	30	174
15	31	1394
15	32	10
15	33	429
15	34	517
15	35	750
15	36	1155
15	37	410
15	38	549
15	39	40
15	40	56
15	41	4143
15	42	134
15	43	187
15	44	109
15	46	5
15	47	241
15	48	442
15	49	404
15	50	2558
15	51	10
15	52	45
15	53	134
15	54	101
15	55	421
15	56	386
15	57	1051
15	58	359
15	59	431
15	60	182
15	61	21
15	62	69
15	63	724
15	64	112
15	65	866
15	66	313
15	67	812
15	68	1410
15	69	598
15	70	45
15	71	611
16	8	1
16	16	15
16	36	3
16	41	3
16	50	1
16	71	1
17	0	41
17	1	236
17	2	45
17	3	27
17	5	27
17	6	13
17	7	139
17	8	581
17	9	160
17	10	17
17	11	557
17	12	20
17	14	3714
17	15	296
17	16	501
17	17	4077
17	18	209
17	19	66
17	20	52
17	21	3
17	22	41
17	23	38
17	24	358
17	25	250
17	26	243
17	27	1024
17	28	13
17	29	857
17	30	1122
17	31	425
17	32	3
17	33	132
17	34	522
17	35	62
17	36	216
17	37	45
17	38	491
17	39	550
17	40	17
17	41	752
17	42	66
17	43	52
17	44	6
17	46	3
17	47	195
17	48	146
17	49	24
17	50	414
17	51	3
17	52	104
17	53	508
17	54	128
17	55	90
17	56	275
17	57	365
17	58	345
17	59	115
17	60	181
17	61	6
17	62	83
17	63	230
17	64	108
17	65	125
17	66	167
17	67	1327
17	68	292
17	69	310
17	70	17
17	71	83
18	0	441
18	1	835
18	2	289
18	3	112
18	4	13
18	5	388
18	7	186
18	8	1883
18	9	982
18	11	3208
18	12	23
18	13	2
18	14	97
18	15	136
18	16	987
18	17	105
18	18	4198
18	19	157
18	20	112
18	21	5
18	22	402
18	23	5
18	24	3158
18	25	5
18	26	559
18	27	4077
18	28	23
18	29	1734
18	30	28
18	31	1471
18	32	26
18	33	252
18	34	1027
18	35	13
18	36	470
18	37	123
18	38	888
18	39	13
18	40	68
18	41	2619
18	42	790
18	43	141
18	46	26
18	47	1965
18	48	543
18	49	15
18	50	404
18	52	698
18	53	97
18	54	819
18	55	564
18	56	1124
18	57	1489
18	58	861
18	59	446
18	60	1340
18	61	47
18	62	5
18	63	562
18	64	890
18	65	462
18	66	260
18	67	559
18	68	333
18	69	961
18	70	173
18	71	186
19	0	125
19	1	1127
19	2	207
19	3	51
19	4	16
19	5	111
19	7	114
19	8	822
19	9	526
19	10	4
19	11	1555
19	12	20
19	13	6
19	14	160
19	15	421
19	16	3840
19	17	153
19	18	584
19	19	810
19	20	267
19	21	9
19	22	200
19	23	4
19	24	738
19	25	20
19	26	1206
19	27	4672
19	28	27
19	29	784
19	30	53
19	31	1893
19	32	4
19	33	475
19	34	770
19	35	41
19	36	1467
19	37	204
19	38	708
19	39	30
19	40	83
19	41	5846
19	42	146
19	43	165
19	44	9
19	46	2
19	47	407
19	48	363
19	49	11
19	50	1239
19	52	146
19	53	146
19	54	174
19	55	654
19	56	531
19	57	1572
19	58	412
19	59	852
19	60	256
19	61	32
19	62	18
19	63	689
19	64	330
19	65	729
19	66	328
19	67	1257
19	68	1805
19	69	931
19	70	65
19	71	454
20	0	115
20	1	589
20	2	134
20	3	2
20	4	18
20	5	44
20	7	20
20	8	273
20	9	368
20	11	575
20	12	74
20	13	60
20	14	53
20	15	234
20	16	6296
20	17	64
20	18	173
20	19	113
20	20	2565
20	21	55
20	22	104
20	24	315
20	25	9
20	26	208
20	27	1018
20	28	127
20	29	234
20	30	13
20	31	1275
20	32	11
20	33	238
20	34	176
20	35	30
20	36	2069
20	37	155
20	38	259
20	39	9
20	40	378
20	41	4141
20	42	111
20	43	2723
20	44	2
20	45	2
20	46	18
20	47	276
20	48	450
20	50	610
20	52	67
20	53	53
20	54	48
20	55	763
20	56	211
20	57	503
20	58	183
20	59	215
20	60	139
20	61	46
20	62	2
20	63	494
20	64	132
20	65	1287
20	66	2596
20	67	243
20	68	250
20	69	225
20	70	97
20	71	651
21	0	98
21	1	263
21	2	52
21	3	7
21	4	2
21	5	47
21	7	23
21	8	181
21	9	342
21	11	327
21	12	296
21	13	4
21	14	9
21	15	59
21	16	662
21	17	21
21	18	138
21	19	19
21	20	169
21	21	581
21	22	117
21	24	138
21	25	2
21	26	102
21	27	796
21	28	38
21	29	244
21	30	9
21	31	473
21	32	19
21	33	64
21	34	117
21	35	14
21	36	282
21	37	64
21	38	136
21	39	19
21	40	1031
21	41	784
21	42	102
21	43	1931
21	46	7
21	47	256
21	48	466
21	50	117
21	52	31
21	53	28
21	54	33
21	55	478
21	56	93
21	57	337
21	58	119
21	59	98
21	60	131
21	61	38
21	62	4
21	63	189
21	64	76
21	65	366
21	66	947
21	67	93
21	68	134
21	69	102
21	70	205
21	71	117
22	0	1186
22	1	1064
22	2	565
22	3	52
22	4	9
22	5	263
22	7	162
22	8	1145
22	9	2008
22	10	2
22	11	2756
22	12	50
22	13	2
22	14	79
22	15	146
22	16	1519
22	17	55
22	18	1600
22	19	177
22	20	256
22	21	19
22	22	1946
22	23	2
22	24	1258
22	25	7
22	26	596
22	27	5907
22	28	47
22	29	1363
22	30	31
22	31	2063
22	32	64
22	33	347
22	34	714
22	35	9
22	36	1035
22	37	100
22	38	721
22	39	28
22	40	158
22	41	3731
22	42	1243
22	43	325
22	44	4
22	46	43
22	47	2892
22	48	1531
22	49	14
22	50	603
22	52	354
22	53	74
22	54	345
22	55	1107
22	56	704
22	57	1924
22	58	642
22	59	644
22	60	961
22	61	196
22	62	9
22	63	819
22	64	1298
22	65	812
22	66	551
22	67	510
22	68	431
22	69	838
22	70	539
22	71	335
23	1	45
23	2	6
23	5	3
23	7	10
23	8	38
23	9	31
23	10	6
23	11	27
23	14	581
23	15	94
23	16	83
23	17	316
23	18	27
23	19	10
23	20	3
23	23	13
23	24	31
23	25	59
23	26	13
23	27	94
23	29	24
23	30	94
23	31	73
23	33	3
23	34	24
23	35	17
23	36	20
23	37	6
23	38	20
23	39	24
23	41	83
23	42	13
23	43	10
23	47	24
23	48	24
23	49	10
23	50	55
23	52	6
23	53	45
23	54	6
23	55	10
23	56	20
23	57	31
23	58	24
23	59	6
23	60	10
23	62	6
23	63	13
23	64	10
23	65	34
23	66	27
23	67	100
23	68	55
23	69	48
23	71	3
24	0	179
24	1	410
24	2	72
24	3	45
24	4	5
24	5	195
24	7	112
24	8	1424
24	9	316
24	10	2
24	11	1807
24	12	8
24	14	48
24	15	83
24	16	533
24	17	59
24	18	783
24	19	64
24	20	53
24	21	10
24	22	155
24	24	3942
24	25	5
24	26	340
24	27	2668
24	28	2
24	29	767
24	30	8
24	31	514
24	32	13
24	33	174
24	34	603
24	35	2
24	36	268
24	37	40
24	38	504
24	39	16
24	40	29
24	41	1432
24	42	233
24	43	72
24	44	13
24	45	5
24	46	10
24	47	691
24	48	236
24	49	5
24	50	214
24	52	179
24	53	61
24	54	174
24	55	249
24	56	501
24	57	809
24	58	351
24	59	246
24	60	284
24	61	16
24	63	289
24	64	177
24	65	305
24	66	131
24	67	337
24	68	190
24	69	871
24	70	61
24	71	126
25	0	7
25	1	52
25	3	3
25	5	7
25	7	10
25	8	66
25	9	35
25	11	87
25	14	137
25	15	45
25	16	84
25	17	133
25	18	14
25	19	14
25	20	14
25	22	17
25	23	10
25	24	70
25	25	63
25	26	28
25	27	168
25	28	3
25	29	73
25	30	28
25	31	52
25	32	7
25	33	3
25	34	59
25	35	10
25	36	35
25	38	70
25	39	31
25	40	7
25	41	154
25	43	7
25	47	21
25	48	3
25	50	84
25	53	140
25	54	24
25	55	21
25	56	52
25	57	28
25	58	38
25	59	17
25	60	7
25	61	3
25	63	28
25	64	7
25	65	28
25	66	21
25	67	295
25	68	45
25	69	52
25	71	10
26	0	164
26	1	1097
26	2	216
26	3	76
26	4	34
26	5	88
26	6	2
26	7	123
26	8	839
26	9	662
26	10	2
26	11	1828
26	12	4
26	14	96
26	15	295
26	16	2948
26	17	113
26	18	612
26	19	512
26	20	209
26	21	9
26	22	238
26	23	7
26	24	1198
26	25	32
26	26	2188
26	27	4512
26	28	14
26	29	1102
26	30	49
26	31	2572
26	32	7
26	33	428
26	34	1058
26	35	24
26	36	1558
26	37	137
26	38	851
26	39	32
26	40	59
26	41	5767
26	42	226
26	43	155
26	44	29
26	45	2
26	46	14
26	47	603
26	48	361
26	49	7
26	50	1063
26	52	177
26	53	194
26	54	216
26	55	817
26	56	610
26	57	1703
26	58	374
26	59	1053
26	60	359
26	61	59
26	62	2
26	63	790
26	64	420
26	65	649
26	66	344
26	67	1073
26	68	1152
26	69	1629
26	70	68
26	71	391
27	0	88
27	1	297
27	2	46
27	3	10
27	4	4
27	5	52
27	7	42
27	8	414
27	9	189
27	11	844
27	14	30
27	15	52
27	16	626
27	17	24
27	18	234
27	19	30
27	20	44
27	21	2
27	22	105
27	23	2
27	24	584
27	26	157
27	27	2113
27	28	4
27	29	212
27	30	6
27	31	416
27	33	119
27	34	230
27	35	6
27	36	260
27	37	42
27	38	121
27	39	10
27	40	8
27	41	1119
27	42	135
27	43	42
27	44	2
27	46	2
27	47	268
27	48	149
27	49	2
27	50	117
27	52	42
27	53	10
27	54	64
27	55	115
27	56	139
27	57	705
27	58	107
27	59	216
27	60	84
27	61	18
27	63	268
27	64	103
27	65	175
27	66	72
27	67	121
27	68	94
27	69	319
27	70	22
27	71	94
28	0	167
28	1	531
28	2	217
28	3	21
28	4	16
28	5	23
28	6	2
28	7	33
28	8	313
28	9	665
28	10	2
28	11	629
28	12	102
28	13	23
28	14	59
28	15	205
28	16	3186
28	17	59
28	18	291
28	19	86
28	20	763
28	21	76
28	22	107
28	24	327
28	25	2
28	26	284
28	27	1385
28	28	626
28	29	315
28	30	9
28	31	1971
28	32	4
28	33	169
28	34	217
28	35	9
28	36	1885
28	37	114
28	38	246
28	39	11
28	40	488
28	41	3741
28	42	112
28	43	2954
28	46	19
28	47	253
28	48	1136
28	49	11
28	50	473
28	52	95
28	53	81
28	54	107
28	55	1191
28	56	177
28	57	798
28	58	136
28	59	277
28	60	210
28	61	52
28	62	2
28	63	509
28	64	181
28	65	1593
28	66	2353
28	67	284
28	68	258
28	69	270
28	70	236
28	71	449
29	0	251
29	1	415
29	2	103
29	3	83
29	4	17
29	5	124
29	7	580
29	8	1938
29	9	467
29	11	1591
29	12	11
29	14	158
29	15	147
29	16	597
29	17	196
29	18	722
29	19	98
29	20	95
29	21	14
29	22	184
29	24	1320
29	25	40
29	26	404
29	27	2022
29	28	17
29	29	11719
29	30	72
29	31	878
29	32	2
29	33	167
29	34	1074
29	35	8
29	36	340
29	37	60
29	38	1268
29	39	49
29	40	49
29	41	1389
29	42	470
29	43	63
29	44	8
29	45	2
29	46	17
29	47	1089
29	48	300
29	49	17
29	50	277
29	51	2
29	52	439
29	53	173
29	54	456
29	55	285
29	56	1331
29	57	947
29	58	2143
29	59	265
29	60	681
29	61	28
29	62	5
29	63	314
29	64	219
29	65	265
29	66	205
29	67	730
29	68	271
29	69	649
29	70	86
29	71	129
30	0	28
30	1	140
30	2	32
30	3	3
30	5	43
30	6	46
30	7	75
30	8	328
30	9	75
30	10	21
30	11	219
30	12	10
30	14	4630
30	15	378
30	16	295
30	17	2960
30	18	292
30	19	50
30	20	57
30	21	3
30	22	46
30	23	43
30	24	295
30	25	209
30	26	183
30	27	667
30	28	3
30	29	537
30	30	2628
30	31	353
30	33	90
30	34	241
30	35	57
30	36	104
30	37	32
30	38	292
30	39	375
30	40	21
30	41	515
30	42	28
30	43	18
30	44	10
30	45	3
30	46	7
30	47	126
30	48	21
30	49	18
30	50	274
30	51	7
30	52	108
30	53	274
30	54	50
30	55	100
30	56	198
30	57	223
30	58	302
30	59	75
30	60	126
30	62	72
30	63	140
30	64	68
30	65	82
30	66	122
30	67	595
30	68	219
30	69	270
30	70	7
30	71	75
31	0	130
31	1	535
31	2	295
31	3	20
31	4	10
31	5	71
31	7	33
31	8	249
31	9	645
31	11	755
31	12	7
31	13	2
31	14	30
31	15	107
31	16	1936
31	17	28
31	18	288
31	19	114
31	20	209
31	21	10
31	22	186
31	24	387
31	25	5
31	26	364
31	27	1885
31	28	33
31	29	280
31	30	28
31	31	3591
31	32	7
31	33	186
31	34	257
31	35	12
31	36	1168
31	37	56
31	38	209
31	39	10
31	40	48
31	41	4206
31	42	96
31	43	229
31	44	15
31	46	12
31	47	196
31	48	558
31	49	10
31	50	278
31	52	76
31	53	38
31	54	86
31	55	1117
31	56	193
31	57	974
31	58	178
31	59	382
31	60	306
31	61	40
31	63	749
31	64	211
31	65	902
31	66	425
31	67	224
31	68	221
31	69	352
31	70	153
31	71	331
32	0	212
32	1	124
32	2	47
32	3	2
32	5	38
32	7	2
32	8	153
32	9	292
32	11	378
32	14	14
32	15	17
32	16	227
32	17	5
32	18	248
32	19	23
32	20	29
32	21	5
32	22	168
32	24	135
32	25	2
32	26	85
32	27	1151
32	28	11
32	29	233
32	30	20
32	31	313
32	32	372
32	33	50
32	34	144
32	36	135
32	37	11
32	38	82
32	39	14
32	40	26
32	41	558
32	42	239
32	43	82
32	44	5
32	46	94
32	47	705
32	48	324
32	50	70
32	52	56
32	53	11
32	54	59
32	55	194
32	56	94
32	57	357
32	58	129
32	59	100
32	60	268
32	61	17
32	63	147
32	64	200
32	65	135
32	66	118
32	67	88
32	68	35
32	69	174
32	70	135
32	71	44
33	0	157
33	1	1520
33	2	152
33	3	42
33	4	55
33	5	95
33	7	95
33	8	646
33	9	520
33	10	4
33	11	1184
33	12	15
33	13	2
33	14	88
33	15	283
33	16	3614
33	17	73
33	18	325
33	19	243
33	20	281
33	21	8
33	22	194
33	23	2
33	24	672
33	25	8
33	26	686
33	27	3164
33	28	37
33	29	520
33	30	28
33	31	1774
33	32	2
33	33	1573
33	34	464
33	35	24
33	36	1664
33	37	303
33	38	433
33	39	13
33	40	50
33	41	8527
33	42	165
33	43	139
33	44	19
33	46	4
33	47	422
33	48	385
33	49	17
33	50	871
33	52	99
33	53	79
33	54	99
33	55	524
33	56	336
33	57	1088
33	58	245
33	59	526
33	60	245
33	61	50
33	62	11
33	63	794
33	64	201
33	65	725
33	66	320
33	67	444
33	68	1026
33	69	564
33	70	97
33	71	564
34	0	105
34	1	640
34	2	165
34	3	62
34	4	5
34	5	140
34	6	2
34	7	155
34	8	1622
34	9	475
34	10	12
34	11	1684
34	12	10
34	13	2
34	14	82
34	15	182
34	16	1079
34	17	120
34	18	530
34	19	272
34	20	85
34	21	20
34	22	155
34	23	2
34	24	1259
34	25	32
34	26	921
34	27	3126
34	28	12
34	29	1229
34	30	50
34	31	1211
34	32	5
34	33	195
34	34	1942
34	35	32
34	36	608
34	37	80
34	38	1033
34	39	47
34	40	32
34	41	2213
34	42	200
34	43	82
34	44	20
34	46	17
34	47	388
34	48	217
34	49	7
34	50	460
34	52	185
34	53	222
34	54	230
34	55	450
34	56	878
34	57	1053
34	58	585
34	59	508
34	60	383
34	61	35
34	62	2
34	63	440
34	64	240
34	65	420
34	66	170
34	67	1276
34	68	515
34	69	1266
34	70	87
34	71	210
35	0	27
35	1	249
35	2	19
35	3	13
35	4	2
35	5	13
35	6	2
35	7	30
35	8	191
35	9	113
35	10	58
35	11	197
35	12	5
35	13	2
35	14	1518
35	15	2709
35	16	1360
35	17	147
35	18	91
35	19	52
35	20	61
35	21	8
35	22	33
35	23	8
35	24	183
35	25	16
35	26	210
35	27	971
35	28	5
35	29	241
35	30	83
35	31	416
35	32	2
35	33	119
35	34	155
35	35	413
35	36	241
35	37	116
35	38	149
35	39	30
35	40	11
35	41	1040
35	42	24
35	43	72
35	44	27
35	46	2
35	47	80
35	48	86
35	49	244
35	50	768
35	51	2
35	52	27
35	53	49
35	54	38
35	55	149
35	56	127
35	57	296
35	58	99
35	59	127
35	60	52
35	62	44
35	63	280
35	64	27
35	65	272
35	66	116
35	67	255
35	68	474
35	69	177
35	70	19
35	71	174
36	0	66
36	1	332
36	2	66
36	3	2
36	4	2
36	5	19
36	7	10
36	8	139
36	9	184
36	11	330
36	12	6
36	13	2
36	14	47
36	15	75
36	16	7347
36	17	25
36	18	133
36	19	19
36	20	298
36	21	12
36	22	83
36	24	115
36	26	100
36	27	783
36	28	21
36	29	178
36	30	19
36	31	693
36	32	2
36	33	178
36	34	105
36	35	8
36	36	2001
36	37	143
36	38	96
36	39	4
36	40	38
36	41	3458
36	42	51
36	43	262
36	44	2
36	46	6
36	47	146
36	48	169
36	49	10
36	50	408
36	52	32
36	53	30
36	54	23
36	55	206
36	56	77
36	57	296
36	58	64
36	59	96
36	60	88
36	61	64
36	62	2
36	63	296
36	64	30
36	65	734
36	66	328
36	67	73
36	68	163
36	69	107
36	70	49
36	71	442
37	0	70
37	1	584
37	2	70
37	3	7
37	4	37
37	5	53
37	7	26
37	8	489
37	9	288
37	11	660
37	12	17
37	13	5
37	14	79
37	15	286
37	16	7338
37	17	53
37	18	174
37	19	81
37	20	282
37	21	17
37	22	125
37	24	317
37	25	11
37	26	222
37	27	1943
37	28	24
37	29	261
37	30	13
37	31	711
37	32	1
37	33	533
37	34	250
37	35	28
37	36	1140
37	37	793
37	38	186
37	39	7
37	40	24
37	41	3855
37	42	108
37	43	167
37	44	20
37	46	13
37	47	210
37	48	201
37	49	15
37	50	1421
37	51	3
37	52	24
37	53	41
37	54	47
37	55	193
37	56	149
37	57	654
37	58	93
37	59	227
37	60	79
37	61	56
37	62	18
37	63	449
37	64	74
37	65	554
37	66	351
37	67	178
37	68	647
37	69	311
37	70	56
37	71	637
38	0	230
38	1	494
38	2	127
38	3	105
38	4	5
38	5	72
38	7	496
38	8	2101
38	9	416
38	11	2206
38	12	5
38	14	125
38	15	150
38	16	802
38	17	135
38	18	699
38	19	135
38	20	75
38	21	2
38	22	188
38	23	2
38	24	1376
38	25	40
38	26	584
38	27	2404
38	28	10
38	29	2269
38	30	75
38	31	1028
38	32	7
38	33	193
38	34	1371
38	35	12
38	36	278
38	37	77
38	38	3204
38	39	35
38	40	22
38	41	2016
38	42	258
38	43	67
38	44	5
38	46	5
38	47	579
38	48	195
38	49	2
38	50	401
38	51	2
38	52	250
38	53	255
38	54	378
38	55	383
38	56	1692
38	57	983
38	58	1138
38	59	363
38	60	423
38	61	17
38	62	2
38	63	403
38	64	265
38	65	278
38	66	168
38	67	1464
38	68	356
38	69	719
38	70	57
38	71	152
39	0	16
39	1	115
39	2	10
39	3	13
39	4	5
39	5	16
39	6	5
39	7	90
39	8	365
39	9	38
39	11	260
39	12	5
39	14	1152
39	15	120
39	16	186
39	17	1051
39	18	109
39	19	21
39	20	27
39	22	19
39	23	10
39	24	197
39	25	126
39	26	126
39	27	570
39	29	757
39	30	203
39	31	134
39	33	54
39	34	227
39	35	10
39	36	68
39	37	19
39	38	263
39	39	746
39	40	2
39	41	362
39	42	16
39	43	21
39	44	5
39	46	2
39	47	41
39	48	74
39	49	2
39	50	164
39	52	41
39	53	296
39	54	41
39	55	35
39	56	192
39	57	153
39	58	249
39	59	90
39	60	87
39	61	2
39	62	10
39	63	134
39	64	32
39	65	35
39	66	32
39	67	647
39	68	126
39	69	167
39	70	5
39	71	30
40	0	77
40	1	332
40	2	98
40	3	16
40	4	2
40	5	38
40	7	14
40	8	168
40	9	359
40	11	398
40	12	579
40	13	9
40	14	36
40	15	144
40	16	1479
40	17	28
40	18	152
40	19	65
40	20	552
40	21	272
40	22	91
40	23	2
40	24	185
40	25	2
40	26	152
40	27	733
40	28	110
40	29	304
40	30	2
40	31	779
40	32	12
40	33	86
40	34	178
40	35	9
40	36	612
40	37	62
40	38	147
40	39	12
40	40	2347
40	41	1375
40	42	67
40	43	2979
40	44	7
40	45	2
40	46	16
40	47	152
40	48	431
40	49	4
40	50	255
40	51	2
40	52	50
40	53	38
40	54	50
40	55	571
40	56	110
40	57	448
40	58	132
40	59	118
40	60	98
40	61	21
40	62	2
40	63	275
40	64	89
40	65	760
40	66	1853
40	67	137
40	68	156
40	69	130
40	70	193
40	71	200
41	0	77
41	1	755
41	2	108
41	3	12
41	4	21
41	5	84
41	7	38
41	8	394
41	9	309
41	11	792
41	12	2
41	13	2
41	14	58
41	15	168
41	16	2528
41	17	43
41	18	158
41	19	75
41	20	210
41	21	4
41	22	168
41	23	2
41	24	331
41	25	8
41	26	279
41	27	1784
41	28	12
41	29	283
41	30	10
41	31	1058
41	32	4
41	33	504
41	34	255
41	35	30
41	36	1223
41	37	147
41	38	227
41	39	2
41	40	49
41	41	6659
41	42	71
41	43	186
41	44	8
41	46	8
41	47	179
41	48	264
41	49	8
41	50	463
41	51	2
41	52	36
41	53	17
41	54	51
41	55	320
41	56	179
41	57	720
41	58	116
41	59	296
41	60	75
41	61	34
41	62	10
41	63	519
41	64	142
41	65	643
41	66	290
41	67	173
41	68	285
41	69	411
41	70	54
41	71	508
42	0	753
42	1	666
42	2	234
42	3	79
42	4	2
42	5	240
42	7	136
42	8	985
42	9	879
42	10	2
42	11	1829
42	12	19
42	13	5
42	14	65
42	15	87
42	16	933
42	17	49
42	18	1734
42	19	98
42	20	120
42	21	8
42	22	598
42	23	8
42	24	1267
42	25	2
42	26	426
42	27	3427
42	28	16
42	29	898
42	30	43
42	31	944
42	32	60
42	33	155
42	34	502
42	35	13
42	36	521
42	37	90
42	38	447
42	39	13
42	40	51
42	41	2364
42	42	1843
42	43	111
42	44	2
42	46	46
42	47	3023
42	48	625
42	50	360
42	52	374
42	53	57
42	54	316
42	55	464
42	56	562
42	57	996
42	58	559
42	59	305
42	60	1024
42	61	106
42	63	559
42	64	718
42	65	442
42	66	284
42	67	275
42	68	180
42	69	639
42	70	240
42	71	196
43	0	186
43	1	759
43	2	227
43	3	26
43	4	14
43	5	72
43	7	38
43	8	461
43	9	737
43	10	4
43	11	853
43	12	236
43	13	31
43	14	60
43	15	253
43	16	4249
43	17	96
43	18	319
43	19	99
43	20	1090
43	21	193
43	22	154
43	24	350
43	25	2
43	26	331
43	27	1636
43	28	323
43	29	485
43	30	16
43	31	2199
43	32	7
43	33	304
43	34	253
43	35	29
43	36	2076
43	37	111
43	38	360
43	39	21
43	40	1109
43	41	4169
43	42	186
43	43	5731
43	44	7
43	46	24
43	47	423
43	48	1131
43	49	4
43	50	473
43	52	94
43	53	91
43	54	111
43	55	1460
43	56	273
43	57	928
43	58	183
43	59	321
43	60	239
43	61	72
43	62	2
43	63	531
43	64	290
43	65	1899
43	66	3640
43	67	357
43	68	398
43	69	413
43	70	367
43	71	524
44	0	4
44	1	12
44	2	2
44	5	2
44	7	2
44	8	24
44	9	14
44	11	24
44	14	4
44	15	43
44	16	103
44	17	2
44	18	7
44	19	2
44	20	7
44	21	2
44	22	12
44	24	16
44	25	4
44	26	12
44	27	79
44	29	7
44	30	2
44	31	9
44	33	7
44	34	14
44	35	4
44	36	16
44	37	7
44	38	2
44	39	2
44	41	123
44	42	2
44	44	9
44	47	4
44	48	4
44	50	87
44	52	2
44	53	2
44	54	2
44	55	7
44	56	12
44	57	26
44	58	2
44	59	7
44	60	2
44	63	16
44	64	2
44	65	9
44	66	12
44	67	14
44	68	31
44	69	21
44	70	4
44	71	2
45	0	66
45	1	48
45	2	17
45	3	4
45	8	44
45	9	75
45	10	4
45	11	150
45	12	4
45	14	13
45	16	70
45	17	13
45	18	66
45	19	4
45	20	13
45	22	66
45	24	22
45	26	26
45	27	469
45	29	31
45	31	106
45	32	4
45	33	8
45	34	53
45	36	57
45	38	13
45	40	13
45	41	186
45	42	48
45	43	8
45	44	4
45	45	4
45	47	212
45	48	66
45	50	35
45	52	4
45	53	4
45	54	26
45	55	22
45	56	22
45	57	93
45	58	17
45	59	22
45	60	66
45	61	8
45	63	57
45	64	17
45	65	53
45	66	44
45	67	8
45	68	17
45	69	8
45	70	8
46	0	244
46	1	156
46	2	79
46	3	14
46	4	2
46	5	45
46	7	2
46	8	179
46	9	176
46	11	347
46	12	8
46	14	19
46	15	36
46	16	113
46	17	8
46	18	230
46	19	14
46	20	28
46	21	8
46	22	219
46	24	176
46	26	93
46	27	799
46	28	5
46	29	253
46	30	11
46	31	227
46	32	76
46	33	48
46	34	162
46	35	2
46	36	71
46	37	11
46	38	116
46	39	2
46	40	39
46	41	455
46	42	230
46	43	42
46	44	2
46	46	236
46	47	867
46	48	199
46	50	62
46	52	42
46	53	17
46	54	56
46	55	102
46	56	91
46	57	301
46	58	99
46	59	147
46	60	318
46	61	5
46	63	113
46	64	102
46	65	93
46	66	51
46	67	62
46	68	56
46	69	88
46	70	65
46	71	19
47	0	830
47	1	514
47	2	152
47	3	62
47	5	152
47	7	85
47	8	557
47	9	745
47	11	1497
47	12	19
47	14	50
47	15	152
47	16	866
47	17	89
47	18	842
47	19	89
47	20	148
47	21	11
47	22	507
47	23	3
47	24	635
47	25	11
47	26	269
47	27	2832
47	28	27
47	29	866
47	30	31
47	31	1010
47	32	93
47	33	156
47	34	401
47	35	15
47	36	522
47	37	74
47	38	378
47	39	11
47	40	70
47	41	1860
47	42	1088
47	43	167
47	46	101
47	47	3717
47	48	421
47	49	15
47	50	300
47	52	276
47	53	74
47	54	269
47	55	378
47	56	382
47	57	772
47	58	417
47	59	257
47	60	1174
47	61	89
47	62	3
47	63	479
47	64	464
47	65	421
47	66	331
47	67	210
47	68	159
47	69	382
47	70	222
47	71	117
48	0	37
48	1	134
48	2	88
48	3	3
48	5	5
48	7	7
48	8	85
48	9	323
48	11	164
48	12	5
48	14	3
48	15	9
48	16	347
48	17	7
48	18	66
48	19	13
48	20	30
48	21	13
48	22	88
48	24	122
48	26	49
48	27	654
48	28	13
48	29	43
48	30	1
48	31	366
48	32	1
48	33	45
48	34	60
48	35	1
48	36	225
48	37	11
48	38	52
48	40	30
48	41	601
48	42	83
48	43	132
48	44	1
48	47	251
48	48	563
48	50	60
48	52	15
48	53	9
48	54	15
48	55	228
48	56	56
48	57	213
48	58	37
48	59	66
48	60	56
48	61	41
48	63	69
48	64	51
48	65	206
48	66	113
48	67	41
48	68	41
48	69	62
48	70	181
48	71	39
49	0	11
49	1	52
49	2	11
49	7	8
49	8	46
49	9	17
49	10	2
49	11	40
49	12	2
49	14	191
49	15	449
49	16	298
49	17	37
49	18	8
49	19	8
49	20	17
49	22	2
49	23	2
49	24	28
49	25	5
49	26	37
49	27	202
49	29	28
49	30	5
49	31	60
49	32	2
49	33	23
49	34	60
49	35	104
49	36	49
49	37	20
49	38	28
49	40	5
49	41	220
49	42	2
49	43	8
49	44	14
49	47	11
49	49	194
49	50	147
49	52	2
49	53	28
49	54	2
49	55	34
49	56	11
49	57	63
49	58	8
49	59	31
49	60	17
49	61	2
49	62	5
49	63	28
49	64	5
49	65	31
49	66	17
49	67	75
49	68	104
49	69	34
49	71	17
50	0	122
50	1	949
50	2	122
50	3	37
50	4	49
50	5	118
50	7	122
50	8	760
50	9	458
50	10	14
50	11	1200
50	12	23
50	13	7
50	14	165
50	15	1044
50	16	7507
50	17	122
50	18	300
50	19	238
50	20	300
50	22	198
50	23	7
50	24	557
50	25	47
50	26	647
50	27	4211
50	28	33
50	29	621
50	30	30
50	31	1202
50	33	576
50	34	560
50	35	82
50	36	1195
50	37	753
50	38	512
50	39	25
50	40	63
50	41	5130
50	42	139
50	43	229
50	44	125
50	46	9
50	47	387
50	48	309
50	49	77
50	50	5130
50	51	4
50	52	85
50	53	132
50	54	134
50	55	529
50	56	385
50	57	1247
50	58	219
50	59	406
50	60	184
50	61	42
50	62	28
50	63	609
50	64	205
50	65	723
50	66	512
50	67	713
50	68	2025
50	69	567
50	70	54
50	71	734
51	0	32
51	1	24
51	2	8
51	7	8
51	8	8
51	9	16
51	11	8
51	14	178
51	15	73
51	16	65
51	17	56
51	18	8
51	19	8
51	20	8
51	22	32
51	23	8
51	24	16
51	26	24
51	27	32
51	29	48
51	30	16
51	31	16
51	34	16
51	36	8
51	37	8
51	38	8
51	39	8
51	41	105
51	42	8
51	43	16
51	47	40
51	49	8
51	50	48
51	51	16
51	52	16
51	53	8
51	54	24
51	55	8
51	57	40
51	58	8
51	59	8
51	60	8
51	62	105
51	64	8
51	65	8
51	67	24
51	69	16
51	70	16
52	0	341
52	1	565
52	2	161
52	3	107
52	4	5
52	5	150
52	7	333
52	8	1988
52	9	691
52	11	1988
52	12	13
52	13	2
52	14	56
52	15	142
52	16	616
52	17	104
52	18	1638
52	19	88
52	20	80
52	21	8
52	22	452
52	24	1665
52	25	5
52	26	522
52	27	2516
52	28	16
52	29	3283
52	30	24
52	31	1003
52	32	26
52	33	166
52	34	990
52	35	21
52	36	309
52	37	61
52	38	1006
52	39	18
52	40	37
52	41	1813
52	42	799
52	43	94
52	44	5
52	45	2
52	46	21
52	47	2451
52	48	344
52	49	5
52	50	309
52	51	2
52	52	2567
52	53	131
52	54	1057
52	55	409
52	56	1259
52	57	1267
52	58	2069
52	59	444
52	60	2228
52	61	37
52	62	2
52	63	503
52	64	481
52	65	314
52	66	242
52	67	635
52	68	244
52	69	769
52	70	150
52	71	126
53	0	105
53	1	695
53	2	97
53	3	90
53	4	10
53	5	140
53	7	479
53	8	1668
53	9	447
53	10	25
53	11	2105
53	12	12
53	13	2
53	14	763
53	15	422
53	16	1243
53	17	688
53	18	479
53	19	216
53	20	113
53	21	5
53	22	158
53	23	10
53	24	1095
53	25	228
53	26	819
53	27	4158
53	28	37
53	29	1806
53	30	203
53	31	974
53	32	12
53	33	231
53	34	1411
53	35	52
53	36	429
53	37	138
53	38	1655
53	39	193
53	40	50
53	41	2105
53	42	138
53	43	123
53	44	10
53	46	7
53	47	371
53	48	246
53	49	12
53	50	844
53	51	5
53	52	218
53	53	2226
53	54	311
53	55	487
53	56	1025
53	57	1095
53	58	917
53	59	424
53	60	341
53	61	35
53	62	20
53	63	507
53	64	236
53	65	414
53	66	233
53	67	4004
53	68	675
53	69	987
53	70	65
53	71	195
54	0	262
54	1	480
54	2	166
54	3	222
54	4	5
54	5	254
54	7	249
54	8	1700
54	9	600
54	10	2
54	11	1880
54	12	2
54	14	56
54	15	150
54	16	480
54	17	83
54	18	1603
54	19	118
54	20	80
54	21	5
54	22	324
54	24	1483
54	25	8
54	26	429
54	27	2210
54	28	26
54	29	2167
54	30	26
54	31	970
54	32	16
54	33	225
54	34	852
54	35	13
54	36	362
54	37	69
54	38	1024
54	39	24
54	40	40
54	41	1547
54	42	474
54	43	107
54	44	8
54	46	21
54	47	1453
54	48	297
54	49	10
54	50	364
54	52	1147
54	53	131
54	54	1821
54	55	351
54	56	1276
54	57	917
54	58	1611
54	59	346
54	60	1349
54	61	37
54	63	402
54	64	506
54	65	284
54	66	209
54	67	726
54	68	313
54	69	734
54	70	72
54	71	126
55	0	201
55	1	713
55	2	270
55	3	15
55	4	6
55	5	69
55	7	42
55	8	369
55	9	803
55	10	4
55	11	1020
55	12	40
55	13	20
55	14	26
55	15	138
55	16	3363
55	17	51
55	18	346
55	19	100
55	20	541
55	21	17
55	22	167
55	24	414
55	25	4
55	26	320
55	27	2537
55	28	152
55	29	349
55	30	17
55	31	2544
55	33	297
55	34	221
55	36	2175
55	37	93
55	38	252
55	39	6
55	40	221
55	41	5292
55	42	179
55	43	1080
55	44	6
55	46	15
55	47	337
55	48	1235
55	49	2
55	50	425
55	52	123
55	53	42
55	54	87
55	55	2551
55	56	250
55	57	1152
55	58	187
55	59	400
55	60	163
55	61	62
55	63	698
55	64	257
55	65	1942
55	66	1235
55	67	259
55	68	380
55	69	328
55	70	257
55	71	501
56	0	147
56	1	294
56	2	85
56	3	107
56	5	83
56	7	223
56	8	1382
56	9	313
56	11	1397
56	12	2
56	13	2
56	14	71
56	15	75
56	16	428
56	17	75
56	18	615
56	19	90
56	20	24
56	21	12
56	22	93
56	23	2
56	24	1024
56	25	19
56	26	318
56	27	1436
56	28	9
56	29	1571
56	30	22
56	31	617
56	32	2
56	33	115
56	34	681
56	35	7
56	36	174
56	37	34
56	38	963
56	39	19
56	40	14
56	41	1144
56	42	147
56	43	39
56	44	4
56	46	9
56	47	465
56	48	102
56	50	215
56	52	188
56	53	75
56	54	330
56	55	218
56	56	1750
56	57	630
56	58	926
56	59	218
56	60	343
56	61	22
56	63	301
56	64	240
56	65	169
56	66	73
56	67	546
56	68	232
56	69	490
56	70	24
56	71	100
57	0	181
57	1	604
57	2	323
57	3	24
57	4	8
57	5	133
57	7	48
57	8	580
57	9	534
57	10	2
57	11	1410
57	12	24
57	13	4
57	14	24
57	15	82
57	16	1024
57	17	24
57	18	390
57	19	67
57	20	87
57	21	10
57	22	207
57	24	901
57	26	303
57	27	3722
57	28	21
57	29	340
57	30	15
57	31	1262
57	32	17
57	33	198
57	34	377
57	35	13
57	36	543
57	37	80
57	38	272
57	39	15
57	40	48
57	41	2185
57	42	168
57	43	135
57	44	8
57	45	2
57	46	2
57	47	589
57	48	484
57	49	10
57	50	323
57	52	102
57	53	37
57	54	106
57	55	414
57	56	279
57	57	2508
57	58	192
57	59	469
57	60	187
57	61	24
57	62	4
57	63	406
57	64	277
57	65	530
57	66	159
57	67	229
57	68	207
57	69	545
57	70	102
57	71	187
58	0	188
58	1	256
58	2	70
58	3	70
58	5	59
58	7	340
58	8	1202
58	9	302
58	11	1093
58	12	5
58	14	54
58	15	73
58	16	297
58	17	87
58	18	520
58	19	84
58	20	51
58	21	5
58	22	128
58	23	2
58	24	875
58	25	5
58	26	343
58	27	1065
58	29	2867
58	30	21
58	31	545
58	32	5
58	33	147
58	34	618
58	35	8
58	36	149
58	37	32
58	38	994
58	39	19
58	40	38
58	41	945
58	42	223
58	43	29
58	44	2
58	46	2
58	47	482
58	48	182
58	50	198
58	52	400
58	53	122
58	54	419
58	55	198
58	56	989
58	57	646
58	58	2603
58	59	171
58	60	348
58	61	19
58	63	275
58	64	179
58	65	139
58	66	117
58	67	507
58	68	231
58	69	501
58	70	46
58	71	89
59	0	87
59	1	596
59	2	158
59	3	23
59	4	7
59	5	76
59	7	31
59	8	294
59	9	458
59	11	922
59	12	15
59	14	34
59	15	124
59	16	1213
59	17	31
59	18	257
59	19	143
59	20	111
59	21	7
59	22	111
59	23	7
59	24	469
59	25	5
59	26	593
59	27	2636
59	28	15
59	29	294
59	30	21
59	31	1558
59	32	5
59	33	291
59	34	291
59	35	10
59	36	667
59	37	74
59	38	246
59	39	21
59	40	18
59	41	2702
59	42	153
59	43	100
59	46	5
59	47	267
59	48	235
59	49	2
59	50	331
59	52	74
59	53	63
59	54	98
59	55	392
59	56	241
59	57	1229
59	58	198
59	59	869
59	60	137
59	61	60
59	63	519
59	64	190
59	65	352
59	66	219
59	67	275
59	68	368
59	69	527
59	70	84
59	71	169
60	0	684
60	1	808
60	2	295
60	3	135
60	4	5
60	5	388
60	7	267
60	8	1738
60	9	1118
60	11	2522
60	12	22
60	14	115
60	15	186
60	16	597
60	17	132
60	18	1967
60	19	104
60	20	109
60	21	8
60	22	899
60	24	1854
60	25	16
60	26	496
60	27	4224
60	28	11
60	29	3373
60	30	42
60	31	1327
60	32	73
60	33	197
60	34	890
60	35	28
60	36	301
60	37	87
60	38	986
60	39	36
60	40	47
60	41	2570
60	42	1958
60	43	124
60	44	5
60	46	50
60	47	6623
60	48	718
60	49	8
60	50	408
60	52	1516
60	53	152
60	54	794
60	55	473
60	56	1141
60	57	1536
60	58	1195
60	59	414
60	60	6034
60	61	78
60	62	11
60	63	659
60	64	749
60	65	414
60	66	276
60	67	591
60	68	374
60	69	1000
60	70	236
60	71	121
61	0	214
61	1	313
61	2	259
61	3	24
61	4	2
61	5	71
61	7	24
61	8	340
61	9	1106
61	11	846
61	12	14
61	13	2
61	14	24
61	15	46
61	16	681
61	17	27
61	18	357
61	19	24
61	20	101
61	21	14
61	22	439
61	24	320
61	25	2
61	26	202
61	27	2024
61	28	17
61	29	392
61	30	9
61	31	888
61	32	22
61	33	101
61	34	222
61	35	7
61	36	404
61	37	54
61	38	222
61	39	12
61	40	41
61	41	1362
61	42	259
61	43	165
61	44	2
61	46	9
61	47	661
61	48	856
61	50	153
61	52	81
61	53	17
61	54	98
61	55	464
61	56	182
61	57	661
61	58	175
61	59	195
61	60	195
61	61	274
61	62	2
61	63	266
61	64	316
61	65	392
61	66	229
61	67	214
61	68	138
61	69	217
61	70	229
61	71	111
62	0	3
62	1	50
62	2	3
62	4	3
62	5	7
62	7	17
62	8	57
62	9	3
62	10	10
62	11	57
62	12	7
62	14	345
62	15	125
62	16	136
62	17	129
62	18	14
62	19	25
62	20	17
62	22	10
62	23	7
62	24	61
62	25	3
62	26	21
62	27	93
62	29	53
62	30	61
62	31	50
62	33	25
62	34	17
62	35	25
62	36	39
62	37	10
62	38	35
62	39	3
62	40	3
62	41	176
62	42	3
62	43	7
62	44	10
62	47	14
62	48	25
62	49	10
62	50	107
62	51	7
62	52	3
62	53	7
62	54	7
62	55	17
62	56	28
62	57	28
62	58	10
62	59	25
62	62	255
62	63	21
62	64	3
62	65	25
62	66	14
62	67	43
62	68	82
62	69	32
62	71	10
63	0	210
63	1	1190
63	2	362
63	3	45
63	4	23
63	5	102
63	7	95
63	8	467
63	9	801
63	10	2
63	11	1381
63	12	16
63	13	4
63	14	85
63	15	286
63	16	5042
63	17	83
63	18	498
63	19	224
63	20	448
63	21	23
63	22	195
63	23	2
63	24	799
63	25	7
63	26	739
63	27	2999
63	28	31
63	29	541
63	30	38
63	31	4548
63	32	11
63	33	446
63	34	434
63	35	11
63	36	2646
63	37	143
63	38	496
63	39	31
63	40	143
63	41	9910
63	42	212
63	43	312
63	44	9
63	46	7
63	47	420
63	48	899
63	49	2
63	50	682
63	52	95
63	53	71
63	54	186
63	55	1238
63	56	474
63	57	1591
63	58	291
63	59	890
63	60	300
63	61	131
63	63	1813
63	64	341
63	65	1360
63	66	706
63	67	441
63	68	596
63	69	706
63	70	248
63	71	668
64	0	323
64	1	596
64	2	490
64	3	36
64	4	2
64	5	279
64	7	49
64	8	735
64	9	1184
64	11	1766
64	12	17
64	13	4
64	14	49
64	15	78
64	16	976
64	17	49
64	18	1250
64	19	107
64	20	100
64	21	9
64	22	461
64	24	1076
64	26	458
64	27	3046
64	28	41
64	29	610
64	30	26
64	31	1486
64	32	17
64	33	188
64	34	527
64	35	12
64	36	588
64	37	71
64	38	470
64	39	14
64	40	103
64	41	2487
64	42	470
64	43	110
64	44	2
64	45	2
64	46	36
64	47	858
64	48	1209
64	49	2
64	50	372
64	52	220
64	53	58
64	54	250
64	55	684
64	56	409
64	57	1292
64	58	414
64	59	399
64	60	559
64	61	93
64	62	4
64	63	517
64	64	1221
64	65	561
64	66	223
64	67	353
64	68	304
64	69	586
64	70	277
64	71	166
65	0	188
65	1	973
65	2	287
65	3	27
65	4	9
65	5	69
65	7	53
65	8	506
65	9	784
65	10	2
65	11	1126
65	12	62
65	13	18
65	14	120
65	15	241
65	16	6205
65	17	113
65	18	341
65	19	85
65	20	803
65	21	39
65	22	267
65	23	4
65	24	466
65	25	20
65	26	466
65	27	3221
65	28	137
65	29	555
65	30	30
65	31	3114
65	32	2
65	33	527
65	34	332
65	35	37
65	36	3927
65	37	171
65	38	390
65	39	4
65	40	153
65	41	8351
65	42	169
65	43	1307
65	45	6
65	46	11
65	47	350
65	48	898
65	49	11
65	50	757
65	52	76
65	53	53
65	54	106
65	55	1502
65	56	364
65	57	1277
65	58	195
65	59	455
65	60	215
65	61	99
65	62	11
65	63	982
65	64	241
65	65	4173
65	66	1734
65	67	334
65	68	350
65	69	390
65	70	215
65	71	678
66	0	196
66	1	699
66	2	189
66	3	24
66	4	9
66	5	26
66	7	46
66	8	383
66	9	587
66	10	2
66	11	699
66	12	174
66	13	65
66	14	75
66	15	271
66	16	5456
66	17	92
66	18	247
66	19	165
66	20	1810
66	21	77
66	22	94
66	24	388
66	25	9
66	26	320
66	27	1060
66	28	235
66	29	305
66	30	9
66	31	2111
66	33	291
66	34	203
66	35	43
66	36	2636
66	37	152
66	38	305
66	39	4
66	40	461
66	41	4752
66	42	116
66	43	2866
66	44	2
66	45	2
66	46	9
66	47	274
66	48	538
66	49	12
66	50	716
66	52	87
66	53	67
66	54	121
66	55	1262
66	56	213
66	57	716
66	58	140
66	59	257
66	60	182
66	61	84
66	62	4
66	63	480
66	64	259
66	65	1776
66	66	4087
66	67	320
66	68	402
66	69	300
66	70	225
66	71	604
67	0	168
67	1	719
67	2	199
67	3	91
67	4	22
67	5	137
67	6	2
67	7	418
67	8	1855
67	9	558
67	10	7
67	11	2291
67	12	12
67	13	2
67	14	403
67	15	415
67	16	1441
67	17	426
67	18	630
67	19	329
67	20	119
67	22	204
67	23	25
67	24	1388
67	25	196
67	26	949
67	27	3975
67	28	33
67	29	1947
67	30	132
67	31	1181
67	32	10
67	33	375
67	34	1671
67	35	45
67	36	512
67	37	158
67	38	2263
67	39	91
67	40	56
67	41	2801
67	42	204
67	43	112
67	44	38
67	46	5
67	47	466
67	48	239
67	49	20
67	50	1122
67	52	250
67	53	1002
67	54	321
67	55	538
67	56	1235
67	57	1117
67	58	1076
67	59	571
67	60	377
67	61	20
67	62	17
67	63	566
67	64	313
67	65	461
67	66	265
67	67	4861
67	68	1222
67	69	1184
67	70	56
67	71	257
68	0	140
68	1	918
68	2	119
68	3	58
68	4	65
68	5	77
68	7	119
68	8	890
68	9	341
68	10	2
68	11	1388
68	12	16
68	13	4
68	14	154
68	15	600
68	16	2909
68	17	142
68	18	448
68	19	329
68	20	219
68	21	14
68	22	210
68	23	9
68	24	675
68	25	77
68	26	787
68	27	3737
68	28	28
68	29	577
68	30	32
68	31	1180
68	32	7
68	33	567
68	34	684
68	35	67
68	36	822
68	37	390
68	38	528
68	39	25
68	40	84
68	41	4151
68	42	128
68	43	133
68	44	39
68	45	2
68	46	16
68	47	308
68	48	257
68	49	7
68	50	2292
68	51	2
68	52	86
68	53	285
68	54	128
68	55	472
68	56	467
68	57	1072
68	58	294
68	59	504
68	60	165
68	61	32
68	62	7
68	63	528
68	64	229
68	65	565
68	66	357
68	67	1341
68	68	2952
68	69	745
68	70	67
68	71	399
69	0	89
69	1	343
69	2	56
69	3	19
69	4	2
69	5	95
69	7	50
69	8	693
69	9	243
69	10	2
69	11	1385
69	12	10
69	14	41
69	15	50
69	16	621
69	17	19
69	18	330
69	19	58
69	20	36
69	21	4
69	22	97
69	24	1185
69	25	2
69	26	282
69	27	2691
69	28	4
69	29	350
69	30	13
69	31	491
69	32	6
69	33	173
69	34	491
69	35	13
69	36	237
69	37	36
69	38	321
69	39	4
69	40	13
69	41	1176
69	42	108
69	43	65
69	44	6
69	47	302
69	48	119
69	49	10
69	50	145
69	52	86
69	53	58
69	54	119
69	55	186
69	56	273
69	57	647
69	58	202
69	59	326
69	60	182
69	61	15
69	63	230
69	64	117
69	65	237
69	66	76
69	67	315
69	68	158
69	69	1452
69	70	28
69	71	89
70	0	81
70	1	231
70	2	126
70	3	1
70	4	1
70	5	50
70	7	3
70	8	254
70	9	679
70	11	517
70	12	23
70	14	11
70	15	23
70	16	675
70	17	21
70	18	202
70	19	21
70	20	79
70	21	5
70	22	212
70	24	256
70	26	83
70	27	1333
70	28	15
70	29	278
70	30	1
70	31	698
70	32	9
70	33	79
70	34	126
70	35	1
70	36	443
70	37	21
70	38	103
70	39	1
70	40	79
70	41	1364
70	42	144
70	43	323
70	46	5
70	47	465
70	48	905
70	49	1
70	50	107
70	51	1
70	52	31
70	53	9
70	54	38
70	55	344
70	56	126
70	57	447
70	58	83
70	59	122
70	60	134
70	61	56
70	63	225
70	64	132
70	65	358
70	66	258
70	67	107
70	68	83
70	69	132
70	70	922
70	71	87
71	0	60
71	1	284
71	2	68
71	3	8
71	4	6
71	5	32
71	7	18
71	8	305
71	9	161
71	11	365
71	12	14
71	14	42
71	15	141
71	16	4169
71	17	38
71	18	88
71	19	46
71	20	179
71	21	6
71	22	76
71	24	238
71	26	133
71	27	879
71	28	24
71	29	208
71	30	4
71	31	493
71	32	4
71	33	228
71	34	141
71	35	6
71	36	804
71	37	240
71	38	113
71	39	2
71	40	28
71	41	3015
71	42	42
71	43	105
71	46	2
71	47	121
71	48	155
71	50	416
71	52	26
71	53	14
71	54	38
71	55	147
71	56	86
71	57	432
71	58	72
71	59	125
71	60	40
71	61	26
71	62	6
71	63	264
71	64	44
71	65	363
71	66	264
71	67	88
71	68	204
71	69	171
71	70	30
71	71	675
