63	3551
0	0	1533
0	1	49
0	2	4
0	3	20
0	4	11
0	5	105
0	6	1888
0	7	377
0	8	337
0	9	42
0	10	134
0	11	2
0	12	602
0	13	917
0	14	69
0	15	15
0	16	40
0	17	483
0	18	11
0	19	76
0	20	784
0	21	476
0	22	119
0	23	20
0	24	611
0	25	283
0	26	600
0	27	730
0	28	505
0	29	195
0	30	249
0	31	332
0	32	3239
0	33	325
0	35	69
0	36	47
0	37	71
0	38	2
0	39	240
0	40	128
0	41	818
0	43	157
0	44	193
0	45	206
0	46	1908
0	47	343
0	48	87
0	49	2
0	50	182
0	51	1391
0	52	4
0	53	894
0	54	2
0	55	20
0	56	822
0	57	168
0	58	813
0	59	251
0	60	116
1	0	336
1	1	1239
1	2	12
1	3	41
1	4	16
1	5	805
1	6	4986
1	7	1032
1	8	811
1	9	115
1	10	431
1	12	144
1	13	1795
1	14	8
1	15	10
1	16	196
1	17	1301
1	18	8
1	19	72
1	20	1710
1	21	1065
1	22	159
1	23	105
1	24	369
1	25	88
1	26	208
1	27	307
1	28	276
1	29	824
1	30	681
1	31	1059
1	32	7515
1	33	231
1	35	243
1	36	90
1	37	378
1	38	2
1	39	126
1	40	925
1	41	1293
1	42	16
1	43	221
1	44	417
1	45	1499
1	46	2840
1	47	2024
1	48	142
1	50	373
1	51	2295
1	52	59
1	53	504
1	54	4
1	55	72
1	56	1551
1	57	233
1	58	1179
1	59	1016
1	60	233
1	61	2
2	0	470
2	1	89
2	2	174
2	3	16
2	4	3
2	5	170
2	6	2592
2	7	311
2	8	570
2	9	59
2	10	333
2	12	316
2	13	888
2	14	21
2	15	4
2	16	38
2	17	840
2	18	8
2	19	62
2	20	1249
2	21	608
2	22	94
2	23	16
2	24	406
2	25	94
2	26	601
2	27	900
2	28	359
2	29	213
2	30	233
2	31	434
2	32	5581
2	33	203
2	35	87
2	36	82
2	37	66
2	38	24
2	39	140
2	40	162
2	41	837
2	42	9
2	43	157
2	44	510
2	45	248
2	46	1594
2	47	444
2	48	84
2	50	167
2	51	1921
2	52	9
2	53	503
2	54	11
2	55	119
2	56	1054
2	57	167
2	58	717
2	59	384
2	60	92
2	61	13
3	0	24
3	1	8
3	2	8
3	3	32
3	5	8
3	6	40
3	7	48
3	8	8
3	12	32
3	13	32
3	15	8
3	16	8
3	17	89
3	20	24
3	21	24
3	27	8
3	28	8
3	29	32
3	30	40
3	32	89
3	36	8
3	37	16
3	40	8
3	41	16
3	45	40
3	46	32
3	47	8
3	48	16
3	50	8
3	51	16
3	52	8
3	53	32
3	56	8
3	57	16
3	58	8
3	60	32
4	0	8
4	1	4
4	3	12
4	4	79
4	5	8
4	6	79
4	7	79
4	8	8
4	9	4
4	10	12
4	12	4
4	13	12
4	14	4
4	16	4
4	17	12
4	19	8
4	20	8
4	21	4
4	22	20
4	24	8
4	25	4
4	26	4
4	27	4
4	29	12
4	30	149
4	31	4
4	32	33
4	33	8
4	36	12
4	40	8
4	41	49
4	42	4
4	43	4
4	44	12
4	45	45
4	46	79
4	47	20
4	48	4
4	50	8
4	51	20
4	53	24
4	55	4
4	56	41
4	58	33
4	59	16
4	60	12
5	0	312
5	1	424
5	2	17
5	3	41
5	4	11
5	5	3352
5	6	3280
5	7	721
5	8	688
5	9	61
5	10	374
5	11	2
5	12	182
5	13	1183
5	14	17
5	15	8
5	16	572
5	17	895
5	18	8
5	19	105
5	20	794
5	21	1361
5	22	209
5	23	61
5	24	391
5	25	160
5	26	288
5	27	616
5	28	303
5	29	503
5	30	451
5	31	1458
5	32	2987
5	33	160
5	35	503
5	36	85
5	37	264
5	38	6
5	39	156
5	40	1357
5	41	1091
5	42	11
5	43	204
5	44	297
5	45	734
5	46	3161
5	47	2202
5	48	165
5	49	4
5	50	224
5	51	2351
5	52	57
5	53	479
5	54	4
5	55	81
5	56	1049
5	57	202
5	58	1080
5	59	968
5	60	231
5	61	6
6	0	350
6	1	312
6	2	16
6	3	19
6	4	2
6	5	491
6	6	8049
6	7	603
6	8	1088
6	9	62
6	10	663
6	11	4
6	12	188
6	13	1410
6	14	26
6	15	21
6	16	126
6	17	1351
6	18	4
6	19	81
6	20	2069
6	21	833
6	22	226
6	23	76
6	24	451
6	25	88
6	26	319
6	27	656
6	28	475
6	29	742
6	30	649
6	31	861
6	32	10329
6	33	236
6	35	229
6	36	69
6	37	257
6	38	4
6	39	164
6	40	520
6	41	1043
6	42	7
6	43	264
6	44	522
6	45	1124
6	46	1857
6	47	1155
6	48	164
6	50	353
6	51	2914
6	52	52
6	53	797
6	54	14
6	55	93
6	56	1905
6	57	202
6	58	1444
6	59	1176
6	60	205
6	61	2
6	62	2
7	0	424
7	1	641
7	2	18
7	3	40
7	4	12
7	5	359
7	6	3365
7	7	4846
7	8	759
7	9	238
7	10	288
7	11	3
7	12	362
7	13	2748
7	14	12
7	15	71
7	16	105
7	17	2633
7	18	46
7	19	291
7	20	1354
7	21	588
7	22	672
7	23	96
7	24	663
7	25	229
7	26	275
7	27	430
7	28	418
7	29	1022
7	30	1874
7	31	542
7	32	7836
7	33	396
7	35	164
7	36	77
7	37	560
7	38	9
7	39	328
7	40	520
7	41	1636
7	42	24
7	43	613
7	44	467
7	45	948
7	46	2609
7	47	1010
7	48	393
7	49	6
7	50	644
7	51	2745
7	52	105
7	53	991
7	54	65
7	55	65
7	56	1787
7	57	381
7	58	1862
7	59	951
7	60	1270
7	61	18
8	0	619
8	1	311
8	2	35
8	3	35
8	4	13
8	5	655
8	6	6676
8	7	723
8	8	2330
8	9	62
8	10	1375
8	11	1
8	12	384
8	13	1575
8	14	35
8	15	7
8	16	196
8	17	1738
8	18	7
8	19	117
8	20	2089
8	21	1997
8	22	219
8	23	47
8	24	616
8	25	137
8	26	531
8	27	1069
8	28	500
8	29	547
8	30	525
8	31	1475
8	32	9637
8	33	282
8	35	359
8	36	211
8	37	206
8	38	7
8	39	168
8	40	608
8	41	1626
8	42	13
8	43	302
8	44	767
8	45	790
8	46	3433
8	47	1443
8	48	115
8	50	264
8	51	3635
8	52	13
8	53	731
8	54	9
8	55	255
8	56	1846
8	57	239
8	58	1410
8	59	1033
8	60	207
8	61	11
8	62	1
9	0	302
9	1	96
9	2	15
9	3	201
9	4	19
9	5	120
9	6	1449
9	7	1129
9	8	280
9	9	538
9	10	76
9	11	2
9	12	297
9	13	1203
9	14	19
9	15	8
9	16	19
9	17	869
9	18	4
9	19	229
9	20	558
9	21	183
9	22	282
9	23	45
9	24	615
9	25	142
9	26	161
9	27	293
9	28	172
9	29	299
9	30	755
9	31	256
9	32	2188
9	33	172
9	35	45
9	36	19
9	37	91
9	38	2
9	39	172
9	40	148
9	41	1024
9	42	43
9	43	223
9	44	129
9	45	249
9	46	2186
9	47	343
9	48	229
9	49	4
9	50	172
9	51	982
9	52	17
9	53	383
9	54	2
9	55	30
9	56	547
9	57	426
9	58	757
9	59	245
9	60	332
9	61	2
9	62	6
10	0	379
10	1	153
10	2	21
10	3	21
10	4	12
10	5	472
10	6	3924
10	7	388
10	8	1123
10	9	49
10	10	1372
10	12	256
10	13	1114
10	14	25
10	15	9
10	16	137
10	17	1076
10	18	12
10	19	80
10	20	1299
10	21	1761
10	22	131
10	23	36
10	24	357
10	25	98
10	26	416
10	27	553
10	28	351
10	29	340
10	30	351
10	31	1068
10	32	6010
10	33	207
10	35	295
10	36	128
10	37	142
10	38	9
10	39	161
10	40	379
10	41	988
10	42	10
10	43	170
10	44	423
10	45	526
10	46	2009
10	47	991
10	48	93
10	49	1
10	50	186
10	51	2104
10	52	34
10	53	535
10	55	278
10	56	1090
10	57	177
10	58	852
10	59	678
10	60	111
11	0	1
11	4	1
11	5	1
11	6	9
11	8	3
11	10	3
11	11	1
11	13	3
11	17	5
11	21	1
11	26	1
11	28	7
11	29	1
11	31	11
11	32	16
11	36	5
11	41	3
11	43	1
11	45	3
11	47	1
11	51	9
11	53	1
11	58	1
11	59	1
12	0	926
12	1	69
12	2	10
12	3	32
12	4	4
12	5	63
12	6	1424
12	7	328
12	8	215
12	9	36
12	10	87
12	12	991
12	13	700
12	14	32
12	15	13
12	16	36
12	17	417
12	18	6
12	19	50
12	20	491
12	21	311
12	22	104
12	23	6
12	24	665
12	25	398
12	26	300
12	27	406
12	28	306
12	29	163
12	30	256
12	31	230
12	32	2151
12	33	376
12	35	54
12	36	39
12	37	73
12	38	2
12	39	147
12	40	100
12	41	798
12	42	6
12	43	152
12	44	119
12	45	176
12	46	1707
12	47	261
12	48	58
12	50	141
12	51	1057
12	52	8
12	53	682
12	55	21
12	56	498
12	57	219
12	58	554
12	59	145
12	60	67
12	62	2
13	0	344
13	1	298
13	2	23
13	3	33
13	4	6
13	5	358
13	6	3488
13	7	2281
13	8	686
13	9	89
13	10	341
13	11	3
13	12	232
13	13	4656
13	14	16
13	15	46
13	16	122
13	17	1525
13	18	16
13	19	126
13	20	1439
13	21	454
13	22	437
13	23	122
13	24	447
13	25	142
13	26	285
13	27	467
13	28	341
13	29	1164
13	30	1183
13	31	623
13	32	7209
13	33	331
13	35	122
13	36	82
13	37	646
13	38	9
13	39	252
13	40	577
13	41	1303
13	42	13
13	43	421
13	44	520
13	45	1041
13	46	1790
13	47	1001
13	48	255
13	50	540
13	51	2155
13	52	72
13	53	799
13	54	13
13	55	53
13	56	1648
13	57	328
13	58	1565
13	59	858
13	60	623
13	62	6
14	0	607
14	1	32
14	2	6
14	3	15
14	4	12
14	5	62
14	6	882
14	7	210
14	8	135
14	9	40
14	10	53
14	12	392
14	13	480
14	14	285
14	15	6
14	16	21
14	17	236
14	19	38
14	20	418
14	21	160
14	22	60
14	23	12
14	24	394
14	25	154
14	26	255
14	27	345
14	28	203
14	29	85
14	30	141
14	31	137
14	32	1435
14	33	188
14	35	34
14	36	17
14	37	27
14	39	111
14	40	53
14	41	512
14	42	6
14	43	87
14	44	94
14	45	85
14	46	1189
14	47	137
14	48	47
14	50	70
14	51	648
14	52	4
14	53	382
14	55	4
14	56	373
14	57	113
14	58	435
14	59	81
14	60	81
15	0	201
15	1	52
15	2	4
15	3	56
15	4	15
15	5	65
15	6	820
15	7	516
15	8	133
15	9	95
15	10	47
15	12	301
15	13	807
15	14	4
15	15	156
15	16	18
15	17	408
15	18	18
15	19	197
15	20	315
15	21	117
15	22	213
15	23	18
15	24	426
15	25	72
15	26	120
15	27	172
15	28	174
15	29	147
15	30	253
15	31	117
15	32	1267
15	33	138
15	35	36
15	36	18
15	37	40
15	38	4
15	39	113
15	40	90
15	41	702
15	42	9
15	43	170
15	44	81
15	45	165
15	46	1274
15	47	140
15	48	108
15	50	97
15	51	609
15	52	13
15	53	267
15	55	13
15	56	326
15	57	355
15	58	396
15	59	149
15	60	113
15	61	2
15	62	4
16	0	274
16	1	311
16	2	27
16	3	45
16	4	1
16	5	2625
16	6	2610
16	7	540
16	8	653
16	9	43
16	10	274
16	12	124
16	13	1346
16	14	7
16	15	15
16	16	843
16	17	777
16	18	7
16	19	98
16	20	584
16	21	1318
16	22	130
16	23	39
16	24	294
16	25	59
16	26	266
16	27	507
16	28	207
16	29	309
16	30	347
16	31	1249
16	32	2365
16	33	124
16	35	460
16	36	65
16	37	159
16	38	7
16	39	114
16	40	963
16	41	1038
16	42	1
16	43	179
16	44	232
16	45	521
16	46	2898
16	47	1713
16	48	78
16	49	3
16	50	173
16	51	1782
16	52	35
16	53	329
16	55	75
16	56	870
16	57	161
16	58	679
16	59	689
16	60	203
16	61	1
17	0	402
17	1	498
17	2	9
17	3	172
17	4	15
17	5	480
17	6	3905
17	7	4355
17	8	816
17	9	290
17	10	329
17	11	3
17	12	350
17	13	2738
17	14	15
17	15	54
17	16	181
17	17	4098
17	18	51
17	19	226
17	20	1523
17	21	577
17	22	610
17	23	96
17	24	897
17	25	148
17	26	374
17	27	568
17	28	359
17	29	1027
17	30	2031
17	31	749
17	32	7832
17	33	323
17	35	187
17	36	90
17	37	791
17	38	18
17	39	359
17	40	565
17	41	1577
17	42	51
17	43	568
17	44	507
17	45	1333
17	46	3083
17	47	1097
17	48	450
17	49	9
17	50	713
17	51	3001
17	52	184
17	53	813
17	54	18
17	55	81
17	56	1880
17	57	544
17	58	1916
17	59	1045
17	60	1762
17	61	21
17	62	3
18	0	258
18	1	21
18	2	4
18	3	73
18	4	11
18	5	33
18	6	625
18	7	469
18	8	94
18	9	64
18	10	52
18	12	239
18	13	765
18	14	9
18	15	26
18	16	14
18	17	436
18	18	71
18	19	177
18	20	395
18	21	123
18	22	215
18	23	7
18	24	535
18	25	116
18	26	175
18	27	154
18	28	187
18	29	168
18	30	341
18	31	104
18	32	1337
18	33	156
18	35	16
18	36	14
18	37	45
18	38	2
18	39	213
18	40	68
18	41	692
18	42	26
18	43	206
18	44	154
18	45	144
18	46	1275
18	47	109
18	48	75
18	49	4
18	50	128
18	51	614
18	52	2
18	53	329
18	54	2
18	55	23
18	56	433
18	57	521
18	58	395
18	59	113
18	60	111
18	61	14
19	0	583
19	1	141
19	2	27
19	3	228
19	4	50
19	5	179
19	6	2572
19	7	1870
19	8	388
19	9	352
19	10	215
19	12	604
19	13	2563
19	14	29
19	15	90
19	16	63
19	17	1468
19	18	38
19	19	1251
19	20	949
19	21	369
19	22	837
19	23	63
19	24	1481
19	25	346
19	26	488
19	27	551
19	28	450
19	29	376
19	30	1116
19	31	513
19	32	4022
19	33	378
19	35	82
19	36	69
19	37	198
19	38	8
19	39	579
19	40	177
19	41	2162
19	42	44
19	43	492
19	44	336
19	45	471
19	46	4637
19	47	426
19	48	372
19	49	2
19	50	367
19	51	2322
19	52	31
19	53	885
19	54	6
19	55	46
19	56	1390
19	57	1063
19	58	1316
19	59	420
19	60	465
19	61	14
19	62	12
20	0	203
20	1	184
20	2	16
20	3	10
20	4	2
20	5	176
20	6	2535
20	7	429
20	8	462
20	9	35
20	10	260
20	12	92
20	13	910
20	15	13
20	16	78
20	17	597
20	18	10
20	19	38
20	20	1413
20	21	277
20	22	141
20	23	24
20	24	212
20	25	51
20	26	127
20	27	214
20	28	201
20	29	462
20	30	356
20	31	361
20	32	5609
20	33	141
20	35	95
20	36	54
20	37	152
20	38	2
20	39	67
20	40	214
20	41	448
20	42	2
20	43	173
20	44	225
20	45	597
20	46	804
20	47	429
20	48	119
20	49	8
20	50	187
20	51	1163
20	52	32
20	53	481
20	54	5
20	55	27
20	56	842
20	57	119
20	58	739
20	59	494
20	60	157
21	0	489
21	1	198
21	2	35
21	3	60
21	4	15
21	5	1045
21	6	5198
21	7	576
21	8	1262
21	9	91
21	10	839
21	11	6
21	12	335
21	13	1324
21	14	20
21	15	8
21	16	194
21	17	1139
21	18	2
21	19	107
21	20	1472
21	21	4521
21	22	165
21	23	46
21	24	478
21	25	145
21	26	480
21	27	877
21	28	415
21	29	433
21	30	359
21	31	1988
21	32	5642
21	33	250
21	35	594
21	36	140
21	37	142
21	38	2
21	39	259
21	40	527
21	41	1393
21	42	24
21	43	194
21	44	435
21	45	645
21	46	3596
21	47	1492
21	48	120
21	49	2
21	50	216
21	51	2653
21	52	26
21	53	661
21	54	11
21	55	283
21	56	1279
21	57	212
21	58	962
21	59	944
21	60	154
21	61	4
21	62	2
22	0	542
22	1	128
22	2	19
22	3	78
22	4	50
22	5	150
22	6	2114
22	7	1376
22	8	293
22	9	213
22	10	117
22	11	2
22	12	411
22	13	1604
22	14	15
22	15	41
22	16	32
22	17	1182
22	18	28
22	19	291
22	20	862
22	21	357
22	22	1202
22	23	39
22	24	1030
22	25	259
22	26	315
22	27	402
22	28	313
22	29	461
22	30	1119
22	31	363
22	32	3384
22	33	293
22	35	43
22	36	32
22	37	139
22	38	4
22	39	359
22	40	169
22	41	1472
22	42	30
22	43	526
22	44	250
22	45	311
22	46	3157
22	47	400
22	48	300
22	50	394
22	51	1668
22	52	43
22	53	812
22	55	43
22	56	1204
22	57	762
22	58	1043
22	59	372
22	60	359
22	61	6
22	62	6
23	0	229
23	1	440
23	2	19
23	3	35
23	4	13
23	5	378
23	6	2777
23	7	1033
23	8	486
23	9	70
23	10	249
23	12	96
23	13	1627
23	14	6
23	15	8
23	16	122
23	17	1303
23	18	4
23	19	45
23	20	1279
23	21	551
23	22	135
23	23	249
23	24	311
23	25	63
23	26	168
23	27	254
23	28	183
23	29	843
23	30	536
23	31	407
23	32	6807
23	33	118
23	35	118
23	36	35
23	37	519
23	38	2
23	39	98
23	40	444
23	41	1062
23	42	15
23	43	168
23	44	275
23	45	1005
23	46	2128
23	47	897
23	48	122
23	49	2
23	50	304
23	51	1677
23	52	76
23	53	374
23	54	8
23	55	37
23	56	1195
23	57	151
23	58	1027
23	59	694
23	60	420
23	61	2
23	62	4
24	0	730
24	1	118
24	2	19
24	3	21
24	4	8
24	5	146
24	6	2469
24	7	987
24	8	443
24	9	112
24	10	239
24	12	768
24	13	1475
24	14	36
24	15	12
24	16	46
24	17	811
24	18	23
24	19	172
24	20	1138
24	21	367
24	22	382
24	23	33
24	24	1894
24	25	454
24	26	333
24	27	552
24	28	490
24	29	431
24	30	826
24	31	375
24	32	4990
24	33	579
24	35	87
24	36	53
24	37	197
24	38	4
24	39	458
24	40	178
24	41	1316
24	42	21
24	43	516
24	44	320
24	45	569
24	46	2862
24	47	428
24	48	197
24	49	2
24	50	416
24	51	1813
24	52	27
24	53	1076
24	54	2
24	55	42
24	56	1284
24	57	488
24	58	1178
24	59	416
24	60	203
24	61	6
24	62	2
25	0	761
25	1	101
25	2	15
25	3	31
25	4	6
25	5	180
25	6	1592
25	7	451
25	8	296
25	9	91
25	10	91
25	12	751
25	13	1014
25	14	37
25	15	6
25	16	50
25	17	552
25	18	3
25	19	88
25	20	616
25	21	315
25	22	192
25	23	28
25	24	957
25	25	1389
25	26	385
25	27	480
25	28	407
25	29	249
25	30	388
25	31	360
25	32	2618
25	33	413
25	35	88
25	36	31
25	37	94
25	38	3
25	39	230
25	40	154
25	41	909
25	42	12
25	43	259
25	44	180
25	45	259
25	46	2214
25	47	293
25	48	107
25	49	3
25	50	236
25	51	1130
25	52	18
25	53	720
25	54	3
25	55	34
25	56	660
25	57	293
25	58	903
25	59	180
25	60	82
25	62	3
26	0	783
26	1	101
26	2	47
26	3	32
26	4	3
26	5	165
26	6	3473
26	7	452
26	8	737
26	9	74
26	10	388
26	11	3
26	12	557
26	13	988
26	14	49
26	15	19
26	16	47
26	17	1183
26	18	5
26	19	114
26	20	1692
26	21	723
26	22	158
26	23	23
26	24	627
26	25	190
26	26	1166
26	27	1366
26	28	794
26	29	365
26	30	354
26	31	659
26	32	7902
26	33	359
26	35	174
26	36	81
26	37	118
26	38	3
26	39	210
26	40	218
26	41	1081
26	42	12
26	43	218
26	44	507
26	45	447
26	46	2162
26	47	574
26	48	116
26	49	3
26	50	272
26	51	2871
26	52	16
26	53	941
26	54	1
26	55	105
26	56	1843
26	57	370
26	58	1066
26	59	510
26	60	136
26	61	25
26	62	1
27	0	435
27	1	66
27	2	33
27	3	13
27	5	121
27	6	2204
27	7	317
27	8	415
27	9	51
27	10	215
27	12	275
27	13	789
27	14	8
27	15	1
27	16	29
27	17	734
27	18	8
27	19	53
27	20	921
27	21	372
27	22	78
27	23	21
27	24	302
27	25	132
27	26	402
27	27	1109
27	28	365
27	29	269
27	30	187
27	31	323
27	32	4837
27	33	184
27	35	83
27	36	46
27	37	56
27	38	8
27	39	152
27	40	139
27	41	548
27	42	9
27	43	116
27	44	280
27	45	209
27	46	1267
27	47	406
27	48	64
27	50	134
27	51	1981
27	52	9
27	53	490
27	54	1
27	55	46
27	56	1254
27	57	124
27	58	667
27	59	323
27	60	83
27	61	8
28	0	1049
28	1	167
28	2	28
28	3	22
28	4	5
28	5	212
28	6	3867
28	7	684
28	8	726
28	9	88
28	10	457
28	12	771
28	13	1649
28	14	45
28	15	18
28	16	73
28	17	1366
28	18	3
28	19	131
28	20	1835
28	21	671
28	22	307
28	23	58
28	24	731
28	25	240
28	26	690
28	27	1058
28	28	1390
28	29	562
28	30	562
28	31	574
28	32	10556
28	33	521
28	35	148
28	36	90
28	37	135
28	38	7
28	39	287
28	40	300
28	41	1308
28	42	5
28	43	356
28	44	514
28	45	688
28	46	2676
28	47	720
28	48	159
28	50	467
28	51	3357
28	52	37
28	53	1371
28	54	5
28	55	69
28	56	3143
28	57	384
28	58	1698
28	59	540
28	60	163
28	61	9
29	0	320
29	1	379
29	2	22
29	3	27
29	5	315
29	6	3259
29	7	1280
29	8	547
29	9	76
29	10	305
29	11	2
29	12	145
29	13	1973
29	14	7
29	15	24
29	16	143
29	17	1354
29	18	4
29	19	103
29	20	1618
29	21	397
29	22	209
29	23	76
29	24	412
29	25	96
29	26	197
29	27	300
29	28	209
29	29	1648
29	30	824
29	31	530
29	32	8171
29	33	204
29	35	86
29	36	81
29	37	421
29	38	2
29	39	160
29	40	446
29	41	1006
29	42	19
29	43	318
29	44	377
29	45	1122
29	46	1991
29	47	920
29	48	172
29	50	310
29	51	2114
29	52	66
29	53	495
29	54	9
29	55	56
29	56	1500
29	57	234
29	58	1389
29	59	954
29	60	449
29	61	7
30	0	507
30	1	265
30	2	20
30	3	76
30	4	14
30	5	225
30	6	2748
30	7	2196
30	8	517
30	9	251
30	10	193
30	12	418
30	13	1852
30	14	32
30	15	36
30	16	56
30	17	1433
30	18	10
30	19	169
30	20	1109
30	21	295
30	22	634
30	23	58
30	24	899
30	25	159
30	26	265
30	27	442
30	28	370
30	29	620
30	30	1882
30	31	459
30	32	5473
30	33	332
30	35	78
30	36	62
30	37	255
30	38	4
30	39	344
30	40	301
30	41	1755
30	42	44
30	43	571
30	44	293
30	45	555
30	46	3205
30	47	702
30	48	448
30	50	438
30	51	2021
30	52	56
30	53	599
30	54	10
30	55	36
30	56	1238
30	57	577
30	58	1415
30	59	591
30	60	646
30	61	4
30	62	8
31	0	565
31	1	265
31	2	27
31	3	54
31	4	7
31	5	1122
31	6	5495
31	7	697
31	8	1179
31	9	50
31	10	477
31	11	1
31	12	274
31	13	1491
31	14	9
31	15	7
31	16	198
31	17	1159
31	18	5
31	19	128
31	20	1454
31	21	1922
31	22	231
31	23	56
31	24	469
31	25	113
31	26	407
31	27	816
31	28	385
31	29	493
31	30	461
31	31	2590
31	32	5853
31	33	259
31	35	545
31	36	105
31	37	177
31	38	19
31	39	200
31	40	810
31	41	1539
31	42	7
31	43	257
31	44	378
31	45	762
31	46	3818
31	47	2070
31	48	124
31	49	5
31	50	210
31	51	2549
31	52	35
31	53	619
31	54	3
31	55	124
31	56	1422
31	57	231
31	58	974
31	59	1165
31	60	187
31	61	5
32	0	48
32	1	31
32	2	4
32	3	4
32	5	43
32	6	750
32	7	181
32	8	152
32	9	16
32	10	33
32	12	29
32	13	300
32	16	16
32	17	203
32	19	4
32	20	520
32	21	130
32	22	33
32	23	31
32	24	121
32	25	19
32	26	72
32	27	87
32	28	65
32	29	210
32	30	106
32	31	106
32	32	1842
32	33	24
32	35	55
32	36	21
32	37	55
32	38	2
32	39	33
32	40	55
32	41	145
32	42	2
32	43	45
32	44	72
32	45	130
32	46	341
32	47	121
32	48	31
32	50	79
32	51	384
32	52	19
32	53	157
32	55	9
32	56	288
32	57	21
32	58	321
32	59	147
32	60	29
33	0	598
33	1	77
33	2	9
33	3	19
33	4	3
33	5	107
33	6	1652
33	7	469
33	8	301
33	9	53
33	10	172
33	12	503
33	13	903
33	14	35
33	15	9
33	16	37
33	17	644
33	18	13
33	19	75
33	20	630
33	21	293
33	22	237
33	23	13
33	24	663
33	25	194
33	26	255
33	27	374
33	28	330
33	29	293
33	30	342
33	31	245
33	32	3287
33	33	695
33	35	43
33	36	63
33	37	116
33	39	208
33	40	136
33	41	832
33	42	5
33	43	287
33	44	194
33	45	422
33	46	1769
33	47	338
33	48	110
33	49	1
33	50	299
33	51	1387
33	52	23
33	53	723
33	55	41
33	56	824
33	57	325
33	58	949
33	59	382
33	60	118
33	61	23
33	62	3
34	1	4
34	5	8
34	6	8
34	8	4
34	12	4
34	20	8
34	21	13
34	22	4
34	24	4
34	31	4
34	32	22
34	37	4
34	41	4
34	45	8
34	46	4
34	47	4
34	48	4
34	51	13
34	55	4
34	56	4
34	59	4
34	61	4
35	0	302
35	1	117
35	2	14
35	3	48
35	4	10
35	5	1064
35	6	3093
35	7	434
35	8	654
35	9	34
35	10	349
35	11	2
35	12	180
35	13	932
35	14	18
35	15	16
35	16	249
35	17	731
35	18	12
35	19	73
35	20	761
35	21	1432
35	22	93
35	23	30
35	24	383
35	25	138
35	26	272
35	27	530
35	28	197
35	29	312
35	30	247
35	31	1332
35	32	3059
35	33	142
35	35	920
35	36	91
35	37	99
35	38	2
35	39	123
35	40	643
35	41	918
35	42	6
35	43	95
35	44	235
35	45	505
35	46	2517
35	47	1399
35	48	67
35	49	4
35	50	142
35	51	1499
35	52	16
35	53	306
35	54	8
35	55	89
35	56	621
35	57	136
35	58	646
35	59	572
35	60	136
35	61	4
36	0	259
36	1	58
36	2	37
36	3	25
36	4	6
36	5	208
36	6	2483
36	7	386
36	8	526
36	9	42
36	10	451
36	11	8
36	12	265
36	13	829
36	14	10
36	15	5
36	16	46
36	17	726
36	18	1
36	19	29
36	20	1082
36	21	837
36	22	94
36	23	25
36	24	283
36	25	111
36	26	326
36	27	677
36	28	225
36	29	278
36	30	234
36	31	514
36	32	4718
36	33	148
36	35	116
36	36	501
36	37	99
36	38	23
36	39	99
36	40	201
36	41	711
36	42	5
36	43	70
36	44	533
36	45	256
36	46	1516
36	47	446
36	48	70
36	49	5
36	50	152
36	51	1836
36	52	15
36	53	335
36	54	8
36	55	157
36	56	762
36	57	143
36	58	641
36	59	398
36	60	68
36	61	5
37	0	492
37	1	777
37	2	20
37	3	144
37	4	12
37	5	649
37	6	5208
37	7	2946
37	8	1027
37	9	162
37	10	579
37	11	2
37	12	301
37	13	3565
37	14	20
37	15	74
37	16	221
37	17	3083
37	18	7
37	19	188
37	20	2442
37	21	814
37	22	533
37	23	244
37	24	826
37	25	218
37	26	427
37	27	631
37	28	466
37	29	1749
37	30	1589
37	31	826
37	32	12032
37	33	342
37	35	213
37	36	164
37	37	1535
37	38	5
37	39	327
37	40	950
37	41	2194
37	42	38
37	43	672
37	44	659
37	45	1787
37	46	4265
37	47	1728
37	48	334
37	49	10
37	50	677
37	51	3580
37	52	224
37	53	978
37	54	18
37	55	126
37	56	2434
37	57	507
37	58	2393
37	59	1316
37	60	1210
37	61	2
37	62	2
38	0	37
38	1	10
38	2	5
38	3	2
38	4	4
38	5	20
38	6	248
38	7	26
38	8	65
38	9	3
38	10	45
38	12	31
38	13	78
38	15	1
38	16	4
38	17	60
38	18	1
38	19	3
38	20	103
38	21	57
38	22	7
38	23	1
38	24	25
38	25	5
38	26	44
38	27	65
38	28	22
38	29	19
38	30	21
38	31	44
38	32	433
38	33	9
38	35	9
38	36	21
38	37	14
38	38	11
38	39	7
38	40	25
38	41	72
38	43	13
38	44	44
38	45	18
38	46	156
38	47	36
38	48	7
38	50	8
38	51	164
38	52	1
38	53	41
38	55	8
38	56	84
38	57	9
38	58	58
38	59	16
38	60	4
39	0	1412
39	1	144
39	2	31
39	3	84
39	4	33
39	5	289
39	6	2968
39	7	1487
39	8	488
39	9	244
39	10	242
39	12	1166
39	13	2081
39	14	49
39	15	35
39	16	74
39	17	1410
39	18	22
39	19	384
39	20	1398
39	21	417
39	22	862
39	23	43
39	24	2147
39	25	626
39	26	606
39	27	794
39	28	693
39	29	633
39	30	1110
39	31	562
39	32	6289
39	33	744
39	35	119
39	36	80
39	37	188
39	38	2
39	39	1570
39	40	254
39	41	1981
39	42	33
39	43	711
39	44	417
39	45	537
39	46	4783
39	47	581
39	48	316
39	49	6
39	50	626
39	51	2689
39	52	53
39	53	1330
39	54	8
39	55	55
39	56	1630
39	57	1057
39	58	1750
39	59	523
39	60	349
39	61	6
39	62	2
40	0	181
40	1	202
40	2	9
40	3	28
40	4	5
40	5	863
40	6	1751
40	7	442
40	8	363
40	9	37
40	10	177
40	12	101
40	13	622
40	14	3
40	15	11
40	16	159
40	17	466
40	18	3
40	19	43
40	20	563
40	21	651
40	22	97
40	23	26
40	24	241
40	25	52
40	26	133
40	27	228
40	28	168
40	29	284
40	30	226
40	31	672
40	32	2096
40	33	97
40	35	172
40	36	39
40	37	123
40	39	78
40	40	1024
40	41	597
40	42	5
40	43	134
40	44	125
40	45	494
40	46	1292
40	47	1229
40	48	76
40	49	3
40	50	131
40	51	1079
40	52	16
40	53	254
40	55	20
40	56	548
40	57	127
40	58	442
40	59	430
40	60	80
40	61	1
41	0	251
41	1	159
41	2	16
41	3	16
41	4	5
41	5	175
41	6	2068
41	7	1119
41	8	386
41	9	137
41	10	181
41	12	118
41	13	1479
41	14	13
41	15	13
41	16	54
41	17	770
41	18	10
41	19	78
41	20	776
41	21	208
41	22	259
41	23	18
41	24	400
41	25	83
41	26	146
41	27	237
41	28	219
41	29	451
41	30	900
41	31	270
41	32	3823
41	33	202
41	35	37
41	36	48
41	37	216
41	38	8
41	39	205
41	40	178
41	41	1416
41	42	10
41	43	343
41	44	243
41	45	497
41	46	1752
41	47	456
41	48	181
41	49	2
41	50	419
41	51	1143
41	52	32
41	53	538
41	54	8
41	55	35
41	56	984
41	57	267
41	58	989
41	59	389
41	60	278
41	61	13
41	62	2
42	0	42
42	1	28
42	3	20
42	5	28
42	6	327
42	7	276
42	8	58
42	9	84
42	10	42
42	12	82
42	13	226
42	15	4
42	16	6
42	17	165
42	18	4
42	19	28
42	20	139
42	21	62
42	22	44
42	23	4
42	24	125
42	25	16
42	26	32
42	27	54
42	28	40
42	29	80
42	30	213
42	31	80
42	32	528
42	33	36
42	35	12
42	36	8
42	37	16
42	39	18
42	40	46
42	41	183
42	42	12
42	43	48
42	44	20
42	45	72
42	46	389
42	47	82
42	48	42
42	50	64
42	51	201
42	52	6
42	53	86
42	56	165
42	57	62
42	58	141
42	59	54
42	60	102
42	62	2
43	0	1158
43	1	276
43	2	11
43	3	63
43	4	18
43	5	382
43	6	4811
43	7	2538
43	8	678
43	9	312
43	10	401
43	12	1029
43	13	2906
43	14	21
43	15	58
43	16	147
43	17	2059
43	18	18
43	19	321
43	20	1975
43	21	652
43	22	1226
43	23	77
43	24	2057
43	25	473
43	26	598
43	27	966
43	28	936
43	29	1060
43	30	2092
43	31	783
43	32	9668
43	33	903
43	35	140
43	36	119
43	37	436
43	38	4
43	39	900
43	40	398
43	41	2296
43	42	28
43	43	1846
43	44	612
43	45	1013
43	46	4635
43	47	924
43	48	495
43	49	2
43	50	1165
43	51	4025
43	52	82
43	53	1801
43	54	14
43	55	84
43	56	2810
43	57	1177
43	58	2688
43	59	990
43	60	699
43	61	28
43	62	9
44	0	382
44	1	73
44	2	40
44	3	15
44	4	3
44	5	175
44	6	2984
44	7	331
44	8	619
44	9	34
44	10	395
44	11	1
44	12	255
44	13	874
44	14	10
44	15	4
44	16	40
44	17	940
44	18	3
44	19	63
44	20	1304
44	21	521
44	22	129
44	23	29
44	24	416
44	25	124
44	26	325
44	27	804
44	28	320
44	29	297
44	30	293
44	31	480
44	32	6829
44	33	192
44	35	139
44	36	93
44	37	94
44	38	6
44	39	160
44	40	202
44	41	842
44	42	7
44	43	143
44	44	804
44	45	334
44	46	1360
44	47	544
44	48	65
44	50	191
44	51	2334
44	52	12
44	53	460
44	54	4
44	55	111
44	56	1710
44	57	169
44	58	849
44	59	427
44	60	77
44	61	6
44	62	1
45	0	402
45	1	919
45	2	18
45	3	36
45	4	13
45	5	747
45	6	6702
45	7	1518
45	8	1067
45	9	89
45	10	599
45	12	224
45	13	2554
45	14	34
45	15	20
45	16	203
45	17	2010
45	18	27
45	19	125
45	20	2567
45	21	1125
45	22	338
45	23	125
45	24	596
45	25	137
45	26	333
45	27	631
45	28	443
45	29	1365
45	30	1061
45	31	1161
45	32	11854
45	33	324
45	35	320
45	36	96
45	37	555
45	38	9
45	39	267
45	40	834
45	41	1618
45	42	9
45	43	445
45	44	596
45	45	2954
45	46	3443
45	47	1872
45	48	251
45	49	2
45	50	525
45	51	3466
45	52	66
45	53	850
45	54	13
45	55	112
45	56	2170
45	57	262
45	58	1877
45	59	1653
45	60	436
46	0	326
46	1	81
46	2	11
46	3	4
46	4	2
46	5	92
46	6	1405
46	7	346
46	8	216
46	9	45
46	10	141
46	12	218
46	13	678
46	14	13
46	15	6
46	16	42
46	17	545
46	18	15
46	19	47
46	20	682
46	21	200
46	22	119
46	23	24
46	24	308
46	25	87
46	26	184
46	27	268
46	28	245
46	29	250
46	30	371
46	31	200
46	32	3128
46	33	204
46	35	54
46	36	24
46	37	85
46	39	126
46	40	72
46	41	540
46	42	4
46	43	189
46	44	180
46	45	322
46	46	1901
46	47	252
46	48	49
46	50	270
46	51	1227
46	52	22
46	53	592
46	55	20
46	56	1155
46	57	195
46	58	912
46	59	252
46	60	99
47	0	357
47	1	290
47	2	27
47	3	39
47	4	3
47	5	898
47	6	3996
47	7	562
47	8	824
47	9	61
47	10	395
47	11	1
47	12	210
47	13	1116
47	14	15
47	15	13
47	16	180
47	17	979
47	19	113
47	20	985
47	21	1277
47	22	153
47	23	33
47	24	437
47	25	67
47	26	313
47	27	530
47	28	310
47	29	405
47	30	379
47	31	1448
47	32	4691
47	33	182
47	35	381
47	36	73
47	37	218
47	38	13
47	39	113
47	40	745
47	41	1118
47	42	9
47	43	198
47	44	341
47	45	765
47	46	2611
47	47	2436
47	48	133
47	49	1
47	50	256
47	51	2024
47	52	21
47	53	572
47	54	9
47	55	85
47	56	1059
47	57	194
47	58	892
47	59	1160
47	60	166
47	61	3
47	62	1
48	0	844
48	1	297
48	2	25
48	3	235
48	4	29
48	5	299
48	6	4053
48	7	3103
48	8	702
48	9	599
48	10	311
48	11	3
48	12	766
48	13	2714
48	14	56
48	15	54
48	16	101
48	17	2436
48	18	21
48	19	359
48	20	1626
48	21	445
48	22	1035
48	23	62
48	24	1470
48	25	319
48	26	451
48	27	721
48	28	581
48	29	891
48	30	2323
48	31	737
48	32	7543
48	33	435
48	35	130
48	36	93
48	37	365
48	38	3
48	39	531
48	40	451
48	41	2558
48	42	66
48	43	749
48	44	488
48	45	789
48	46	5066
48	47	1007
48	48	982
48	49	7
48	50	647
48	51	2807
48	52	83
48	53	1054
48	54	7
48	55	62
48	56	2013
48	57	1029
48	58	1934
48	59	877
48	60	1107
48	61	1
48	62	5
49	0	8
49	1	24
49	3	24
49	4	91
49	5	24
49	6	124
49	7	141
49	8	24
49	9	24
49	10	24
49	12	16
49	13	182
49	16	8
49	17	191
49	20	49
49	21	33
49	22	16
49	24	74
49	25	16
49	26	58
49	27	24
49	28	8
49	29	58
49	30	8
49	31	24
49	32	107
49	33	8
49	35	8
49	37	16
49	39	16
49	40	58
49	41	307
49	42	8
49	43	33
49	44	41
49	45	8
49	46	722
49	47	58
49	48	8
49	49	124
49	50	33
49	51	224
49	52	8
49	53	74
49	56	107
49	57	66
49	58	124
49	59	49
49	60	99
50	0	551
50	1	176
50	2	9
50	3	19
50	4	7
50	5	164
50	6	2511
50	7	1011
50	8	522
50	9	155
50	10	238
50	12	431
50	13	1574
50	14	42
50	15	21
50	16	85
50	17	1090
50	18	21
50	19	145
50	20	1035
50	21	314
50	22	446
50	23	19
50	24	696
50	25	205
50	26	348
50	27	460
50	28	498
50	29	627
50	30	842
50	31	367
50	32	5675
50	33	522
50	35	66
50	36	85
50	37	240
50	38	2
50	39	326
50	40	262
50	41	1166
50	42	11
50	43	555
50	44	357
50	45	689
50	46	2249
50	47	460
50	48	221
50	50	834
50	51	2290
50	52	45
50	53	904
50	54	4
50	55	78
50	56	1765
50	57	381
50	58	1598
50	59	520
50	60	305
50	61	11
50	62	2
51	0	199
51	1	55
51	2	9
51	3	12
51	5	77
51	6	1810
51	7	199
51	8	281
51	9	27
51	10	172
51	12	124
51	13	621
51	14	14
51	16	33
51	17	570
51	18	1
51	19	42
51	20	655
51	21	255
51	22	125
51	23	29
51	24	177
51	25	53
51	26	227
51	27	397
51	28	211
51	29	222
51	30	199
51	31	216
51	32	3970
51	33	120
51	35	62
51	36	37
51	37	103
51	39	77
51	40	103
51	41	442
51	42	9
51	43	79
51	44	218
51	45	220
51	46	955
51	47	261
51	48	61
51	50	116
51	51	2219
51	52	11
51	53	414
51	54	1
51	55	33
51	56	1643
51	57	135
51	58	675
51	59	264
51	60	44
51	61	5
52	0	180
52	1	342
52	2	9
52	3	48
52	4	13
52	5	300
52	6	1865
52	7	1365
52	8	365
52	9	85
52	10	155
52	12	120
52	13	1252
52	14	6
52	15	20
52	16	94
52	17	1636
52	19	78
52	20	854
52	21	340
52	22	219
52	23	83
52	24	375
52	25	83
52	26	166
52	27	291
52	28	210
52	29	585
52	30	724
52	31	407
52	32	3919
52	33	115
52	35	78
52	36	25
52	37	432
52	38	2
52	39	120
52	40	365
52	41	953
52	42	9
52	43	256
52	44	196
52	45	673
52	46	2115
52	47	620
52	48	159
52	49	2
52	50	238
52	51	1419
52	52	224
52	53	358
52	54	9
52	55	53
52	56	919
52	57	280
52	58	882
52	59	541
52	60	527
52	61	2
53	0	1559
53	1	175
53	2	25
53	3	44
53	4	12
53	5	277
53	6	4156
53	7	987
53	8	724
53	9	110
53	10	302
53	11	2
53	12	1067
53	13	2023
53	14	69
53	15	16
53	16	67
53	17	1341
53	18	16
53	19	146
53	20	1771
53	21	786
53	22	375
53	23	52
53	24	1211
53	25	440
53	26	773
53	27	1053
53	28	1167
53	29	675
53	30	631
53	31	635
53	32	8608
53	33	904
53	35	148
53	36	95
53	37	201
53	38	6
53	39	457
53	40	250
53	41	1858
53	42	10
53	43	478
53	44	487
53	45	635
53	46	4345
53	47	853
53	48	150
53	49	10
53	50	508
53	51	3231
53	52	27
53	53	3377
53	55	72
53	56	2508
53	57	504
53	58	2027
53	59	709
53	60	235
53	61	2
53	62	4
54	6	14
54	7	2
54	8	2
54	13	9
54	17	4
54	20	4
54	21	2
54	24	4
54	26	2
54	27	2
54	28	2
54	30	4
54	31	4
54	32	38
54	39	2
54	41	2
54	43	2
54	44	4
54	45	2
54	46	21
54	47	4
54	50	2
54	51	14
54	53	2
54	56	7
54	58	7
54	59	9
55	0	133
55	1	61
55	2	19
55	3	9
55	5	381
55	6	1524
55	7	135
55	8	305
55	9	4
55	10	197
55	12	103
55	13	539
55	14	7
55	15	2
55	16	68
55	17	349
55	19	17
55	20	431
55	21	1009
55	22	29
55	23	4
55	24	169
55	25	44
55	26	155
55	27	369
55	28	105
55	29	123
55	30	123
55	31	500
55	32	1862
55	33	86
55	35	130
55	36	56
55	37	59
55	38	2
55	39	88
55	40	157
55	41	428
55	42	2
55	43	36
55	44	174
55	45	251
55	46	1039
55	47	445
55	48	34
55	50	68
55	51	869
55	52	14
55	53	184
55	54	2
55	55	396
55	56	391
55	57	71
55	58	236
55	59	197
55	60	32
55	61	2
55	62	4
56	0	557
56	1	246
56	2	29
56	3	36
56	4	4
56	5	234
56	6	4052
56	7	690
56	8	756
56	9	92
56	10	494
56	11	2
56	12	349
56	13	1435
56	14	22
56	15	27
56	16	101
56	17	1460
56	18	4
56	19	135
56	20	1708
56	21	577
56	22	293
56	23	31
56	24	586
56	25	126
56	26	415
56	27	744
56	28	747
56	29	623
56	30	602
56	31	544
56	32	11343
56	33	347
56	35	110
56	36	106
56	37	230
56	38	2
56	39	203
56	40	277
56	41	1164
56	42	31
56	43	343
56	44	480
56	45	785
56	46	2033
56	47	742
56	48	218
56	50	388
56	51	4325
56	52	27
56	53	1047
56	55	74
56	56	5137
56	57	297
56	58	2176
56	59	711
56	60	155
56	61	13
56	62	4
57	0	644
57	1	88
57	2	14
57	3	118
57	4	24
57	5	144
57	6	1836
57	7	1053
57	8	213
57	9	192
57	10	103
57	11	3
57	12	625
57	13	1678
57	14	29
57	15	41
57	16	41
57	17	880
57	18	67
57	19	297
57	20	743
57	21	232
57	22	682
57	23	29
57	24	1131
57	25	320
57	26	369
57	27	406
57	28	421
57	29	309
57	30	764
57	31	256
57	32	3475
57	33	352
57	35	58
57	36	35
57	37	103
57	39	504
57	40	140
57	41	1493
57	42	26
57	43	429
57	44	183
57	45	269
57	46	3247
57	47	305
57	48	228
57	49	1
57	50	288
57	51	1515
57	52	14
57	53	798
57	54	1
57	55	31
57	56	841
57	57	1463
57	58	938
57	59	307
57	60	299
57	61	14
57	62	3
58	0	413
58	1	177
58	2	10
58	3	20
58	4	2
58	5	213
58	6	2759
58	7	734
58	8	580
58	9	107
58	10	284
58	11	2
58	12	210
58	13	1635
58	14	25
58	15	30
58	16	82
58	17	893
58	18	12
58	19	118
58	20	1273
58	21	405
58	22	279
58	23	41
58	24	431
58	25	125
58	26	202
58	27	469
58	28	369
58	29	824
58	30	592
58	31	315
58	32	6684
58	33	297
58	35	89
58	36	53
58	37	171
58	38	5
58	39	192
58	40	251
58	41	962
58	42	7
58	43	305
58	44	336
58	45	654
58	46	1884
58	47	549
58	48	169
58	50	498
58	51	2574
58	52	38
58	53	772
58	54	5
58	55	41
58	56	1994
58	57	238
58	58	2649
58	59	500
58	60	174
58	61	7
59	0	197
59	1	225
59	2	9
59	3	11
59	4	3
59	5	377
59	6	2814
59	7	429
59	8	509
59	9	37
59	10	177
59	11	3
59	12	67
59	13	805
59	14	9
59	15	3
59	16	51
59	17	687
59	18	1
59	19	35
59	20	809
59	21	557
59	22	105
59	23	45
59	24	193
59	25	31
59	26	143
59	27	261
59	28	161
59	29	355
59	30	267
59	31	557
59	32	3927
59	33	103
59	35	107
59	36	57
59	37	141
59	39	67
59	40	347
59	41	683
59	43	147
59	44	213
59	45	583
59	46	1283
59	47	957
59	48	93
59	49	1
59	50	177
59	51	1389
59	52	19
59	53	227
59	54	3
59	55	69
59	56	801
59	57	75
59	58	581
59	59	1145
59	60	129
59	61	3
59	62	1
60	0	322
60	1	157
60	2	7
60	3	186
60	4	23
60	5	163
60	6	2111
60	7	1810
60	8	349
60	9	235
60	10	190
60	12	308
60	13	1344
60	14	19
60	15	15
60	16	31
60	17	1338
60	18	13
60	19	134
60	20	908
60	21	213
60	22	322
60	23	33
60	24	648
60	25	128
60	26	200
60	27	302
60	28	291
60	29	532
60	30	1075
60	31	384
60	32	3993
60	33	203
60	35	36
60	36	40
60	37	182
60	38	3
60	39	242
60	40	235
60	41	1209
60	42	50
60	43	308
60	44	258
60	45	444
60	46	2291
60	47	497
60	48	299
60	50	291
60	51	1446
60	52	33
60	53	489
60	54	5
60	55	33
60	56	858
60	57	466
60	58	856
60	59	417
60	60	771
60	62	1
61	0	17
61	1	8
61	6	8
61	10	26
61	13	26
61	17	8
61	24	8
61	30	8
61	31	8
61	32	35
61	35	8
61	39	17
61	40	8
61	46	35
61	47	8
61	48	8
61	51	8
61	53	8
61	56	17
61	57	8
61	58	8
61	61	8
62	0	63
62	1	15
62	3	38
62	4	6
62	5	22
62	6	189
62	7	110
62	8	33
62	9	108
62	10	11
62	12	61
62	13	207
62	16	2
62	17	101
62	19	42
62	20	70
62	21	22
62	22	56
62	23	2
62	24	144
62	25	15
62	26	15
62	27	47
62	28	27
62	29	61
62	30	103
62	31	38
62	32	338
62	33	22
62	36	2
62	37	27
62	39	31
62	40	18
62	41	167
62	42	6
62	43	42
62	44	31
62	45	33
62	46	296
62	47	63
62	48	51
62	50	22
62	51	169
62	53	65
62	56	99
62	57	61
62	58	110
62	59	31
62	60	45
62	61	2
62	62	2
