96	7777
0	0	847
0	1	964
0	2	64
0	3	46
0	4	1096
0	5	19
0	7	384
0	8	254
0	9	23
0	10	112
0	11	207
0	13	369
0	14	3
0	15	1
0	16	1
0	17	145
0	18	19
0	19	711
0	20	19
0	21	25
0	22	781
0	24	1
0	25	11
0	26	153
0	27	116
0	28	1
0	29	5
0	30	1422
0	31	268
0	32	3
0	33	324
0	34	34
0	35	9
0	36	151
0	37	56
0	38	91
0	39	108
0	41	15
0	42	3
0	43	93
0	44	1848
0	45	522
0	46	612
0	47	9
0	48	151
0	49	99
0	50	1005
0	51	781
0	52	106
0	53	75
0	54	110
0	55	365
0	57	58
0	58	147
0	59	44
0	60	147
0	62	15
0	63	886
0	64	1800
0	65	314
0	66	99
0	67	213
0	68	1331
0	69	13
0	70	116
0	71	200
0	72	342
0	73	344
0	74	31
0	75	211
0	76	690
0	77	11
0	78	106
0	79	7
0	83	151
0	84	346
0	85	56
0	86	21
0	87	3
0	89	104
0	90	64
0	91	31
0	92	931
0	93	480
0	94	101
0	95	29
1	0	89
1	1	608
1	2	4
1	3	13
1	4	321
1	5	2
1	7	141
1	8	78
1	9	6
1	10	58
1	11	89
1	13	105
1	14	4
1	15	4
1	17	69
1	18	4
1	19	287
1	21	22
1	22	83
1	24	2
1	25	6
1	26	47
1	27	31
1	28	2
1	30	278
1	31	53
1	33	85
1	34	4
1	35	2
1	36	31
1	37	8
1	38	26
1	39	22
1	41	2
1	42	2
1	43	60
1	44	859
1	45	460
1	46	181
1	48	35
1	49	31
1	50	145
1	51	159
1	52	40
1	53	4
1	54	22
1	55	92
1	57	8
1	58	29
1	59	17
1	60	51
1	62	4
1	63	181
1	64	586
1	65	62
1	66	8
1	67	56
1	68	278
1	69	4
1	70	26
1	71	35
1	72	83
1	73	130
1	74	13
1	75	74
1	76	336
1	78	42
1	82	2
1	83	44
1	84	148
1	85	13
1	86	11
1	87	2
1	89	17
1	90	15
1	91	11
1	92	489
1	93	175
1	94	20
1	95	2
2	0	79
2	1	191
2	2	1151
2	3	48
2	4	206
2	5	22
2	7	117
2	8	217
2	9	22
2	10	61
2	11	94
2	12	2
2	13	76
2	14	2
2	17	45
2	18	15
2	19	178
2	20	22
2	21	788
2	22	354
2	25	163
2	26	79
2	27	127
2	30	301
2	31	418
2	33	656
2	34	490
2	35	2
2	36	22
2	37	58
2	38	61
2	39	28
2	41	229
2	42	268
2	43	33
2	44	342
2	45	214
2	46	173
2	48	183
2	49	28
2	50	191
2	51	699
2	52	71
2	53	431
2	54	584
2	55	513
2	56	63
2	57	988
2	58	1401
2	59	1057
2	60	91
2	62	22
2	63	311
2	64	237
2	65	183
2	66	20
2	67	125
2	68	250
2	69	12
2	70	1937
2	71	217
2	72	255
2	73	94
2	74	15
2	75	84
2	76	337
2	77	334
2	78	102
2	80	33
2	82	2
2	83	102
2	84	119
2	85	20
2	86	10
2	87	12
2	89	1289
2	90	1388
2	91	20
2	92	211
2	93	278
2	94	51
2	95	7
3	0	278
3	1	609
3	2	54
3	3	1981
3	4	685
3	5	36
3	6	2
3	7	284
3	8	1039
3	9	643
3	10	182
3	11	302
3	13	274
3	14	10
3	15	6
3	16	56
3	17	156
3	18	32
3	19	615
3	20	76
3	21	63
3	22	698
3	24	41
3	25	19
3	26	596
3	27	1448
3	28	6
3	29	2
3	30	1085
3	31	889
3	32	10
3	33	2930
3	34	21
3	35	115
3	36	143
3	37	504
3	38	683
3	39	150
3	41	23
3	42	15
3	43	115
3	44	1094
3	45	559
3	46	844
3	47	78
3	48	787
3	49	108
3	50	567
3	51	1018
3	52	580
3	53	47
3	54	82
3	55	1524
3	56	4
3	57	91
3	58	89
3	59	113
3	60	389
3	62	224
3	63	989
3	64	650
3	65	378
3	66	130
3	67	489
3	68	841
3	69	683
3	70	163
3	71	4807
3	72	1766
3	73	326
3	74	165
3	75	115
3	76	804
3	77	19
3	78	450
3	79	15
3	80	10
3	82	2
3	83	569
3	84	428
3	85	115
3	86	32
3	87	6
3	88	6
3	89	102
3	90	106
3	91	60
3	92	478
3	93	750
3	94	280
3	95	36
4	0	137
4	1	461
4	2	15
4	3	42
4	4	2414
4	5	7
4	7	273
4	8	178
4	9	11
4	10	112
4	11	201
4	12	1
4	13	382
4	15	1
4	17	122
4	18	9
4	19	578
4	20	23
4	21	25
4	22	186
4	25	7
4	26	83
4	27	34
4	30	347
4	31	87
4	32	1
4	33	155
4	34	21
4	35	1
4	36	29
4	37	23
4	38	40
4	39	106
4	41	3
4	42	1
4	43	126
4	44	949
4	45	560
4	46	263
4	47	5
4	48	62
4	49	89
4	50	244
4	51	256
4	52	31
4	53	7
4	54	38
4	55	159
4	56	3
4	57	17
4	58	23
4	59	23
4	60	128
4	62	7
4	63	329
4	64	723
4	65	83
4	66	73
4	67	242
4	68	413
4	69	11
4	70	42
4	71	65
4	72	207
4	73	318
4	74	23
4	75	164
4	76	397
4	77	1
4	78	75
4	83	67
4	84	360
4	85	52
4	86	13
4	87	1
4	88	1
4	89	32
4	90	29
4	91	54
4	92	720
4	93	438
4	94	54
4	95	9
5	0	77
5	1	172
5	2	4
5	3	20
5	4	182
5	5	1549
5	7	177
5	8	102
5	9	13
5	10	234
5	11	91
5	13	91
5	14	2
5	15	9
5	16	2
5	17	91
5	18	56
5	19	163
5	20	61
5	21	15
5	22	186
5	23	2
5	24	2
5	25	2
5	26	61
5	27	68
5	29	93
5	30	245
5	31	75
5	32	22
5	33	184
5	34	6
5	35	2
5	36	15
5	37	15
5	38	20
5	39	43
5	41	6
5	42	9
5	43	54
5	44	268
5	45	744
5	46	131
5	48	70
5	49	29
5	50	177
5	51	500
5	52	40
5	53	9
5	54	25
5	55	186
5	57	11
5	58	15
5	59	13
5	60	63
5	62	11
5	63	177
5	64	320
5	65	339
5	66	25
5	67	145
5	68	182
5	69	18
5	70	45
5	71	79
5	72	211
5	73	129
5	74	18
5	75	111
5	76	550
5	77	25
5	78	43
5	79	4
5	80	2
5	82	50
5	83	68
5	84	370
5	85	52
5	86	1096
5	87	25
5	89	45
5	90	29
5	91	70
5	92	298
5	93	248
5	94	36
5	95	134
6	1	2
6	3	17
6	4	14
6	6	2
6	7	2
6	8	8
6	9	66
6	10	17
6	11	2
6	13	5
6	20	2
6	22	5
6	24	64
6	26	20
6	27	20
6	30	17
6	33	23
6	35	5
6	37	5
6	44	11
6	45	11
6	46	8
6	47	2
6	48	2
6	50	11
6	51	5
6	52	5
6	55	8
6	56	2
6	58	2
6	59	5
6	60	14
6	62	2
6	63	11
6	64	8
6	65	2
6	67	8
6	68	5
6	69	11
6	70	2
6	71	49
6	72	29
6	73	5
6	76	5
6	86	2
6	89	2
6	90	2
6	92	5
6	93	11
6	94	5
7	0	157
7	1	792
7	2	4
7	3	28
7	4	1200
7	5	28
7	7	1468
7	8	259
7	9	14
7	10	332
7	11	355
7	12	2
7	13	298
7	14	4
7	15	6
7	16	2
7	17	528
7	18	51
7	19	635
7	20	53
7	21	14
7	22	259
7	26	161
7	27	59
7	29	4
7	30	575
7	31	163
7	32	12
7	33	238
7	34	24
7	35	4
7	36	32
7	37	16
7	38	57
7	39	179
7	41	2
7	42	4
7	43	439
7	44	1388
7	45	1801
7	46	414
7	48	98
7	49	93
7	50	357
7	51	547
7	52	28
7	53	6
7	54	10
7	55	181
7	56	2
7	57	16
7	58	32
7	59	28
7	60	104
7	62	4
7	63	573
7	64	886
7	65	185
7	66	98
7	67	516
7	68	492
7	69	2
7	70	42
7	71	110
7	72	247
7	73	432
7	74	24
7	75	671
7	76	618
7	77	6
7	78	153
7	79	2
7	83	93
7	84	1264
7	85	106
7	86	26
7	87	46
7	88	2
7	89	49
7	90	16
7	91	93
7	92	2489
7	93	1245
7	94	73
7	95	14
8	0	266
8	1	682
8	2	34
8	3	175
8	4	1038
8	5	32
8	7	397
8	8	3729
8	9	111
8	10	163
8	11	521
8	12	2
8	13	484
8	14	10
8	16	10
8	17	223
8	18	32
8	19	652
8	20	87
8	21	40
8	22	500
8	23	2
8	24	2
8	25	4
8	26	1289
8	27	212
8	28	4
8	29	2
8	30	1038
8	31	465
8	32	8
8	33	1042
8	34	19
8	35	51
8	36	150
8	37	85
8	38	236
8	39	167
8	41	19
8	42	15
8	43	130
8	44	1180
8	45	469
8	46	1399
8	47	6
8	48	418
8	49	210
8	50	497
8	51	854
8	52	227
8	53	19
8	54	75
8	55	701
8	56	4
8	57	25
8	58	90
8	59	34
8	60	729
8	62	94
8	63	866
8	64	961
8	65	285
8	66	311
8	67	744
8	68	1085
8	69	64
8	70	79
8	71	510
8	72	2139
8	73	605
8	74	287
8	75	135
8	76	802
8	77	10
8	78	905
8	79	32
8	81	2
8	83	474
8	84	491
8	85	139
8	86	21
8	87	15
8	88	17
8	89	45
8	90	55
8	91	34
8	92	667
8	93	1010
8	94	969
8	95	21
9	0	87
9	1	112
9	2	17
9	3	458
9	4	198
9	5	29
9	6	23
9	7	127
9	8	464
9	9	2608
9	10	112
9	11	136
9	13	85
9	14	19
9	15	2
9	16	110
9	17	61
9	18	36
9	19	159
9	20	55
9	21	23
9	22	219
9	24	249
9	25	2
9	26	447
9	27	422
9	29	4
9	30	277
9	31	251
9	32	4
9	33	974
9	34	14
9	35	285
9	36	29
9	37	166
9	38	181
9	39	70
9	41	4
9	42	8
9	43	63
9	44	255
9	45	211
9	46	238
9	47	36
9	48	228
9	49	70
9	50	187
9	51	332
9	52	159
9	53	29
9	54	29
9	55	330
9	57	12
9	58	36
9	59	12
9	60	159
9	62	130
9	63	326
9	64	206
9	65	138
9	66	78
9	67	221
9	68	304
9	69	690
9	70	51
9	71	1165
9	72	1025
9	73	183
9	74	85
9	75	78
9	76	306
9	77	14
9	78	225
9	79	6
9	80	2
9	83	206
9	84	225
9	85	44
9	86	17
9	87	14
9	88	10
9	89	14
9	90	19
9	91	27
9	92	185
9	93	292
9	94	102
9	95	4
10	0	161
10	1	512
10	2	15
10	3	81
10	4	710
10	5	141
10	7	885
10	8	417
10	9	17
10	10	4581
10	11	803
10	12	4
10	13	366
10	14	6
10	15	41
10	16	6
10	17	730
10	18	580
10	19	576
10	20	344
10	21	39
10	22	322
10	23	2
10	25	11
10	26	278
10	27	121
10	28	15
10	29	8
10	30	651
10	31	249
10	32	72
10	33	507
10	34	28
10	35	13
10	36	70
10	37	55
10	38	92
10	39	150
10	41	13
10	42	28
10	43	1103
10	44	827
10	45	9407
10	46	463
10	47	4
10	48	154
10	49	88
10	50	333
10	51	622
10	52	121
10	53	15
10	54	57
10	55	392
10	56	4
10	57	30
10	58	72
10	59	46
10	60	178
10	62	15
10	63	629
10	64	490
10	65	214
10	66	125
10	67	1430
10	68	476
10	69	24
10	70	70
10	71	234
10	72	503
10	73	545
10	74	48
10	75	744
10	76	593
10	77	19
10	78	282
10	79	8
10	83	211
10	84	3159
10	85	490
10	86	128
10	87	227
10	89	52
10	90	44
10	91	1225
10	92	2797
10	93	1914
10	94	152
10	95	28
11	0	153
11	1	524
11	2	10
11	3	51
11	4	917
11	5	21
11	6	2
11	7	591
11	8	442
11	9	21
11	10	488
11	11	2423
11	12	8
11	13	604
11	14	6
11	15	21
11	16	4
11	17	732
11	18	66
11	19	635
11	20	155
11	21	19
11	22	246
11	24	2
11	25	10
11	26	347
11	27	71
11	28	12
11	29	4
11	30	734
11	31	257
11	32	12
11	33	356
11	34	12
11	35	8
11	36	49
11	37	30
11	38	58
11	39	161
11	42	12
11	43	531
11	44	1034
11	45	1596
11	46	365
11	48	123
11	49	265
11	50	298
11	51	628
11	52	51
11	53	8
11	54	8
11	55	291
11	56	2
11	57	28
11	58	36
11	59	19
11	60	127
11	62	23
11	63	516
11	64	717
11	65	177
11	66	233
11	67	2378
11	68	444
11	69	15
11	70	45
11	71	155
11	72	650
11	73	1423
11	74	58
11	75	384
11	76	555
11	77	2
11	78	244
11	79	4
11	83	140
11	84	1157
11	85	485
11	86	23
11	87	36
11	89	53
11	90	17
11	91	103
11	92	1714
11	93	3445
11	94	174
11	95	25
12	0	11
12	1	7
12	3	3
12	4	45
12	7	83
12	8	26
12	10	122
12	11	175
12	12	57
12	13	38
12	15	64
12	17	34
12	18	26
12	19	22
12	20	942
12	22	22
12	26	64
12	27	19
12	28	64
12	30	11
12	31	15
12	32	3
12	33	22
12	36	7
12	37	7
12	39	3
12	43	30
12	44	19
12	45	129
12	46	19
12	48	3
12	49	19
12	50	11
12	51	41
12	52	3
12	55	15
12	60	7
12	62	3
12	63	30
12	64	30
12	65	34
12	66	15
12	67	347
12	68	11
12	71	15
12	72	19
12	73	87
12	75	41
12	76	22
12	78	19
12	83	11
12	84	118
12	85	240
12	87	3
12	89	7
12	91	91
12	92	110
12	93	228
12	94	22
12	95	15
13	0	305
13	1	1229
13	2	46
13	3	85
13	4	3088
13	5	25
13	7	770
13	8	550
13	9	21
13	10	305
13	11	815
13	12	2
13	13	2446
13	14	8
13	16	27
13	17	540
13	18	53
13	19	1218
13	20	64
13	21	34
13	22	473
13	25	8
13	26	364
13	27	123
13	29	2
13	30	1257
13	31	320
13	33	531
13	34	44
13	35	19
13	36	113
13	37	34
13	38	104
13	39	213
13	42	17
13	43	313
13	44	2422
13	45	1348
13	46	851
13	47	4
13	48	217
13	49	452
13	50	655
13	51	924
13	52	102
13	53	46
13	54	57
13	55	458
13	56	2
13	57	57
13	58	87
13	59	51
13	60	264
13	62	8
13	63	796
13	64	1506
13	65	335
13	66	241
13	67	1011
13	68	1020
13	69	19
13	70	166
13	71	294
13	72	680
13	73	1348
13	74	68
13	75	484
13	76	992
13	77	10
13	78	245
13	79	10
13	80	2
13	83	300
13	84	1030
13	85	209
13	86	59
13	87	27
13	89	110
13	90	70
13	91	102
13	92	1820
13	93	1970
13	94	157
13	95	14
14	0	11
14	1	25
14	2	5
14	3	11
14	4	43
14	5	2
14	7	51
14	8	146
14	9	8
14	10	28
14	11	48
14	13	23
14	14	141
14	17	54
14	18	2
14	19	20
14	20	11
14	21	8
14	22	25
14	26	348
14	27	43
14	30	63
14	31	43
14	33	37
14	35	25
14	36	8
14	37	8
14	38	11
14	39	2
14	41	2
14	42	2
14	43	8
14	44	40
14	45	51
14	46	46
14	48	57
14	49	8
14	50	43
14	51	83
14	52	23
14	53	11
14	54	8
14	55	54
14	57	2
14	58	2
14	60	17
14	62	5
14	63	86
14	64	48
14	65	11
14	66	43
14	67	92
14	68	57
14	69	2
14	70	23
14	71	40
14	72	210
14	73	34
14	74	37
14	75	20
14	76	46
14	78	17
14	79	37
14	83	31
14	84	54
14	85	11
14	86	5
14	88	31
14	89	8
14	90	14
14	91	11
14	92	57
14	93	118
14	94	28
15	0	3
15	1	13
15	2	3
15	3	6
15	4	16
15	5	6
15	7	50
15	8	36
15	9	10
15	10	180
15	11	50
15	12	6
15	13	33
15	15	367
15	17	10
15	18	80
15	19	20
15	20	621
15	22	16
15	26	26
15	27	10
15	28	270
15	30	33
15	31	26
15	32	30
15	33	16
15	36	6
15	37	6
15	38	6
15	39	13
15	43	63
15	44	16
15	45	300
15	46	26
15	48	10
15	49	3
15	50	13
15	51	33
15	52	6
15	55	13
15	57	3
15	59	3
15	60	3
15	63	23
15	64	20
15	65	16
15	66	10
15	67	126
15	68	6
15	69	3
15	70	6
15	71	10
15	72	40
15	73	60
15	74	3
15	75	6
15	76	36
15	77	3
15	78	13
15	79	3
15	83	3
15	84	83
15	85	30
15	86	6
15	87	13
15	89	6
15	90	6
15	91	120
15	92	116
15	93	143
15	94	3
15	95	3
16	0	7
16	1	20
16	3	98
16	4	40
16	7	32
16	8	151
16	9	289
16	10	25
16	11	32
16	12	2
16	13	20
16	16	141
16	17	10
16	18	2
16	19	55
16	20	12
16	21	7
16	22	50
16	24	22
16	26	146
16	27	45
16	28	2
16	30	45
16	31	45
16	33	171
16	34	2
16	35	266
16	36	2
16	37	15
16	38	30
16	39	15
16	41	2
16	43	22
16	44	62
16	45	50
16	46	83
16	47	2
16	48	32
16	49	5
16	50	37
16	51	57
16	52	17
16	53	10
16	54	5
16	55	75
16	57	5
16	58	10
16	59	12
16	60	22
16	62	20
16	63	65
16	64	42
16	65	22
16	66	10
16	67	50
16	68	78
16	69	123
16	70	12
16	71	163
16	72	302
16	73	37
16	74	20
16	75	20
16	76	42
16	77	5
16	78	52
16	79	5
16	83	35
16	84	55
16	85	15
16	86	2
16	88	12
16	89	15
16	90	10
16	91	12
16	92	42
16	93	70
16	94	42
16	95	5
17	0	164
17	1	583
17	2	13
17	3	39
17	4	874
17	5	35
17	6	2
17	7	890
17	8	328
17	9	10
17	10	556
17	11	767
17	13	563
17	14	2
17	15	17
17	17	1611
17	18	61
17	19	508
17	20	74
17	21	10
17	22	254
17	26	173
17	27	76
17	29	2
17	30	613
17	31	232
17	32	2
17	33	306
17	34	10
17	35	4
17	36	35
17	37	30
17	38	70
17	39	116
17	41	6
17	42	8
17	43	936
17	44	931
17	45	1960
17	46	405
17	48	157
17	49	192
17	50	313
17	51	627
17	52	37
17	53	13
17	54	21
17	55	280
17	56	2
17	57	26
17	58	28
17	59	19
17	60	83
17	61	2
17	62	10
17	63	602
17	64	738
17	65	179
17	66	160
17	67	971
17	68	475
17	69	4
17	70	28
17	71	133
17	72	335
17	73	850
17	74	24
17	75	611
17	76	659
17	77	10
17	78	256
17	82	4
17	83	142
17	84	1767
17	85	295
17	86	28
17	87	37
17	89	35
17	90	15
17	91	155
17	92	2764
17	93	2413
17	94	135
17	95	15
18	0	27
18	1	109
18	3	31
18	4	149
18	5	31
18	7	240
18	8	99
18	9	6
18	10	1604
18	11	159
18	12	4
18	13	63
18	14	2
18	15	31
18	16	4
18	17	159
18	18	1049
18	19	113
18	20	138
18	21	13
18	22	111
18	23	4
18	25	2
18	26	88
18	27	52
18	28	22
18	29	2
18	30	122
18	31	45
18	32	147
18	33	163
18	34	2
18	35	6
18	36	31
18	37	20
18	38	27
18	39	59
18	42	9
18	43	236
18	44	143
18	45	2420
18	46	118
18	48	34
18	49	18
18	50	81
18	51	231
18	52	29
18	53	13
18	54	6
18	55	95
18	57	6
18	58	15
18	59	9
18	60	45
18	61	4
18	62	2
18	63	131
18	64	138
18	65	63
18	66	18
18	67	377
18	68	115
18	69	2
18	70	24
18	71	36
18	72	165
18	73	111
18	74	2
18	75	218
18	76	163
18	77	11
18	78	72
18	83	70
18	84	813
18	85	129
18	86	22
18	87	77
18	89	27
18	90	6
18	91	1581
18	92	747
18	93	504
18	94	38
18	95	4
19	0	137
19	1	870
19	2	21
19	3	33
19	4	1467
19	5	14
19	7	304
19	8	166
19	9	9
19	10	130
19	11	192
19	13	242
19	14	7
19	15	2
19	16	4
19	17	166
19	18	11
19	19	1084
19	20	16
19	21	16
19	22	135
19	25	7
19	26	76
19	27	28
19	30	506
19	31	166
19	32	2
19	33	197
19	34	16
19	35	2
19	36	45
19	37	21
19	38	23
19	39	95
19	41	4
19	42	4
19	43	123
19	44	1429
19	45	718
19	46	333
19	47	4
19	48	116
19	49	57
19	50	275
19	51	333
19	52	40
19	53	21
19	54	42
19	55	185
19	57	26
19	58	57
19	59	21
19	60	116
19	62	28
19	63	290
19	64	953
19	65	118
19	66	49
19	67	192
19	68	418
19	69	2
19	70	33
19	71	130
19	72	206
19	73	256
19	74	14
19	75	147
19	76	523
19	78	114
19	79	2
19	83	78
19	84	321
19	85	21
19	86	16
19	87	7
19	89	64
19	90	38
19	91	47
19	92	720
19	93	480
19	94	54
19	95	7
20	0	52
20	1	130
20	2	3
20	3	58
20	4	186
20	5	26
20	7	261
20	8	166
20	9	42
20	10	692
20	11	326
20	12	169
20	13	124
20	15	823
20	16	9
20	17	186
20	18	117
20	19	225
20	20	22285
20	21	9
20	22	130
20	24	3
20	25	3
20	26	235
20	27	91
20	28	509
20	29	3
20	30	192
20	31	150
20	32	68
20	33	205
20	34	3
20	35	6
20	36	9
20	37	22
20	38	32
20	39	81
20	41	3
20	42	16
20	43	254
20	44	245
20	45	895
20	46	150
20	47	9
20	48	58
20	49	68
20	50	75
20	51	254
20	52	39
20	54	13
20	55	205
20	57	13
20	58	13
20	59	16
20	60	98
20	61	3
20	62	9
20	63	287
20	64	160
20	65	114
20	66	111
20	67	937
20	68	140
20	69	16
20	70	22
20	71	173
20	72	333
20	73	280
20	74	65
20	75	160
20	76	166
20	77	13
20	78	120
20	79	6
20	83	68
20	84	477
20	85	470
20	86	49
20	87	16
20	89	16
20	90	13
20	91	411
20	92	427
20	93	852
20	94	91
20	95	42
21	0	111
21	1	234
21	2	656
21	3	21
21	4	246
21	5	29
21	7	113
21	8	159
21	9	19
21	10	60
21	11	89
21	13	70
21	17	58
21	18	9
21	19	251
21	20	24
21	21	1963
21	22	406
21	25	259
21	26	55
21	27	135
21	30	370
21	31	399
21	32	4
21	33	612
21	34	581
21	35	7
21	36	21
21	37	43
21	38	46
21	39	38
21	41	176
21	42	508
21	43	29
21	44	399
21	45	210
21	46	205
21	47	2
21	48	133
21	49	16
21	50	244
21	51	900
21	52	50
21	53	949
21	54	508
21	55	409
21	56	111
21	57	786
21	58	987
21	59	1186
21	60	108
21	62	9
21	63	222
21	64	324
21	65	290
21	66	16
21	67	113
21	68	220
21	69	9
21	70	2552
21	71	138
21	72	261
21	73	104
21	74	29
21	75	99
21	76	491
21	77	423
21	78	48
21	79	7
21	80	36
21	83	99
21	84	164
21	85	16
21	86	14
21	87	2
21	89	1806
21	90	1007
21	91	14
21	92	222
21	93	225
21	94	36
21	95	14
22	0	662
22	1	1063
22	2	86
22	3	49
22	4	1170
22	5	42
22	7	422
22	8	337
22	9	32
22	10	157
22	11	245
22	13	405
22	14	5
22	15	9
22	17	201
22	18	24
22	19	744
22	20	59
22	21	71
22	22	1819
22	23	1
22	25	11
22	26	142
22	27	113
22	28	5
22	30	1608
22	31	602
22	33	673
22	34	61
22	35	1
22	36	178
22	37	65
22	38	130
22	39	167
22	40	1
22	41	19
22	42	26
22	43	124
22	44	2004
22	45	779
22	46	929
22	47	11
22	48	282
22	49	115
22	50	1326
22	51	1524
22	52	145
22	53	78
22	54	103
22	55	735
22	56	3
22	57	65
22	58	138
22	59	71
22	60	339
22	62	19
22	63	957
22	64	1814
22	65	591
22	66	69
22	67	364
22	68	1616
22	69	21
22	70	195
22	71	247
22	72	428
22	73	355
22	74	44
22	75	326
22	76	909
22	77	15
22	78	143
22	79	7
22	82	1
22	83	255
22	84	549
22	85	67
22	86	36
22	87	9
22	88	3
22	89	167
22	90	101
22	91	59
22	92	902
22	93	650
22	94	86
22	95	30
23	0	1
23	1	1
23	3	1
23	4	21
23	7	5
23	8	1
23	10	33
23	11	1
23	13	3
23	17	3
23	18	3
23	19	3
23	20	7
23	22	7
23	23	11
23	26	3
23	27	7
23	28	1
23	30	5
23	32	66
23	33	1
23	39	3
23	43	7
23	44	1
23	45	92
23	46	11
23	49	1
23	50	3
23	51	13
23	52	1
23	55	1
23	57	1
23	58	3
23	63	11
23	64	7
23	65	5
23	67	15
23	68	9
23	69	1
23	70	1
23	71	5
23	72	7
23	73	7
23	75	11
23	76	9
23	84	21
23	85	1
23	86	7
23	87	7
23	89	1
23	90	1
23	91	37
23	92	19
23	93	23
23	94	3
24	0	6
24	1	12
24	3	63
24	4	12
24	5	12
24	6	25
24	7	25
24	8	35
24	9	178
24	10	9
24	11	9
24	13	6
24	15	3
24	16	3
24	17	25
24	18	3
24	19	28
24	20	12
24	21	9
24	22	28
24	24	350
24	26	44
24	27	47
24	30	25
24	31	12
24	33	76
24	34	3
24	35	25
24	37	25
24	38	28
24	42	3
24	44	25
24	45	44
24	46	31
24	47	19
24	48	15
24	49	12
24	50	15
24	51	31
24	52	12
24	54	12
24	55	54
24	57	12
24	58	22
24	59	9
24	60	9
24	63	47
24	64	44
24	65	9
24	66	12
24	67	19
24	68	15
24	69	60
24	70	15
24	71	114
24	72	86
24	73	9
24	74	6
24	75	22
24	76	35
24	77	6
24	78	25
24	83	3
24	84	19
24	86	3
24	89	3
24	90	15
24	91	9
24	92	19
24	93	41
24	94	3
25	0	40
25	1	48
25	2	255
25	3	27
25	4	73
25	5	13
25	7	35
25	8	81
25	9	5
25	10	5
25	11	27
25	13	35
25	17	16
25	19	56
25	20	8
25	21	428
25	22	92
25	24	5
25	25	616
25	26	13
25	27	35
25	30	92
25	31	130
25	32	5
25	33	222
25	34	241
25	35	2
25	36	10
25	37	13
25	38	24
25	39	18
25	41	94
25	42	135
25	43	10
25	44	78
25	45	97
25	46	89
25	48	43
25	49	18
25	50	35
25	51	301
25	52	16
25	53	274
25	54	450
25	55	94
25	56	35
25	57	233
25	58	445
25	59	431
25	60	13
25	62	8
25	63	75
25	64	78
25	65	81
25	66	16
25	67	40
25	68	84
25	70	483
25	71	62
25	72	92
25	73	16
25	74	2
25	75	37
25	76	124
25	77	545
25	78	51
25	80	40
25	83	35
25	84	73
25	85	8
25	86	2
25	87	2
25	88	2
25	89	567
25	90	708
25	91	8
25	92	73
25	93	92
25	94	18
25	95	5
26	0	300
26	1	580
26	2	26
26	3	213
26	4	948
26	5	33
26	7	633
26	8	2662
26	9	178
26	10	293
26	11	1080
26	13	443
26	14	72
26	15	11
26	16	39
26	17	355
26	18	50
26	19	805
26	20	156
26	21	44
26	22	624
26	24	4
26	25	4
26	26	8848
26	27	282
26	28	4
26	29	4
26	30	1034
26	31	558
26	32	8
26	33	1140
26	34	28
26	35	220
26	36	127
26	37	103
26	38	225
26	39	112
26	41	24
26	42	17
26	43	295
26	44	1091
26	45	849
26	46	1178
26	47	26
26	48	582
26	49	544
26	50	593
26	51	992
26	52	247
26	53	37
26	54	72
26	55	915
26	56	2
26	57	46
26	58	101
26	59	48
26	60	593
26	62	213
26	63	1140
26	64	829
26	65	319
26	66	997
26	67	1736
26	68	1032
26	69	134
26	70	108
26	71	518
26	72	3498
26	73	1202
26	74	736
26	75	284
26	76	858
26	77	19
26	78	844
26	79	264
26	81	2
26	83	483
26	84	677
26	85	456
26	86	39
26	87	24
26	88	28
26	89	105
26	90	72
26	91	103
26	92	840
26	93	1866
26	94	1336
26	95	55
27	0	189
27	1	261
27	2	33
27	3	661
27	4	392
27	5	18
27	7	153
27	8	451
27	9	212
27	10	94
27	11	178
27	13	126
27	14	4
27	15	2
27	16	11
27	17	58
27	18	20
27	19	356
27	20	45
27	21	24
27	22	419
27	24	6
27	25	9
27	26	295
27	27	1498
27	28	2
27	30	566
27	31	494
27	32	4
27	33	1913
27	34	15
27	35	49
27	36	74
27	37	322
27	38	329
27	39	72
27	40	2
27	41	13
27	42	11
27	43	54
27	44	534
27	45	254
27	46	401
27	47	148
27	48	324
27	49	76
27	50	340
27	51	703
27	52	209
27	53	31
27	54	49
27	55	791
27	57	40
27	58	83
27	59	58
27	60	196
27	62	67
27	63	541
27	64	356
27	65	223
27	66	38
27	67	248
27	68	451
27	69	252
27	70	101
27	71	2091
27	72	728
27	73	146
27	74	45
27	75	76
27	76	428
27	77	11
27	78	268
27	79	6
27	82	2
27	83	227
27	84	257
27	85	54
27	86	27
27	87	4
27	88	4
27	89	49
27	90	67
27	91	31
27	92	252
27	93	327
27	94	121
27	95	11
28	1	13
28	3	3
28	4	20
28	7	27
28	8	27
28	10	156
28	11	66
28	12	17
28	13	10
28	15	285
28	17	13
28	18	73
28	19	13
28	20	683
28	22	10
28	26	20
28	27	6
28	28	226
28	30	31
28	31	20
28	32	27
28	33	31
28	35	6
28	37	6
28	38	3
28	43	59
28	44	17
28	45	313
28	46	17
28	49	3
28	50	17
28	51	38
28	55	3
28	58	3
28	59	6
28	60	3
28	62	3
28	63	27
28	64	24
28	65	13
28	66	3
28	67	129
28	68	13
28	69	3
28	71	13
28	72	27
28	73	45
28	74	10
28	75	13
28	76	17
28	78	20
28	83	3
28	84	97
28	85	45
28	86	3
28	87	3
28	91	142
28	92	83
28	93	104
28	94	6
29	0	28
29	1	52
29	3	7
29	4	45
29	5	251
29	7	61
29	8	19
29	9	9
29	10	42
29	11	26
29	13	26
29	15	2
29	17	16
29	18	11
29	19	26
29	20	16
29	21	4
29	22	49
29	25	2
29	26	33
29	27	21
29	29	68
29	30	66
29	31	33
29	33	38
29	34	2
29	35	2
29	36	4
29	38	16
29	39	7
29	41	2
29	43	14
29	44	85
29	45	206
29	46	19
29	48	19
29	49	11
29	50	59
29	51	121
29	52	4
29	53	4
29	54	2
29	55	49
29	57	2
29	58	4
29	59	2
29	60	19
29	63	42
29	64	85
29	65	66
29	66	7
29	67	35
29	68	45
29	69	2
29	70	11
29	71	23
29	72	49
29	73	26
29	74	7
29	75	61
29	76	173
29	77	2
29	78	7
29	80	2
29	82	23
29	83	11
29	84	59
29	85	11
29	86	627
29	87	2
29	89	16
29	90	11
29	91	9
29	92	49
29	93	121
29	94	4
29	95	19
30	0	246
30	1	508
30	2	28
30	3	21
30	4	471
30	5	8
30	7	125
30	8	140
30	9	3
30	10	28
30	11	81
30	12	1
30	13	155
30	15	5
30	16	3
30	17	67
30	18	5
30	19	313
30	20	10
30	21	7
30	22	251
30	25	8
30	26	74
30	27	38
30	30	1015
30	31	134
30	33	166
30	34	12
30	35	14
30	36	72
30	37	12
30	38	40
30	39	56
30	41	7
30	43	38
30	44	898
30	45	186
30	46	381
30	47	5
30	48	86
30	49	35
30	50	411
30	51	329
30	52	38
30	53	21
30	54	35
30	55	173
30	57	19
30	58	28
30	59	19
30	60	143
30	62	7
30	63	428
30	64	861
30	65	113
30	66	19
30	67	131
30	68	971
30	69	1
30	70	26
30	71	113
30	72	164
30	73	164
30	74	19
30	75	95
30	76	322
30	77	1
30	78	72
30	83	74
30	84	147
30	85	21
30	86	5
30	88	1
30	89	26
30	90	31
30	91	15
30	92	363
30	93	210
30	94	49
30	95	10
31	0	288
31	1	396
31	2	32
31	3	47
31	4	484
31	5	19
31	7	213
31	8	202
31	9	23
31	10	73
31	11	133
31	12	6
31	13	137
31	15	4
31	16	8
31	17	47
31	18	12
31	19	297
31	20	17
31	21	21
31	22	687
31	25	6
31	26	96
31	27	103
31	29	2
31	30	734
31	31	577
31	32	2
31	33	551
31	34	25
31	35	2
31	36	101
31	37	45
31	38	64
31	39	79
31	41	8
31	42	8
31	43	77
31	44	725
31	45	279
31	46	463
31	47	2
31	48	152
31	49	45
31	50	559
31	51	620
31	52	60
31	53	30
31	54	27
31	55	531
31	57	47
31	58	66
31	59	15
31	60	152
31	62	12
31	63	708
31	64	626
31	65	247
31	66	45
31	67	183
31	68	680
31	69	6
31	70	83
31	71	204
31	72	260
31	73	127
31	74	32
31	75	105
31	76	385
31	77	4
31	78	137
31	83	146
31	84	211
31	85	32
31	86	10
31	87	2
31	88	2
31	89	86
31	90	38
31	91	38
31	92	359
31	93	269
31	94	68
31	95	17
32	0	16
32	1	52
32	2	2
32	4	103
32	5	11
32	7	68
32	8	29
32	10	327
32	11	75
32	12	2
32	13	36
32	15	9
32	17	52
32	18	96
32	19	43
32	20	25
32	21	2
32	22	32
32	23	18
32	24	2
32	26	25
32	27	13
32	28	6
32	29	2
32	30	55
32	31	32
32	32	428
32	33	52
32	34	2
32	36	6
32	37	2
32	38	9
32	39	16
32	42	2
32	43	91
32	44	89
32	45	912
32	46	16
32	48	4
32	49	2
32	50	18
32	51	52
32	52	2
32	53	4
32	54	11
32	55	18
32	57	6
32	58	4
32	59	6
32	60	18
32	61	11
32	62	4
32	63	77
32	64	66
32	65	25
32	66	9
32	67	71
32	68	50
32	70	4
32	71	25
32	72	34
32	73	48
32	74	2
32	75	59
32	76	73
32	77	9
32	78	20
32	79	2
32	82	6
32	83	22
32	84	256
32	85	11
32	86	16
32	87	52
32	89	9
32	90	4
32	91	291
32	92	197
32	93	146
32	94	13
33	0	408
33	1	667
33	2	55
33	3	321
33	4	873
33	5	19
33	7	403
33	8	820
33	9	108
33	10	220
33	11	360
33	13	280
33	14	9
33	15	14
33	16	7
33	17	153
33	18	40
33	19	652
33	20	69
33	21	69
33	22	1041
33	24	2
33	25	14
33	26	396
33	27	914
33	28	7
33	29	2
33	30	1469
33	31	1216
33	32	4
33	33	3982
33	34	52
33	35	28
33	36	213
33	37	321
33	38	624
33	39	160
33	41	45
33	42	19
33	43	124
33	44	1341
33	45	540
33	46	945
33	47	38
33	48	844
33	49	64
33	50	732
33	51	1411
33	52	470
33	53	57
33	54	96
33	55	2385
33	56	21
33	57	105
33	58	151
33	59	129
33	60	475
33	62	100
33	63	1466
33	64	916
33	65	597
33	66	100
33	67	482
33	68	1104
33	69	136
33	70	182
33	71	1656
33	72	1291
33	73	369
33	74	88
33	75	160
33	76	981
33	77	43
33	78	492
33	79	12
33	80	2
33	83	804
33	84	492
33	85	122
33	86	36
33	87	21
33	88	2
33	89	151
33	90	136
33	91	33
33	92	542
33	93	919
33	94	256
33	95	33
34	0	76
34	1	100
34	2	279
34	3	32
34	4	188
34	5	18
34	7	69
34	8	160
34	9	9
34	10	27
34	11	34
34	13	72
34	14	2
34	15	2
34	17	25
34	18	2
34	19	193
34	20	9
34	21	671
34	22	191
34	25	151
34	26	48
34	27	53
34	30	186
34	31	191
34	33	263
34	34	652
34	35	2
34	36	13
34	37	23
34	38	18
34	39	20
34	40	2
34	41	76
34	42	179
34	43	13
34	44	188
34	45	139
34	46	121
34	48	72
34	49	20
34	50	205
34	51	484
34	52	30
34	53	447
34	54	307
34	55	254
34	56	53
34	57	431
34	58	587
34	59	626
34	60	32
34	62	9
34	63	165
34	64	221
34	65	181
34	66	9
34	67	53
34	68	207
34	69	11
34	70	1591
34	71	109
34	72	158
34	73	46
34	74	9
34	75	79
34	76	261
34	77	216
34	78	60
34	79	4
34	80	37
34	82	2
34	83	79
34	84	69
34	85	16
34	86	6
34	89	1494
34	90	626
34	91	6
34	92	109
34	93	149
34	94	32
34	95	11
35	0	47
35	1	81
35	2	2
35	3	126
35	4	102
35	5	14
35	6	2
35	7	83
35	8	382
35	9	315
35	10	64
35	11	102
35	12	2
35	13	59
35	14	23
35	15	2
35	16	215
35	17	38
35	18	11
35	19	78
35	20	50
35	21	11
35	22	129
35	24	33
35	25	2
35	26	538
35	27	114
35	30	129
35	31	117
35	32	4
35	33	346
35	34	11
35	35	1224
35	36	21
35	37	38
35	38	71
35	39	21
35	41	4
35	42	2
35	43	33
35	44	188
35	45	143
35	46	153
35	47	9
35	48	129
35	49	64
35	50	110
35	51	179
35	52	74
35	53	7
35	54	31
35	55	186
35	56	2
35	57	7
35	58	33
35	59	9
35	60	112
35	62	83
35	63	160
35	64	102
35	65	105
35	66	88
35	67	210
35	68	169
35	69	210
35	70	21
35	71	289
35	72	825
35	73	55
35	74	83
35	75	52
35	76	136
35	77	14
35	78	119
35	79	45
35	80	4
35	83	100
35	84	110
35	85	52
35	86	19
35	87	11
35	88	78
35	89	11
35	90	35
35	91	28
35	92	119
35	93	215
35	94	150
35	95	7
36	0	235
36	1	642
36	2	48
36	3	56
36	4	758
36	5	10
36	7	186
36	8	308
36	9	12
36	10	56
36	11	147
36	13	293
36	14	2
36	15	6
36	16	6
36	17	89
36	18	6
36	19	476
36	20	16
36	21	12
36	22	399
36	25	14
36	26	152
36	27	68
36	29	2
36	30	804
36	31	160
36	32	2
36	33	403
36	34	26
36	35	4
36	36	488
36	37	48
36	38	87
36	39	109
36	41	6
36	42	2
36	43	56
36	44	1224
36	45	358
36	46	650
36	47	16
36	48	208
36	49	66
36	50	435
36	51	399
36	52	99
36	53	18
36	54	42
36	55	316
36	56	2
36	57	22
36	58	99
36	59	24
36	60	302
36	62	14
36	63	699
36	64	794
36	65	166
36	66	68
36	67	188
36	68	1139
36	69	18
36	70	66
36	71	225
36	72	350
36	73	145
36	74	20
36	75	139
36	76	413
36	77	6
36	78	113
36	79	6
36	82	2
36	83	190
36	84	204
36	85	30
36	86	18
36	87	8
36	89	46
36	90	56
36	91	26
36	92	393
36	93	247
36	94	60
36	95	18
37	0	64
37	1	130
37	2	14
37	3	206
37	4	185
37	5	7
37	7	92
37	8	242
37	9	80
37	10	49
37	11	78
37	13	66
37	16	9
37	17	66
37	18	7
37	19	121
37	20	23
37	21	19
37	22	228
37	24	19
37	26	128
37	27	432
37	30	273
37	31	249
37	33	1039
37	34	4
37	35	11
37	36	66
37	37	235
37	38	156
37	39	52
37	41	4
37	43	28
37	44	273
37	45	133
37	46	175
37	47	21
37	48	216
37	49	16
37	50	171
37	51	359
37	52	99
37	53	9
37	54	21
37	55	468
37	57	42
37	58	52
37	59	23
37	60	104
37	61	2
37	62	21
37	63	280
37	64	154
37	65	135
37	66	35
37	67	130
37	68	233
37	69	121
37	70	40
37	71	910
37	72	368
37	73	61
37	74	21
37	75	52
37	76	173
37	77	9
37	78	166
37	79	9
37	80	2
37	83	118
37	84	121
37	85	30
37	86	9
37	87	2
37	88	2
37	89	23
37	90	35
37	91	9
37	92	111
37	93	190
37	94	59
37	95	4
38	0	323
38	1	627
38	2	37
38	3	491
38	4	717
38	5	12
38	6	2
38	7	328
38	8	1024
38	9	102
38	10	213
38	11	391
38	12	2
38	13	321
38	14	10
38	15	10
38	16	32
38	17	150
38	18	32
38	19	604
38	20	110
38	21	57
38	22	988
38	24	12
38	25	12
38	26	489
38	27	858
38	28	12
38	29	2
38	30	1413
38	31	1018
38	32	5
38	33	3420
38	34	42
38	35	32
38	36	193
38	37	286
38	38	1187
38	39	130
38	41	32
38	42	15
38	43	90
38	44	1111
38	45	607
38	46	966
38	47	7
38	48	916
38	49	90
38	50	662
38	51	1267
38	52	765
38	53	57
38	54	82
38	55	2017
38	56	10
38	57	77
38	58	150
38	59	105
38	60	532
38	61	2
38	62	112
38	63	1194
38	64	803
38	65	514
38	66	115
38	67	534
38	68	1229
38	69	218
38	70	193
38	71	1947
38	72	1425
38	73	361
38	74	143
38	75	183
38	76	865
38	77	20
38	78	584
38	79	15
38	80	2
38	83	901
38	84	436
38	85	102
38	86	22
38	87	15
38	88	10
38	89	133
38	90	87
38	91	62
38	92	589
38	93	896
38	94	318
38	95	40
39	0	94
39	1	359
39	2	37
39	3	26
39	4	1058
39	5	15
39	7	302
39	8	122
39	9	13
39	10	72
39	11	157
39	13	311
39	14	2
39	17	212
39	18	13
39	19	405
39	20	19
39	21	13
39	22	109
39	25	8
39	26	83
39	27	28
39	28	8
39	30	379
39	31	78
39	32	8
39	33	135
39	34	15
39	35	8
39	36	21
39	37	15
39	38	28
39	39	324
39	42	2
39	43	131
39	44	666
39	45	751
39	46	232
39	47	2
39	48	46
39	49	50
39	50	236
39	51	254
39	52	21
39	53	26
39	54	24
39	55	138
39	56	2
39	57	10
39	58	37
39	59	17
39	60	87
39	62	10
39	63	230
39	64	523
39	65	89
39	66	61
39	67	216
39	68	302
39	69	4
39	70	26
39	71	67
39	72	151
39	73	247
39	74	21
39	75	166
39	76	319
39	77	2
39	78	61
39	80	2
39	83	32
39	84	352
39	85	67
39	86	8
39	87	10
39	89	35
39	90	15
39	91	28
39	92	810
39	93	482
39	94	41
39	95	6
40	2	16
40	3	3
40	4	6
40	5	3
40	7	3
40	8	3
40	9	6
40	10	3
40	11	9
40	13	3
40	18	3
40	19	13
40	20	3
40	21	13
40	25	9
40	26	9
40	27	3
40	30	16
40	31	6
40	33	16
40	34	19
40	38	6
40	39	3
40	40	23
40	41	152
40	42	6
40	44	6
40	45	6
40	46	3
40	48	6
40	50	3
40	51	9
40	53	6
40	54	102
40	55	9
40	57	16
40	58	49
40	59	13
40	62	3
40	63	3
40	64	13
40	65	9
40	66	3
40	67	6
40	68	16
40	70	39
40	71	3
40	72	13
40	73	6
40	76	13
40	77	16
40	78	3
40	84	6
40	89	39
40	90	46
41	0	73
41	1	102
41	2	534
41	3	44
41	4	199
41	5	7
41	7	99
41	8	152
41	9	26
41	10	55
41	11	52
41	13	55
41	17	62
41	19	141
41	20	20
41	21	482
41	22	204
41	24	2
41	25	167
41	26	112
41	27	133
41	30	225
41	31	414
41	32	2
41	33	548
41	34	325
41	35	5
41	36	31
41	37	34
41	38	62
41	39	34
41	40	15
41	41	2611
41	42	207
41	43	23
41	44	267
41	45	262
41	46	167
41	48	112
41	49	28
41	50	196
41	51	500
41	52	78
41	53	367
41	54	2548
41	55	401
41	56	23
41	57	665
41	58	1221
41	59	755
41	60	81
41	62	13
41	63	293
41	64	228
41	65	144
41	66	15
41	67	133
41	68	228
41	69	26
41	70	1195
41	71	230
41	72	249
41	73	60
41	74	13
41	75	60
41	76	270
41	77	259
41	78	81
41	80	41
41	83	65
41	84	196
41	85	41
41	86	18
41	87	5
41	88	2
41	89	959
41	90	983
41	91	28
41	92	131
41	93	235
41	94	41
41	95	10
42	0	127
42	1	250
42	2	803
42	3	26
42	4	276
42	5	37
42	7	157
42	8	186
42	9	10
42	10	77
42	11	85
42	13	71
42	15	5
42	17	53
42	18	13
42	19	314
42	20	26
42	21	1623
42	22	322
42	24	2
42	25	268
42	26	77
42	27	90
42	28	2
42	30	340
42	31	359
42	32	2
42	33	516
42	34	689
42	35	10
42	36	31
42	37	29
42	38	74
42	39	39
42	40	2
42	41	117
42	42	1405
42	43	39
42	44	447
42	45	290
42	46	157
42	48	55
42	49	13
42	50	247
42	51	761
42	52	42
42	53	1408
42	54	444
42	55	375
42	56	85
42	57	819
42	58	966
42	59	1211
42	60	61
42	62	7
42	63	247
42	64	362
42	65	335
42	66	21
42	67	154
42	68	279
42	69	21
42	70	3072
42	71	151
42	72	271
42	73	79
42	74	26
42	75	111
42	76	431
42	77	473
42	78	58
42	79	10
42	80	37
42	83	82
42	84	186
42	85	23
42	86	21
42	87	13
42	89	2201
42	90	1099
42	91	18
42	92	202
42	93	189
42	94	45
42	95	18
43	0	307
43	1	1104
43	2	33
43	3	82
43	4	1857
43	5	50
43	7	1943
43	8	621
43	9	33
43	10	2215
43	11	1551
43	12	2
43	13	864
43	14	4
43	15	21
43	16	6
43	17	2215
43	18	242
43	19	1119
43	20	174
43	21	31
43	22	491
43	23	4
43	25	10
43	26	326
43	27	147
43	28	10
43	29	12
43	30	1083
43	31	459
43	32	88
43	33	626
43	34	29
43	35	6
43	36	88
43	37	54
43	38	86
43	39	337
43	41	6
43	42	4
43	43	3668
43	44	2044
43	45	7682
43	46	858
43	47	8
43	48	185
43	49	255
43	50	632
43	51	1222
43	52	90
43	53	37
43	54	29
43	55	539
43	56	4
43	57	16
43	58	80
43	59	48
43	60	229
43	61	6
43	62	12
43	63	1226
43	64	1414
43	65	354
43	66	259
43	67	2331
43	68	885
43	69	25
43	70	96
43	71	278
43	72	583
43	73	1460
43	74	73
43	75	1597
43	76	1121
43	77	27
43	78	252
43	79	4
43	80	2
43	83	231
43	84	5360
43	85	624
43	86	92
43	87	145
43	89	71
43	90	65
43	91	621
43	92	6946
43	93	4534
43	94	212
43	95	35
44	0	9
44	1	74
44	4	48
44	5	3
44	7	6
44	8	9
44	9	3
44	10	3
44	11	3
44	13	16
44	17	9
44	19	45
44	20	3
44	21	3
44	22	25
44	25	3
44	26	3
44	27	3
44	30	25
44	31	6
44	33	16
44	37	3
44	38	6
44	39	3
44	41	3
44	43	16
44	44	154
44	45	35
44	46	19
44	48	6
44	49	9
44	50	16
44	51	38
44	52	6
44	54	6
44	55	22
44	57	6
44	60	6
44	63	16
44	64	67
44	65	6
44	66	9
44	67	12
44	68	35
44	71	22
44	72	12
44	73	9
44	75	9
44	76	9
44	78	6
44	83	12
44	84	25
44	85	6
44	89	3
44	91	3
44	92	41
44	93	38
45	0	163
45	1	536
45	2	9
45	3	99
45	4	868
45	5	141
45	7	880
45	8	303
45	9	23
45	10	3435
45	11	556
45	13	375
45	14	1
45	15	37
45	16	1
45	17	662
45	18	556
45	19	542
45	20	251
45	21	51
45	22	301
45	24	3
45	25	21
45	26	239
45	27	127
45	28	19
45	29	11
45	30	634
45	31	275
45	32	149
45	33	514
45	34	17
45	35	11
45	36	59
45	37	63
45	38	65
45	39	149
45	41	1
45	42	17
45	43	1175
45	44	1123
45	45	14671
45	46	397
45	47	13
45	48	187
45	49	113
45	50	359
45	51	838
45	52	55
45	53	35
45	54	55
45	55	325
45	56	7
45	57	25
45	58	53
45	59	53
45	60	161
45	62	21
45	63	580
45	64	626
45	65	271
45	66	77
45	67	932
45	68	491
45	69	13
45	70	79
45	71	227
45	72	503
45	73	680
45	74	19
45	75	878
45	76	616
45	77	27
45	78	257
45	79	5
45	82	1
45	83	151
45	84	3349
45	85	287
45	86	99
45	87	251
45	88	5
45	89	59
45	90	71
45	91	1281
45	92	2888
45	93	1634
45	94	81
45	95	17
46	0	485
46	1	1427
46	2	40
46	3	110
46	4	2352
46	5	26
46	7	533
46	8	1069
46	9	72
46	10	156
46	11	355
46	13	756
46	14	4
46	15	2
46	16	10
46	17	305
46	18	18
46	19	1116
46	20	68
46	21	34
46	22	598
46	23	2
46	24	8
46	25	12
46	26	626
46	27	164
46	28	4
46	30	1607
46	31	311
46	32	2
46	33	600
46	34	30
46	35	8
46	36	339
46	37	66
46	38	138
46	39	176
46	41	12
46	42	10
46	43	182
46	44	2689
46	45	580
46	46	3637
46	47	32
46	48	335
46	49	230
46	50	833
46	51	798
46	52	168
46	53	28
46	54	52
46	55	614
46	56	2
46	57	54
46	58	120
46	59	56
46	60	736
46	62	12
46	63	1108
46	64	2073
46	65	319
46	66	212
46	67	529
46	68	2461
46	69	34
46	70	132
46	71	387
46	72	853
46	73	670
46	74	102
46	75	305
46	76	1011
46	77	6
46	78	303
46	79	8
46	80	2
46	83	337
46	84	451
46	85	118
46	86	48
46	87	18
46	88	8
46	89	74
46	90	80
46	91	70
46	92	943
46	93	977
46	94	262
46	95	22
47	0	32
47	1	32
47	2	2
47	3	56
47	4	53
47	5	2
47	6	2
47	7	20
47	8	74
47	9	38
47	10	17
47	11	26
47	13	20
47	16	2
47	17	8
47	18	2
47	19	65
47	20	26
47	21	11
47	22	50
47	24	23
47	26	59
47	27	233
47	30	68
47	31	74
47	32	2
47	33	206
47	35	11
47	36	14
47	37	38
47	38	17
47	39	11
47	41	11
47	42	8
47	43	29
47	44	68
47	45	53
47	46	65
47	47	299
47	48	26
47	49	5
47	50	53
47	51	110
47	52	14
47	53	14
47	54	8
47	55	56
47	58	23
47	59	2
47	60	23
47	62	2
47	63	62
47	64	44
47	65	26
47	66	8
47	67	35
47	68	74
47	69	38
47	70	11
47	71	278
47	72	101
47	73	23
47	74	5
47	75	11
47	76	17
47	77	8
47	78	23
47	83	5
47	84	41
47	85	20
47	86	2
47	89	8
47	90	11
47	91	2
47	92	26
47	93	41
47	94	5
48	0	168
48	1	385
48	2	17
48	3	120
48	4	422
48	5	6
48	7	225
48	8	365
48	9	19
48	10	56
48	11	155
48	13	195
48	14	4
48	16	4
48	17	54
48	18	6
48	19	245
48	20	35
48	21	28
48	22	363
48	24	2
48	26	159
48	27	188
48	30	648
48	31	317
48	32	6
48	33	744
48	34	41
48	35	10
48	36	146
48	37	67
48	38	210
48	39	70
48	41	2
48	42	13
48	43	59
48	44	650
48	45	247
48	46	449
48	47	13
48	48	670
48	49	72
48	50	322
48	51	545
48	52	201
48	53	15
48	54	56
48	55	718
48	56	6
48	57	32
48	58	87
48	59	74
48	60	300
48	62	8
48	63	580
48	64	490
48	65	166
48	66	52
48	67	265
48	68	659
48	69	17
48	70	92
48	71	319
48	72	466
48	73	175
48	74	52
48	75	92
48	76	354
48	77	15
48	78	195
48	80	2
48	83	466
48	84	214
48	85	52
48	86	21
48	87	2
48	89	54
48	90	61
48	91	17
48	92	236
48	93	324
48	94	87
48	95	6
49	0	116
49	1	493
49	2	5
49	3	50
49	4	928
49	5	10
49	7	300
49	8	250
49	9	39
49	10	100
49	11	493
49	13	538
49	15	7
49	17	274
49	18	13
49	19	485
49	20	84
49	21	18
49	22	166
49	24	2
49	25	7
49	26	329
49	27	44
49	30	464
49	31	155
49	32	2
49	33	253
49	34	7
49	35	15
49	36	50
49	37	21
49	38	68
49	39	87
49	41	5
49	42	7
49	43	197
49	44	873
49	45	482
49	46	348
49	47	5
49	48	65
49	49	1569
49	50	276
49	51	250
49	52	31
49	53	10
49	54	10
49	55	213
49	57	15
49	58	29
49	59	21
49	60	129
49	62	7
49	63	390
49	64	659
49	65	113
49	66	416
49	67	688
49	68	313
49	69	10
49	70	34
49	71	131
49	72	437
49	73	1791
49	74	60
49	75	216
49	76	408
49	77	2
49	78	152
49	79	2
49	83	65
49	84	321
49	85	129
49	86	18
49	87	2
49	88	26
49	89	26
49	90	36
49	91	36
49	92	902
49	93	960
49	94	97
49	95	7
50	0	65
50	1	186
50	2	5
50	3	7
50	4	200
50	5	7
50	7	50
50	8	26
50	9	4
50	10	17
50	11	29
50	13	51
50	15	2
50	17	20
50	19	103
50	20	5
50	22	111
50	25	1
50	26	22
50	27	4
50	30	237
50	31	51
50	32	1
50	33	63
50	34	13
50	36	19
50	37	5
50	38	11
50	39	11
50	42	4
50	43	16
50	44	228
50	45	85
50	46	133
50	48	11
50	49	7
50	50	238
50	51	186
50	52	11
50	53	5
50	54	28
50	55	71
50	56	1
50	57	11
50	58	17
50	59	8
50	60	28
50	63	85
50	64	312
50	65	53
50	66	8
50	67	14
50	68	217
50	69	1
50	70	23
50	71	29
50	72	65
50	73	51
50	74	1
50	75	48
50	76	126
50	78	10
50	83	23
50	84	50
50	85	10
50	86	5
50	87	1
50	89	20
50	90	10
50	91	1
50	92	149
50	93	74
50	94	1
50	95	2
51	0	531
51	1	970
51	2	60
51	3	64
51	4	1183
51	5	26
51	7	471
51	8	349
51	9	16
51	10	169
51	11	253
51	12	3
51	13	476
51	15	7
51	16	5
51	17	203
51	18	28
51	19	779
51	20	74
51	21	89
51	22	1311
51	25	10
51	26	144
51	27	107
51	29	5
51	30	1522
51	31	558
51	33	660
51	34	76
51	35	1
51	36	144
51	37	55
51	38	135
51	39	107
51	41	21
51	42	24
51	43	135
51	44	1964
51	45	890
51	46	899
51	47	10
51	48	214
51	49	89
51	50	1347
51	51	2426
51	52	158
51	53	51
51	54	98
51	55	590
51	56	1
51	57	117
51	58	124
51	59	98
51	60	287
51	62	7
51	63	856
51	64	1841
51	65	870
51	66	69
51	67	317
51	68	1431
51	69	21
51	70	249
51	71	210
51	72	431
51	73	369
51	74	44
51	75	330
51	76	1011
51	77	16
51	78	174
51	80	1
51	81	1
51	83	237
51	84	563
51	85	62
51	86	35
51	87	14
51	88	1
51	89	237
51	90	124
51	91	62
51	92	861
51	93	635
51	94	133
51	95	48
52	0	265
52	1	549
52	2	60
52	3	445
52	4	758
52	5	21
52	7	406
52	8	1097
52	9	102
52	10	211
52	11	364
52	12	2
52	13	335
52	14	4
52	15	9
52	16	4
52	17	153
52	18	41
52	19	569
52	20	90
52	21	70
52	22	834
52	24	7
52	25	21
52	26	484
52	27	605
52	28	2
52	29	2
52	30	1250
52	31	885
52	32	9
52	33	2344
52	34	38
52	35	21
52	36	226
52	37	240
52	38	744
52	39	133
52	41	55
52	42	17
52	43	102
52	44	953
52	45	564
52	46	1131
52	47	31
52	48	985
52	49	119
52	50	651
52	51	1082
52	52	1440
52	53	46
52	54	72
52	55	1644
52	56	17
52	57	70
52	58	121
52	59	124
52	60	778
52	62	121
52	63	1094
52	64	668
52	65	467
52	66	141
52	67	532
52	68	992
52	69	133
52	70	160
52	71	1517
52	72	1401
52	73	333
52	74	124
52	75	184
52	76	846
52	77	26
52	78	722
52	79	7
52	80	2
52	83	1357
52	84	459
52	85	97
52	86	31
52	87	12
52	88	9
52	89	72
52	90	70
52	91	38
52	92	554
52	93	909
52	94	306
52	95	21
53	0	40
53	1	145
53	2	580
53	3	17
53	4	279
53	5	5
53	6	2
53	7	94
53	8	142
53	9	12
53	10	55
53	11	53
53	13	55
53	14	5
53	16	2
53	17	25
53	18	10
53	19	180
53	20	15
53	21	862
53	22	282
53	25	437
53	26	50
53	27	91
53	30	226
53	31	274
53	33	351
53	34	445
53	35	7
53	36	15
53	37	17
53	38	43
53	39	30
53	41	160
53	42	432
53	43	12
53	44	307
53	45	231
53	46	114
53	47	2
53	48	94
53	49	15
53	50	157
53	51	557
53	52	20
53	53	1173
53	54	307
53	55	310
53	56	86
53	57	554
53	58	801
53	59	737
53	60	68
53	62	12
53	63	160
53	64	206
53	65	165
53	66	10
53	67	89
53	68	208
53	69	7
53	70	1659
53	71	104
53	72	201
53	73	71
53	74	15
53	75	89
53	76	272
53	77	384
53	78	33
53	80	33
53	82	2
53	83	68
53	84	129
53	85	27
53	86	27
53	87	5
53	88	2
53	89	1132
53	90	893
53	91	12
53	92	147
53	93	175
53	94	20
53	95	5
54	0	95
54	1	241
54	2	781
54	3	42
54	4	226
54	5	10
54	7	148
54	8	205
54	9	27
54	10	82
54	11	115
54	13	77
54	14	2
54	17	42
54	19	276
54	20	22
54	21	650
54	22	346
54	24	2
54	25	283
54	26	115
54	27	140
54	29	5
54	30	311
54	31	489
54	32	5
54	33	668
54	34	386
54	35	22
54	36	32
54	37	67
54	38	95
54	39	37
54	40	12
54	41	929
54	42	223
54	43	27
54	44	494
54	45	384
54	46	208
54	47	5
54	48	188
54	49	37
54	50	246
54	51	537
54	52	60
54	53	552
54	54	4782
54	55	507
54	56	32
54	57	1072
54	58	2441
54	59	967
54	60	95
54	62	12
54	63	371
54	64	359
54	65	228
54	66	55
54	67	168
54	68	246
54	69	15
54	70	1404
54	71	261
54	72	354
54	73	130
54	74	37
54	75	82
54	76	298
54	77	283
54	78	67
54	79	5
54	80	37
54	82	2
54	83	118
54	84	173
54	85	30
54	86	15
54	87	7
54	89	1135
54	90	1557
54	91	20
54	92	233
54	93	238
54	94	65
54	95	10
55	0	350
55	1	723
55	2	57
55	3	169
55	4	674
55	5	14
55	7	350
55	8	545
55	9	65
55	10	118
55	11	235
55	12	2
55	13	278
55	14	6
55	15	8
55	16	4
55	17	114
55	18	19
55	19	464
55	20	65
55	21	48
55	22	953
55	24	8
55	25	2
55	26	284
55	27	356
55	28	6
55	29	4
55	30	1330
55	31	798
55	32	2
55	33	1574
55	34	59
55	35	14
55	36	229
55	37	127
55	38	263
55	39	123
55	41	36
55	42	21
55	43	74
55	44	1069
55	45	305
55	46	721
55	47	23
55	48	611
55	49	59
55	50	660
55	51	1061
55	52	278
55	53	27
55	54	59
55	55	2111
55	56	14
55	57	61
55	58	118
55	59	63
55	60	399
55	62	33
55	63	1345
55	64	925
55	65	492
55	66	110
55	67	379
55	68	1209
55	69	76
55	70	195
55	71	549
55	72	761
55	73	286
55	74	78
55	75	144
55	76	849
55	77	21
55	78	345
55	79	6
55	83	447
55	84	331
55	85	93
55	86	21
55	87	2
55	88	6
55	89	137
55	90	137
55	91	33
55	92	407
55	93	653
55	94	157
55	95	14
56	0	19
56	1	82
56	2	216
56	3	9
56	4	66
56	5	9
56	7	28
56	8	47
56	9	6
56	10	25
56	11	35
56	13	19
56	17	25
56	18	3
56	19	66
56	20	6
56	21	391
56	22	82
56	25	305
56	26	38
56	27	22
56	29	3
56	30	82
56	31	140
56	33	152
56	34	175
56	35	3
56	36	3
56	37	15
56	38	22
56	39	6
56	41	57
56	42	149
56	43	12
56	44	124
56	45	101
56	46	38
56	48	31
56	49	9
56	50	63
56	51	264
56	52	3
56	53	296
56	54	121
56	55	133
56	56	592
56	57	254
56	58	286
56	59	417
56	60	9
56	62	3
56	63	95
56	64	98
56	65	89
56	66	3
56	67	50
56	68	44
56	69	3
56	70	522
56	71	54
56	72	66
56	73	41
56	74	15
56	75	47
56	76	82
56	77	554
56	78	28
56	79	3
56	80	63
56	83	54
56	84	89
56	85	12
56	86	22
56	87	9
56	89	605
56	90	385
56	91	9
56	92	70
56	93	121
56	94	22
56	95	6
57	0	91
57	1	202
57	2	844
57	3	74
57	4	164
57	5	9
57	7	156
57	8	253
57	9	19
57	10	77
57	11	84
57	13	79
57	16	4
57	17	55
57	18	12
57	19	214
57	20	21
57	21	960
57	22	417
57	24	7
57	25	229
57	26	96
57	27	173
57	30	335
57	31	581
57	32	2
57	33	849
57	34	492
57	35	7
57	36	53
57	37	43
57	38	82
57	39	53
57	41	313
57	42	308
57	43	41
57	44	391
57	45	241
57	46	231
57	47	12
57	48	171
57	49	36
57	50	212
57	51	687
57	52	60
57	53	646
57	54	1296
57	55	601
57	56	53
57	57	1716
57	58	2179
57	59	1397
57	60	106
57	62	4
57	63	292
57	64	357
57	65	263
57	66	12
57	67	152
57	68	205
57	69	16
57	70	1774
57	71	282
57	72	318
57	73	106
57	74	24
57	75	98
57	76	362
57	77	412
57	78	115
57	79	2
57	80	65
57	83	171
57	84	173
57	85	24
57	86	24
57	87	4
57	89	1402
57	90	2181
57	91	26
57	92	229
57	93	340
57	94	60
57	95	4
58	0	98
58	1	298
58	2	1028
58	3	75
58	4	399
58	5	15
58	7	204
58	8	316
58	9	5
58	10	80
58	11	121
58	13	116
58	17	64
58	18	12
58	19	316
58	20	31
58	21	782
58	22	453
58	25	274
58	26	114
58	27	207
58	28	10
58	30	515
58	31	720
58	32	2
58	33	826
58	34	453
58	36	69
58	37	72
58	38	129
58	39	44
58	41	352
58	42	290
58	43	33
58	44	562
58	45	233
58	46	240
58	48	272
58	49	25
58	50	282
58	51	772
58	52	82
58	53	614
58	54	1904
58	55	715
58	56	77
58	57	1539
58	58	3345
58	59	1192
58	60	147
58	62	15
58	63	406
58	64	461
58	65	287
58	66	23
58	67	171
58	68	274
58	69	28
58	70	1979
58	71	339
58	72	412
58	73	108
58	74	23
58	75	137
58	76	388
58	77	355
58	78	101
58	79	5
58	80	31
58	82	2
58	83	150
58	84	189
58	85	57
58	86	7
58	87	2
58	89	1567
58	90	1948
58	91	18
58	92	295
58	93	427
58	94	49
58	95	18
59	0	117
59	1	285
59	2	1165
59	3	57
59	4	292
59	5	32
59	7	162
59	8	235
59	9	22
59	10	77
59	11	120
59	13	130
59	14	7
59	15	2
59	17	50
59	18	7
59	19	302
59	20	12
59	21	1308
59	22	580
59	25	467
59	26	102
59	27	182
59	29	2
59	30	400
59	31	615
59	33	873
59	34	630
59	35	12
59	36	47
59	37	87
59	38	105
59	39	17
59	41	250
59	42	385
59	43	40
59	44	422
59	45	295
59	46	257
59	48	215
59	49	30
59	50	272
59	51	1103
59	52	45
59	53	918
59	54	863
59	55	667
59	56	105
59	57	1188
59	58	1493
59	59	2491
59	60	110
59	62	12
59	63	315
59	64	327
59	65	355
59	66	25
59	67	197
59	68	307
59	69	17
59	70	2866
59	71	225
59	72	355
59	73	132
59	74	32
59	75	150
59	76	497
59	77	745
59	78	90
59	79	10
59	80	62
59	81	2
59	82	5
59	83	167
59	84	222
59	85	45
59	86	25
59	87	15
59	89	1771
59	90	2351
59	91	20
59	92	287
59	93	255
59	94	57
59	95	22
60	0	580
60	1	1442
60	2	52
60	3	190
60	4	2068
60	5	29
60	7	621
60	8	1520
60	9	52
60	10	188
60	11	543
60	12	3
60	13	741
60	14	7
60	16	7
60	17	297
60	18	13
60	19	1077
60	20	87
60	21	56
60	22	936
60	24	5
60	25	7
60	26	720
60	27	277
60	28	1
60	30	1912
60	31	605
60	32	3
60	33	1338
60	34	60
60	35	29
60	36	502
60	37	112
60	38	343
60	39	211
60	41	21
60	42	11
60	43	163
60	44	2794
60	45	714
60	46	2592
60	47	19
60	48	611
60	49	240
60	50	1017
60	51	1254
60	52	357
60	53	25
60	54	67
60	55	1110
60	56	13
60	57	73
60	58	168
60	59	64
60	60	1980
60	62	64
60	63	1439
60	64	2132
60	65	565
60	66	264
60	67	654
60	68	2643
60	69	71
60	70	201
60	71	724
60	72	1394
60	73	747
60	74	137
60	75	335
60	76	1221
60	77	25
60	78	646
60	79	7
60	82	1
60	83	819
60	84	520
60	85	120
60	86	36
60	87	5
60	88	3
60	89	104
60	90	62
60	91	85
60	92	1011
60	93	1136
60	94	409
60	95	40
61	4	4
61	5	8
61	7	2
61	10	24
61	17	4
61	31	2
61	32	11
61	33	2
61	43	2
61	44	2
61	45	28
61	51	4
61	55	2
61	61	2
61	63	6
61	65	2
61	67	2
61	68	4
61	73	2
61	75	2
61	76	2
61	78	4
61	84	11
61	86	2
61	91	6
61	92	6
61	93	2
62	0	63
62	1	149
62	2	19
62	3	263
62	4	236
62	5	21
62	7	109
62	8	487
62	9	177
62	10	61
62	11	141
62	13	76
62	14	6
62	15	4
62	16	8
62	17	50
62	18	8
62	19	160
62	20	31
62	21	23
62	22	158
62	24	4
62	26	356
62	27	160
62	28	6
62	30	270
62	31	149
62	32	4
62	33	441
62	34	21
62	35	67
62	36	23
62	37	80
62	38	122
62	39	38
62	41	10
62	42	8
62	43	33
62	44	323
62	45	230
62	46	304
62	47	2
62	48	221
62	49	57
62	50	187
62	51	301
62	52	145
62	53	27
62	54	29
62	55	270
62	57	21
62	58	40
62	59	10
62	60	133
62	62	529
62	63	304
62	64	198
62	65	109
62	66	46
62	67	215
62	68	219
62	69	204
62	70	63
62	71	690
62	72	1085
62	73	175
62	74	69
62	75	52
62	76	187
62	77	12
62	78	291
62	79	10
62	80	2
62	82	2
62	83	141
62	84	126
62	85	69
62	86	8
62	87	10
62	88	4
62	89	48
62	90	23
62	91	29
62	92	171
62	93	358
62	94	154
62	95	4
63	0	566
63	1	975
63	2	77
63	3	94
63	4	1136
63	5	18
63	7	483
63	8	479
63	9	32
63	10	113
63	11	282
63	12	1
63	13	376
63	15	7
63	16	9
63	17	153
63	18	9
63	19	683
63	20	47
63	21	35
63	22	753
63	24	1
63	25	15
63	26	221
63	27	147
63	29	1
63	30	1795
63	31	553
63	32	1
63	33	848
63	34	83
63	35	3
63	36	282
63	37	79
63	38	162
63	39	130
63	41	7
63	42	5
63	43	100
63	44	2005
63	45	537
63	46	958
63	47	17
63	48	344
63	49	134
63	50	859
63	51	820
63	52	172
63	53	47
63	54	73
63	55	715
63	56	5
63	57	64
63	58	181
63	59	43
63	60	354
63	62	18
63	63	2039
63	64	1536
63	65	426
63	66	81
63	67	276
63	68	1627
63	69	28
63	70	149
63	71	318
63	72	515
63	73	361
63	74	62
63	75	234
63	76	685
63	77	17
63	78	223
63	79	7
63	83	308
63	84	395
63	85	39
63	86	22
63	87	5
63	89	119
63	90	83
63	91	47
63	92	691
63	93	615
63	94	143
63	95	13
64	0	129
64	1	782
64	2	32
64	3	25
64	4	726
64	5	12
64	7	211
64	8	120
64	9	14
64	10	125
64	11	150
64	13	157
64	14	5
64	17	150
64	18	14
64	19	466
64	20	19
64	21	17
64	22	199
64	24	3
64	25	3
64	26	64
64	27	43
64	28	1
64	30	468
64	31	125
64	32	1
64	33	211
64	34	7
64	35	1
64	36	62
64	37	25
64	38	28
64	39	50
64	41	7
64	42	3
64	43	109
64	44	1227
64	45	761
64	46	263
64	47	5
64	48	116
64	49	61
64	50	301
64	51	420
64	52	39
64	53	16
64	54	66
64	55	195
64	57	23
64	58	55
64	59	25
64	60	80
64	62	10
64	63	253
64	64	1863
64	65	113
64	66	21
64	67	245
64	68	538
64	69	5
64	70	39
64	71	107
64	72	145
64	73	290
64	74	12
64	75	154
64	76	716
64	77	1
64	78	107
64	79	1
64	83	95
64	84	301
64	85	21
64	86	19
64	87	1
64	89	46
64	90	37
64	91	50
64	92	1071
64	93	351
64	94	71
64	95	7
65	0	405
65	1	797
65	2	63
65	3	55
65	4	1079
65	5	59
65	7	453
65	8	370
65	9	22
65	10	233
65	11	235
65	12	2
65	13	396
65	15	8
65	16	2
65	17	176
65	18	57
65	19	645
65	20	77
65	21	72
65	22	1359
65	24	4
65	25	24
65	26	187
65	27	143
65	29	8
65	30	1255
65	31	491
65	33	608
65	34	74
65	35	13
65	36	121
65	37	85
65	38	136
65	39	169
65	40	2
65	41	22
65	42	15
65	43	132
65	44	1520
65	45	1086
65	46	786
65	47	6
65	48	259
65	49	107
65	50	1008
65	51	2061
65	52	134
65	53	72
65	54	79
65	55	645
65	56	6
65	57	68
65	58	169
65	59	79
65	60	290
65	62	33
65	63	724
65	64	1542
65	65	2526
65	66	83
65	67	343
65	68	1277
65	69	26
65	70	220
65	71	270
65	72	385
65	73	370
65	74	19
65	75	334
65	76	1216
65	77	15
65	78	145
65	79	2
65	82	2
65	83	259
65	84	616
65	85	68
65	86	63
65	87	22
65	88	2
65	89	215
65	90	125
65	91	85
65	92	828
65	93	581
65	94	118
65	95	57
66	0	135
66	1	543
66	2	17
66	3	98
66	4	979
66	5	17
66	7	445
66	8	868
66	9	52
66	10	151
66	11	823
66	12	2
66	13	425
66	14	17
66	15	10
66	16	5
66	17	395
66	18	27
66	19	674
66	20	90
66	21	30
66	22	251
66	25	2
66	26	1296
66	27	133
66	28	5
66	29	5
66	30	682
66	31	307
66	32	10
66	33	488
66	34	30
66	35	17
66	36	70
66	37	52
66	38	123
66	39	133
66	41	5
66	42	2
66	43	158
66	44	1112
66	45	611
66	46	500
66	47	7
66	48	191
66	49	679
66	50	349
66	51	508
66	52	62
66	53	20
66	54	35
66	55	357
66	57	27
66	58	52
66	59	25
66	60	186
66	62	50
66	63	591
66	64	729
66	65	128
66	66	2552
66	67	1595
66	68	591
66	69	42
66	70	67
66	71	208
66	72	1228
66	73	1457
66	74	168
66	75	276
66	76	453
66	77	2
66	78	342
66	79	15
66	80	2
66	83	128
66	84	458
66	85	354
66	86	20
66	87	5
66	88	12
66	89	42
66	90	30
66	91	30
66	92	838
66	93	1190
66	94	349
66	95	22
67	0	138
67	1	415
67	2	4
67	3	46
67	4	765
67	5	13
67	7	475
67	8	387
67	9	13
67	10	314
67	11	1597
67	12	11
67	13	495
67	14	6
67	15	11
67	17	429
67	18	61
67	19	444
67	20	140
67	21	17
67	22	189
67	25	2
67	26	448
67	27	57
67	28	13
67	29	4
67	30	594
67	31	231
67	32	6
67	33	294
67	34	4
67	35	11
67	36	66
67	37	24
67	38	48
67	39	81
67	41	4
67	42	2
67	43	391
67	44	873
67	45	939
67	46	363
67	47	4
67	48	132
67	49	354
67	50	319
67	51	504
67	52	55
67	53	17
67	54	17
67	55	281
67	56	4
67	57	2
67	58	37
67	59	30
67	60	125
67	62	22
67	63	495
67	64	607
67	65	151
67	66	422
67	67	4183
67	68	356
67	69	15
67	70	50
67	71	143
67	72	737
67	73	1567
67	74	50
67	75	272
67	76	534
67	77	2
67	78	275
67	79	11
67	83	165
67	84	794
67	85	574
67	86	24
67	87	8
67	88	8
67	89	63
67	90	19
67	91	70
67	92	1173
67	93	2137
67	94	149
67	95	15
68	0	369
68	1	993
68	2	35
68	3	76
68	4	1249
68	5	15
68	7	278
68	8	333
68	9	30
68	10	85
68	11	182
68	13	321
68	15	3
68	16	1
68	17	116
68	18	13
68	19	743
68	20	30
68	21	22
68	22	507
68	25	8
68	26	174
68	27	94
68	28	3
68	29	1
68	30	1381
68	31	230
68	32	1
68	33	348
68	34	34
68	35	3
68	36	217
68	37	46
68	38	71
68	39	117
68	41	3
68	42	10
68	43	82
68	44	1926
68	45	401
68	46	1102
68	47	15
68	48	165
68	49	92
68	50	605
68	51	588
68	52	76
68	53	35
68	54	39
68	55	353
68	56	1
68	57	27
68	58	85
68	59	30
68	60	360
68	62	3
68	63	699
68	64	1841
68	65	186
68	66	58
68	67	266
68	68	2834
68	69	15
68	70	78
68	71	229
68	72	307
68	73	314
68	74	29
68	75	181
68	76	634
68	77	10
68	78	102
68	80	3
68	83	160
68	84	246
68	85	46
68	86	17
68	87	5
68	89	73
68	90	58
68	91	30
68	92	671
68	93	442
68	94	83
68	95	23
69	0	37
69	1	58
69	2	4
69	3	282
69	4	115
69	5	4
69	7	37
69	8	192
69	9	599
69	10	37
69	11	51
69	13	58
69	14	9
69	15	2
69	16	47
69	17	32
69	18	11
69	19	91
69	20	28
69	21	28
69	22	117
69	24	23
69	25	2
69	26	176
69	27	228
69	28	7
69	30	122
69	31	89
69	32	2
69	33	421
69	34	2
69	35	82
69	36	9
69	37	63
69	38	91
69	39	30
69	41	2
69	42	4
69	43	35
69	44	159
69	45	112
69	46	110
69	47	11
69	48	150
69	49	30
69	50	79
69	51	164
69	52	101
69	53	4
69	54	21
69	55	188
69	57	9
69	58	18
69	59	18
69	60	63
69	62	98
69	63	157
69	64	101
69	65	63
69	66	21
69	67	103
69	68	136
69	69	639
69	70	21
69	71	623
69	72	437
69	73	84
69	74	35
69	75	18
69	76	136
69	77	7
69	78	77
69	79	4
69	82	2
69	83	77
69	84	77
69	85	32
69	86	4
69	87	4
69	88	4
69	89	9
69	90	11
69	91	18
69	92	70
69	93	108
69	94	75
69	95	2
70	0	160
70	1	351
70	2	1156
70	3	80
70	4	452
70	5	49
70	7	266
70	8	289
70	9	28
70	10	93
70	11	168
70	13	175
70	14	2
70	15	5
70	16	5
70	17	103
70	18	28
70	19	315
70	20	54
70	21	1976
70	22	835
70	25	331
70	26	173
70	27	219
70	29	5
70	30	602
70	31	695
70	32	2
70	33	1057
70	34	1228
70	35	2
70	36	69
70	37	93
70	38	142
70	39	95
70	41	341
70	42	615
70	43	31
70	44	628
70	45	413
70	46	450
70	47	2
70	48	258
70	49	62
70	50	377
70	51	1383
70	52	116
70	53	1057
70	54	936
70	55	884
70	56	116
70	57	1497
70	58	2121
70	59	2514
70	60	113
70	62	15
70	63	447
70	64	625
70	65	550
70	66	25
70	67	162
70	68	522
70	69	25
70	70	5043
70	71	289
70	72	460
70	73	168
70	74	28
70	75	212
70	76	711
70	77	636
70	78	183
70	79	2
70	80	72
70	83	240
70	84	245
70	85	72
70	86	36
70	87	18
70	89	2783
70	90	1854
70	91	28
70	92	369
70	93	550
70	94	95
70	95	15
71	0	261
71	1	504
71	2	66
71	3	1120
71	4	547
71	5	33
71	6	4
71	7	245
71	8	813
71	9	507
71	10	155
71	11	226
71	12	4
71	13	209
71	14	9
71	15	9
71	16	44
71	17	153
71	18	35
71	19	554
71	20	68
71	21	47
71	22	761
71	24	40
71	25	14
71	26	403
71	27	1469
71	28	4
71	29	2
71	30	1054
71	31	844
71	32	11
71	33	3162
71	34	30
71	35	58
71	36	172
71	37	448
71	38	589
71	39	124
71	40	2
71	41	51
71	42	11
71	43	122
71	44	931
71	45	469
71	46	790
71	47	68
71	48	728
71	49	101
71	50	462
71	51	903
71	52	599
71	53	37
71	54	94
71	55	1433
71	56	7
71	57	96
71	58	139
71	59	80
71	60	405
71	62	141
71	63	995
71	64	674
71	65	365
71	66	106
71	67	379
71	68	813
71	69	391
71	70	141
71	71	4271
71	72	1320
71	73	330
71	74	108
71	75	127
71	76	778
71	77	14
71	78	452
71	79	11
71	80	2
71	83	733
71	84	452
71	85	96
71	86	30
71	87	2
71	88	4
71	89	73
71	90	101
71	91	42
71	92	429
71	93	636
71	94	290
71	95	18
72	0	125
72	1	268
72	2	7
72	3	158
72	4	417
72	5	5
72	7	231
72	8	1277
72	9	113
72	10	78
72	11	312
72	12	1
72	13	166
72	14	1
72	16	17
72	17	131
72	18	17
72	19	343
72	20	37
72	21	11
72	22	270
72	25	1
72	26	704
72	27	221
72	30	567
72	31	276
72	33	622
72	34	15
72	35	39
72	36	82
72	37	80
72	38	119
72	39	84
72	41	11
72	42	7
72	43	58
72	44	559
72	45	239
72	46	525
72	47	1
72	48	319
72	49	98
72	50	219
72	51	468
72	52	188
72	53	15
72	54	31
72	55	463
72	56	1
72	57	27
72	58	37
72	59	25
72	60	312
72	62	92
72	63	498
72	64	372
72	65	143
72	66	172
72	67	380
72	68	374
72	69	88
72	70	47
72	71	535
72	72	2582
72	73	333
72	74	168
72	75	96
72	76	380
72	77	3
72	78	673
72	79	21
72	82	1
72	83	302
72	84	215
72	85	80
72	86	15
72	87	5
72	88	5
72	89	47
72	90	31
72	91	17
72	92	355
72	93	622
72	94	402
72	95	21
73	0	185
73	1	530
73	2	11
73	3	39
73	4	1317
73	5	32
73	7	462
73	8	352
73	9	28
73	10	185
73	11	930
73	12	2
73	13	716
73	14	9
73	15	2
73	16	4
73	17	342
73	18	14
73	19	725
73	20	68
73	21	32
73	22	194
73	24	4
73	25	2
73	26	326
73	27	84
73	28	4
73	30	573
73	31	183
73	33	291
73	34	11
73	35	7
73	36	37
73	37	23
73	38	65
73	39	93
73	41	2
73	42	4
73	43	211
73	44	1212
73	45	556
73	46	368
73	47	9
73	48	140
73	49	986
73	50	342
73	51	512
73	52	32
73	53	35
73	54	23
73	55	258
73	57	18
73	58	44
73	59	16
73	60	126
73	62	16
73	63	455
73	64	690
73	65	152
73	66	295
73	67	984
73	68	387
73	69	14
73	70	65
73	71	150
73	72	551
73	73	2604
73	74	51
73	75	256
73	76	514
73	77	4
73	78	178
73	79	9
73	83	110
73	84	434
73	85	178
73	86	16
73	87	2
73	89	42
73	90	28
73	91	32
73	92	1235
73	93	1484
73	94	143
73	95	11
74	0	109
74	1	162
74	2	13
74	3	68
74	4	267
74	5	8
74	7	186
74	8	868
74	9	50
74	10	46
74	11	175
74	12	2
74	13	89
74	14	13
74	16	8
74	17	92
74	18	8
74	19	217
74	20	28
74	21	8
74	22	140
74	26	765
74	27	78
74	29	2
74	30	285
74	31	120
74	32	2
74	33	318
74	34	13
74	35	37
74	36	28
74	37	24
74	38	65
74	39	37
74	41	4
74	42	2
74	43	57
74	44	355
74	45	199
74	46	324
74	47	2
74	48	171
74	49	94
74	50	151
74	51	304
74	52	68
74	53	2
74	54	8
74	55	247
74	57	13
74	58	41
74	59	21
74	60	168
74	62	37
74	63	315
74	64	212
74	65	65
74	66	129
74	67	337
74	68	272
74	69	24
74	70	17
74	71	160
74	72	844
74	73	247
74	74	605
74	75	52
74	76	254
74	77	8
74	78	304
74	79	32
74	83	118
74	84	116
74	85	98
74	86	6
74	87	2
74	88	8
74	89	28
74	90	17
74	91	8
74	92	188
74	93	454
74	94	563
74	95	6
75	0	325
75	1	1114
75	2	39
75	3	83
75	4	1726
75	5	58
75	7	2003
75	8	511
75	9	33
75	10	1153
75	11	658
75	12	8
75	13	650
75	14	4
75	15	14
75	16	8
75	17	998
75	18	132
75	19	1116
75	20	140
75	21	50
75	22	461
75	25	14
75	26	300
75	27	140
75	28	20
75	29	6
75	30	1124
75	31	348
75	32	48
75	33	541
75	34	31
75	35	6
75	36	86
75	37	62
75	38	88
75	39	295
75	41	4
75	42	8
75	43	1233
75	44	2370
75	45	11065
75	46	595
75	47	2
75	48	169
75	49	161
75	50	690
75	51	1395
75	52	83
75	53	37
75	54	71
75	55	469
75	56	4
75	57	48
75	58	75
75	59	58
75	60	146
75	61	8
75	62	20
75	63	1166
75	64	1659
75	65	530
75	66	121
75	67	885
75	68	847
75	69	27
75	70	117
75	71	258
75	72	589
75	73	864
75	74	62
75	75	3407
75	76	1340
75	77	10
75	78	262
75	79	2
75	83	226
75	84	4212
75	85	216
75	86	69
75	87	132
75	88	2
75	89	134
75	90	54
75	91	329
75	92	5417
75	93	1936
75	94	132
75	95	65
76	0	112
76	1	564
76	2	21
76	3	16
76	4	609
76	5	16
76	7	212
76	8	89
76	10	74
76	11	98
76	12	1
76	13	152
76	17	98
76	18	7
76	19	333
76	20	12
76	21	34
76	22	136
76	25	1
76	26	69
76	27	23
76	29	3
76	30	313
76	31	74
76	33	107
76	34	12
76	36	21
76	37	20
76	38	21
76	39	74
76	41	3
76	42	3
76	43	69
76	44	784
76	45	611
76	46	161
76	48	30
76	49	40
76	50	247
76	51	305
76	52	16
76	53	18
76	54	41
76	55	151
76	57	21
76	58	47
76	59	14
76	60	65
76	62	5
76	63	234
76	64	975
76	65	90
76	66	32
76	67	109
76	68	405
76	69	5
76	70	52
76	71	41
76	72	80
76	73	185
76	74	10
76	75	189
76	76	886
76	77	7
76	78	56
76	82	1
76	83	41
76	84	289
76	85	23
76	86	14
76	87	1
76	89	36
76	90	16
76	91	20
76	92	795
76	93	245
76	94	36
76	95	20
77	0	96
77	1	164
77	2	967
77	3	59
77	4	258
77	5	62
77	7	153
77	8	250
77	9	26
77	10	91
77	11	153
77	13	80
77	15	2
77	16	15
77	17	44
77	18	15
77	19	247
77	20	23
77	21	1794
77	22	448
77	25	2287
77	26	104
77	27	166
77	29	2
77	30	315
77	31	521
77	32	7
77	33	636
77	34	646
77	35	10
77	36	31
77	37	62
77	38	83
77	39	31
77	41	378
77	42	539
77	43	46
77	44	323
77	45	292
77	46	226
77	47	7
77	48	172
77	49	23
77	50	208
77	51	933
77	52	57
77	53	1116
77	54	819
77	55	558
77	56	339
77	57	959
77	58	1317
77	59	1711
77	60	99
77	62	13
77	63	331
77	64	359
77	65	359
77	66	36
77	67	242
77	68	284
77	69	15
77	70	2060
77	71	232
77	72	383
77	73	96
77	74	20
77	75	78
77	76	375
77	77	3972
77	78	73
77	79	7
77	80	245
77	83	117
77	84	258
77	85	44
77	86	33
77	87	2
77	89	1974
77	90	2052
77	91	18
77	92	179
77	93	297
77	94	33
77	95	28
78	0	159
78	1	428
78	2	8
78	3	202
78	4	737
78	5	22
78	6	2
78	7	335
78	8	1422
78	9	93
78	10	144
78	11	397
78	13	211
78	14	10
78	16	2
78	17	140
78	18	8
78	19	499
78	20	70
78	21	33
78	22	345
78	24	8
78	25	8
78	26	803
78	27	244
78	28	2
78	29	2
78	30	826
78	31	426
78	32	2
78	33	1004
78	34	20
78	35	45
78	36	138
78	37	93
78	38	252
78	39	43
78	41	8
78	42	26
78	43	113
78	44	961
78	45	376
78	46	621
78	47	22
78	48	561
78	49	118
78	50	389
78	51	544
78	52	211
78	53	18
78	54	76
78	55	739
78	57	20
78	58	68
78	59	43
78	60	418
78	62	118
78	63	760
78	64	563
78	65	215
78	66	196
78	67	484
78	68	534
78	69	62
78	70	53
78	71	671
78	72	2317
78	73	472
78	74	186
78	75	140
78	76	439
78	77	4
78	78	1489
78	79	14
78	83	536
78	84	294
78	85	93
78	86	16
78	87	4
78	88	16
78	89	60
78	90	35
78	91	35
78	92	463
78	93	768
78	94	403
78	95	16
79	0	26
79	1	29
79	2	10
79	3	23
79	4	74
79	5	10
79	7	58
79	8	198
79	9	26
79	10	44
79	11	79
79	13	29
79	14	44
79	15	2
79	16	7
79	17	37
79	18	2
79	19	44
79	20	7
79	21	10
79	22	44
79	25	2
79	26	550
79	27	44
79	30	81
79	31	81
79	33	105
79	34	5
79	35	158
79	36	2
79	37	7
79	38	18
79	39	5
79	41	2
79	43	21
79	44	95
79	45	71
79	46	87
79	47	2
79	48	55
79	49	31
79	50	39
79	51	92
79	52	29
79	53	15
79	54	21
79	55	71
79	57	5
79	58	7
79	59	7
79	60	47
79	62	18
79	63	113
79	64	63
79	65	26
79	66	71
79	67	163
79	68	89
79	69	29
79	70	18
79	71	55
79	72	283
79	73	68
79	74	34
79	75	18
79	76	92
79	77	2
79	78	60
79	79	111
79	83	34
79	84	76
79	85	31
79	87	2
79	88	44
79	89	15
79	90	10
79	91	10
79	92	68
79	93	148
79	94	31
79	95	2
80	0	23
80	1	30
80	2	178
80	3	16
80	4	20
80	5	6
80	7	20
80	8	43
80	9	3
80	10	33
80	11	40
80	13	20
80	16	3
80	17	13
80	18	6
80	19	37
80	20	10
80	21	602
80	22	80
80	25	447
80	26	23
80	27	13
80	30	50
80	31	60
80	33	100
80	34	111
80	36	3
80	37	13
80	38	3
80	39	6
80	40	6
80	41	87
80	42	90
80	43	6
80	44	63
80	45	37
80	46	30
80	47	3
80	48	23
80	49	3
80	50	26
80	51	107
80	52	6
80	53	225
80	54	144
80	55	70
80	56	87
80	57	137
80	58	164
80	59	289
80	60	10
80	62	3
80	63	30
80	64	40
80	65	53
80	66	3
80	67	20
80	68	57
80	69	3
80	70	390
80	71	33
80	72	50
80	73	16
80	74	10
80	75	6
80	76	80
80	77	1059
80	78	6
80	80	410
80	83	23
80	84	26
80	85	10
80	86	6
80	89	306
80	90	306
80	91	6
80	92	37
80	93	57
80	94	3
82	0	10
82	1	19
82	3	10
82	4	27
82	5	142
82	7	19
82	8	13
82	9	10
82	10	21
82	11	30
82	13	8
82	17	13
82	18	5
82	19	24
82	20	13
82	22	21
82	26	16
82	27	13
82	29	24
82	30	35
82	31	13
82	32	5
82	33	35
82	36	13
82	37	10
82	38	2
82	39	2
82	43	8
82	44	35
82	45	144
82	46	43
82	48	5
82	49	2
82	50	35
82	51	49
82	52	5
82	55	30
82	57	13
82	58	5
82	59	2
82	60	8
82	63	43
82	64	43
82	65	51
82	66	8
82	67	19
82	68	27
82	69	2
82	70	5
82	71	19
82	72	38
82	73	21
82	75	19
82	76	117
82	78	2
82	82	24
82	83	2
82	84	51
82	85	2
82	86	382
82	87	5
82	89	8
82	91	8
82	92	27
82	93	43
82	94	10
82	95	2
83	0	313
83	1	604
83	2	44
83	3	204
83	4	833
83	5	15
83	7	306
83	8	1141
83	9	75
83	10	144
83	11	362
83	12	2
83	13	368
83	14	11
83	15	8
83	16	11
83	17	211
83	18	33
83	19	622
83	20	53
83	21	42
83	22	710
83	24	6
83	25	4
83	26	513
83	27	306
83	30	1253
83	31	693
83	33	1524
83	34	44
83	35	26
83	36	271
83	37	148
83	38	415
83	39	144
83	41	15
83	42	26
83	43	97
83	44	1186
83	45	548
83	46	1250
83	47	13
83	48	815
83	49	137
83	50	599
83	51	1055
83	52	468
83	53	33
83	54	71
83	55	1344
83	56	6
83	57	66
83	58	151
83	59	48
83	60	822
83	62	62
83	63	984
83	64	853
83	65	424
83	66	177
83	67	633
83	68	1201
83	69	75
83	70	131
83	71	782
83	72	1350
83	73	397
83	74	95
83	75	204
83	76	784
83	77	17
83	78	664
83	79	19
83	80	4
83	82	2
83	83	1610
83	84	439
83	85	99
83	86	19
83	87	11
83	88	2
83	89	62
83	90	55
83	91	64
83	92	588
83	93	908
83	94	315
83	95	19
84	0	271
84	1	1086
84	2	33
84	3	79
84	4	1406
84	5	59
84	7	1602
84	8	589
84	9	23
84	10	2389
84	11	1078
84	12	1
84	13	694
84	14	3
84	15	19
84	16	7
84	17	1471
84	18	315
84	19	1193
84	20	166
84	21	41
84	22	559
84	23	3
84	24	1
84	25	9
84	26	293
84	27	122
84	28	9
84	29	9
84	30	1130
84	31	392
84	32	71
84	33	555
84	34	25
84	35	11
84	36	91
84	37	43
84	38	109
84	39	327
84	42	11
84	43	1582
84	44	2020
84	45	9858
84	46	668
84	47	1
84	48	174
84	49	200
84	50	618
84	51	1854
84	52	105
84	53	19
84	54	33
84	55	537
84	56	3
84	57	21
84	58	69
84	59	49
84	60	206
84	61	1
84	62	23
84	63	1035
84	64	1342
84	65	426
84	66	174
84	67	1544
84	68	846
84	69	21
84	70	115
84	71	303
84	72	674
84	73	1009
84	74	45
84	75	2013
84	76	1140
84	77	21
84	78	249
84	79	9
84	80	1
84	82	1
84	83	200
84	84	6431
84	85	424
84	86	109
84	87	132
84	89	93
84	90	63
84	91	668
84	92	6195
84	93	3189
84	94	142
84	95	31
85	0	97
85	1	313
85	2	2
85	3	42
85	4	534
85	5	18
85	7	484
85	8	294
85	9	21
85	10	553
85	11	1061
85	12	18
85	13	275
85	14	4
85	15	21
85	17	429
85	18	92
85	19	301
85	20	187
85	21	14
85	22	204
85	24	2
85	25	7
85	26	284
85	27	68
85	28	23
85	30	318
85	31	147
85	32	14
85	33	282
85	34	7
85	35	14
85	36	30
85	37	23
85	38	30
85	39	66
85	41	2
85	42	9
85	43	384
85	44	626
85	45	1291
85	46	246
85	47	4
85	48	99
85	49	180
85	50	232
85	51	365
85	52	18
85	53	9
85	54	9
85	55	211
85	57	28
85	58	26
85	59	14
85	60	113
85	62	18
85	63	470
85	64	420
85	65	144
85	66	197
85	67	2295
85	68	256
85	69	11
85	70	42
85	71	118
85	72	460
85	73	1056
85	74	73
85	75	265
85	76	275
85	77	7
85	78	168
85	79	18
85	83	75
85	84	816
85	85	2701
85	86	18
85	87	33
85	88	4
85	89	40
85	90	14
85	91	106
85	92	1196
85	93	1858
85	94	128
85	95	4
86	0	76
86	1	158
86	2	19
86	3	38
86	4	284
86	5	1118
86	7	174
86	8	126
86	9	47
86	10	275
86	11	122
86	13	131
86	14	4
86	15	7
86	16	2
86	17	79
86	18	67
86	19	213
86	20	105
86	21	35
86	22	277
86	25	7
86	26	110
86	27	81
86	28	7
86	29	328
86	30	268
86	31	165
86	32	14
86	33	294
86	34	9
86	35	4
86	36	33
86	37	21
86	38	33
86	39	38
86	41	7
86	42	19
86	43	148
86	44	265
86	45	854
86	46	198
86	47	2
86	48	74
86	49	31
86	50	170
86	51	550
86	52	50
86	53	14
86	54	23
86	55	229
86	57	23
86	58	45
86	59	62
86	60	76
86	61	2
86	62	11
86	63	182
86	64	328
86	65	354
86	66	21
86	67	205
86	68	158
86	69	19
86	70	59
86	71	93
86	72	222
86	73	112
86	74	19
86	75	150
86	76	744
86	77	38
86	78	62
86	79	7
86	80	4
86	82	59
86	83	93
86	84	399
86	85	79
86	86	3889
86	87	11
86	88	2
86	89	26
86	90	40
86	91	76
86	92	325
86	93	397
86	94	55
86	95	64
87	0	9
87	1	41
87	2	2
87	3	4
87	4	77
87	5	9
87	7	66
87	8	29
87	9	4
87	10	290
87	11	54
87	13	27
87	15	2
87	17	54
87	18	57
87	19	57
87	20	13
87	21	2
87	22	43
87	23	6
87	26	32
87	27	9
87	28	4
87	30	59
87	31	20
87	32	70
87	33	57
87	34	2
87	36	6
87	37	2
87	38	9
87	39	6
87	41	2
87	43	80
87	44	82
87	45	847
87	46	27
87	48	32
87	49	13
87	50	29
87	51	54
87	54	2
87	55	18
87	56	2
87	57	2
87	58	4
87	59	2
87	60	13
87	61	2
87	63	57
87	64	59
87	65	18
87	66	6
87	67	93
87	68	45
87	70	11
87	71	36
87	72	45
87	73	73
87	74	6
87	75	82
87	76	54
87	77	4
87	78	18
87	83	22
87	84	242
87	85	20
87	86	22
87	87	123
87	89	4
87	90	6
87	91	162
87	92	274
87	93	116
87	94	9
87	95	20
88	0	3
88	1	12
88	3	15
88	4	56
88	7	22
88	8	113
88	9	60
88	10	31
88	11	37
88	13	22
88	14	41
88	16	25
88	17	18
88	18	3
88	19	31
88	20	3
88	22	22
88	26	256
88	27	18
88	30	47
88	31	63
88	33	69
88	35	94
88	36	6
88	37	3
88	38	6
88	39	18
88	42	3
88	43	22
88	44	60
88	45	37
88	46	63
88	48	28
88	49	34
88	50	28
88	51	53
88	52	15
88	55	41
88	57	9
88	58	6
88	59	3
88	60	28
88	62	9
88	63	72
88	64	31
88	65	15
88	66	53
88	67	91
88	68	31
88	69	44
88	70	6
88	71	34
88	72	271
88	73	69
88	74	28
88	75	18
88	76	50
88	78	28
88	79	22
88	83	34
88	84	66
88	85	28
88	88	186
88	89	15
88	91	9
88	92	53
88	93	60
88	94	41
89	0	54
89	1	91
89	2	295
89	3	29
89	4	148
89	5	22
89	7	89
89	8	106
89	9	4
89	10	37
89	11	39
89	13	76
89	14	2
89	17	24
89	18	4
89	19	139
89	20	9
89	21	459
89	22	143
89	25	106
89	26	47
89	27	37
89	30	163
89	31	171
89	32	2
89	33	243
89	34	379
89	36	24
89	37	7
89	38	34
89	39	32
89	41	99
89	42	186
89	43	19
89	44	213
89	45	96
89	46	111
89	47	4
89	48	79
89	49	7
89	50	141
89	51	414
89	52	24
89	53	330
89	54	340
89	55	213
89	56	24
89	57	352
89	58	503
89	59	536
89	60	49
89	62	7
89	63	99
89	64	168
89	65	161
89	66	9
89	67	62
89	68	166
89	69	7
89	70	1064
89	71	74
89	72	121
89	73	47
89	74	12
89	75	62
89	76	193
89	77	141
89	78	39
89	80	7
89	82	2
89	83	49
89	84	86
89	85	9
89	86	4
89	89	1561
89	90	526
89	91	12
89	92	143
89	93	171
89	94	42
89	95	14
90	0	189
90	1	344
90	2	1704
90	3	75
90	4	498
90	5	45
90	7	211
90	8	375
90	9	18
90	10	147
90	11	180
90	13	239
90	14	4
90	15	2
90	16	4
90	17	125
90	18	18
90	19	427
90	20	47
90	21	1963
90	22	854
90	24	4
90	25	660
90	26	187
90	27	322
90	29	4
90	30	793
90	31	956
90	32	4
90	33	1484
90	34	869
90	35	16
90	36	83
90	37	121
90	38	161
90	39	99
90	40	4
90	41	617
90	42	702
90	43	99
90	44	745
90	45	489
90	46	605
90	47	7
90	48	322
90	49	45
90	50	406
90	51	1590
90	52	140
90	53	1377
90	54	2063
90	55	1116
90	56	201
90	57	2612
90	58	3293
90	59	3162
90	60	204
90	62	30
90	63	610
90	64	484
90	65	641
90	66	26
90	67	280
90	68	503
90	69	33
90	70	3955
90	71	396
90	72	671
90	73	216
90	74	42
90	75	194
90	76	693
90	77	1108
90	78	180
90	79	4
90	80	104
90	82	2
90	83	318
90	84	334
90	85	47
90	86	33
90	87	26
90	89	3022
90	90	4706
90	91	45
90	92	401
90	93	577
90	94	94
90	95	42
91	0	62
91	1	188
91	2	4
91	3	39
91	4	288
91	5	76
91	6	2
91	7	306
91	8	167
91	9	17
91	10	2110
91	11	288
91	12	2
91	13	162
91	14	4
91	15	112
91	17	199
91	18	1070
91	19	219
91	20	306
91	21	15
91	22	182
91	23	13
91	24	2
91	25	2
91	26	147
91	27	112
91	28	39
91	29	10
91	30	297
91	31	119
91	32	349
91	33	264
91	34	17
91	35	17
91	36	15
91	37	32
91	38	43
91	39	69
91	41	8
91	42	17
91	43	440
91	44	286
91	45	3978
91	46	165
91	47	4
91	48	60
91	49	21
91	50	121
91	51	269
91	52	34
91	53	15
91	54	15
91	55	169
91	56	6
91	57	13
91	58	30
91	59	23
91	60	84
91	61	8
91	62	17
91	63	260
91	64	245
91	65	89
91	66	47
91	67	395
91	68	225
91	69	6
91	70	32
91	71	149
91	72	254
91	73	199
91	74	19
91	75	353
91	76	251
91	77	15
91	78	99
91	79	2
91	80	4
91	82	2
91	83	60
91	84	1198
91	85	169
91	86	71
91	87	208
91	89	39
91	90	34
91	91	4714
91	92	1003
91	93	699
91	94	49
91	95	21
92	0	128
92	1	542
92	2	6
92	3	45
92	4	839
92	5	15
92	7	911
92	8	239
92	9	9
92	10	621
92	11	558
92	12	2
92	13	346
92	14	9
92	15	11
92	17	750
92	18	36
92	19	515
92	20	63
92	21	22
92	22	251
92	26	160
92	27	67
92	28	9
92	29	2
92	30	493
92	31	180
92	32	15
92	33	251
92	34	6
92	35	9
92	36	52
92	37	15
92	38	52
92	39	183
92	41	4
92	42	4
92	43	651
92	44	988
92	45	1856
92	46	334
92	48	113
92	49	106
92	50	264
92	51	416
92	52	40
92	53	13
92	54	18
92	55	223
92	57	13
92	58	31
92	59	20
92	60	140
92	62	6
92	63	583
92	64	551
92	65	146
92	66	94
92	67	694
92	68	508
92	69	6
92	70	63
92	71	99
92	72	309
92	73	456
92	74	22
92	75	658
92	76	535
92	77	11
92	78	201
92	79	2
92	83	113
92	84	1702
92	85	183
92	86	24
92	87	40
92	89	29
92	90	11
92	91	144
92	92	3317
92	93	1571
92	94	126
92	95	15
93	0	245
93	1	863
93	2	16
93	3	72
93	4	1598
93	5	30
93	7	1172
93	8	609
93	9	32
93	10	712
93	11	1907
93	12	6
93	13	1126
93	14	14
93	15	18
93	16	10
93	17	1390
93	18	86
93	19	1011
93	20	185
93	21	22
93	22	370
93	23	2
93	25	2
93	26	490
93	27	111
93	28	12
93	29	6
93	30	1031
93	31	352
93	32	18
93	33	504
93	34	16
93	35	18
93	36	80
93	37	57
93	38	80
93	39	282
93	41	4
93	42	4
93	43	1161
93	44	1670
93	45	2477
93	46	799
93	47	6
93	48	245
93	49	418
93	50	599
93	51	877
93	52	78
93	53	14
93	54	20
93	55	471
93	57	18
93	58	49
93	59	26
93	60	292
93	62	30
93	63	900
93	64	1143
93	65	245
93	66	290
93	67	2249
93	68	694
93	69	22
93	70	76
93	71	236
93	72	782
93	73	1724
93	74	74
93	75	790
93	76	844
93	77	6
93	78	393
93	79	16
93	80	4
93	83	313
93	84	1932
93	85	568
93	86	24
93	87	32
93	88	8
93	89	49
93	90	22
93	91	142
93	92	3277
93	93	5744
93	94	238
93	95	12
94	0	192
94	1	547
94	2	27
94	3	152
94	4	801
94	5	15
94	6	2
94	7	311
94	8	2797
94	9	86
94	10	158
94	11	472
94	12	2
94	13	374
94	14	15
94	15	4
94	16	9
94	17	213
94	18	22
94	19	560
94	20	63
94	21	36
94	22	413
94	23	2
94	24	6
94	26	1428
94	27	217
94	29	2
94	30	833
94	31	326
94	32	9
94	33	756
94	34	27
94	35	102
94	36	88
94	37	47
94	38	156
94	39	133
94	40	2
94	41	11
94	42	11
94	43	133
94	44	978
94	45	458
94	46	1101
94	47	11
94	48	333
94	49	202
94	50	429
94	51	690
94	52	195
94	53	22
94	54	45
94	55	526
94	56	6
94	57	31
94	58	84
94	59	38
94	60	497
94	62	63
94	63	735
94	64	731
94	65	277
94	66	315
94	67	896
94	68	856
94	69	47
94	70	79
94	71	458
94	72	2120
94	73	522
94	74	658
94	75	154
94	76	597
94	77	11
94	78	601
94	79	29
94	80	2
94	83	401
94	84	438
94	85	233
94	86	15
94	87	9
94	88	9
94	89	59
94	90	40
94	91	40
94	92	549
94	93	983
94	94	1646
94	95	18
95	0	41
95	1	128
95	2	2
95	3	2
95	4	147
95	5	73
95	7	60
95	8	36
95	9	2
95	10	93
95	11	41
95	13	45
95	15	10
95	17	50
95	18	8
95	19	87
95	20	19
95	21	2
95	22	43
95	25	4
95	26	8
95	27	30
95	28	2
95	29	6
95	30	121
95	31	30
95	32	2
95	33	78
95	34	6
95	35	2
95	36	8
95	37	10
95	38	10
95	39	23
95	42	2
95	43	47
95	44	180
95	45	417
95	46	45
95	48	21
95	49	13
95	50	84
95	51	150
95	52	6
95	53	6
95	54	6
95	55	58
95	57	10
95	58	15
95	59	15
95	60	39
95	62	2
95	63	80
95	64	189
95	65	84
95	66	15
95	67	34
95	68	115
95	69	4
95	70	36
95	71	45
95	72	52
95	73	34
95	74	2
95	75	128
95	76	265
95	77	8
95	78	28
95	83	15
95	84	145
95	85	19
95	86	39
95	87	8
95	89	21
95	90	6
95	91	15
95	92	237
95	93	95
95	94	19
95	95	156
