71	3742
0	0	79
0	1	34
0	2	14
0	5	29
0	6	24
0	7	9
0	8	14
0	9	93
0	10	19
0	11	24
0	12	44
0	13	14
0	15	54
0	17	83
0	21	9
0	22	316
0	23	9
0	24	14
0	27	24
0	30	44
0	31	34
0	33	44
0	36	4
0	38	24
0	39	19
0	41	44
0	42	4
0	43	14
0	46	9
0	47	14
0	49	9
0	51	19
0	52	14
0	53	19
0	54	19
0	55	74
0	56	39
0	57	4
0	59	14
0	60	74
0	61	4
0	63	4
0	64	4
0	69	69
1	0	17
1	1	1044
1	2	214
1	3	11
1	4	2
1	5	393
1	6	225
1	7	34
1	8	112
1	9	610
1	10	471
1	11	442
1	12	645
1	13	66
1	14	11
1	15	954
1	16	5
1	17	95
1	18	11
1	19	8
1	20	49
1	21	231
1	22	859
1	23	86
1	24	179
1	25	8
1	26	34
1	27	428
1	29	2
1	30	167
1	31	844
1	32	40
1	33	503
1	34	5
1	36	66
1	38	115
1	39	323
1	40	11
1	41	277
1	42	101
1	43	52
1	45	2
1	46	34
1	47	46
1	49	52
1	50	11
1	51	98
1	52	26
1	53	95
1	54	242
1	55	491
1	56	297
1	57	112
1	58	2
1	59	115
1	60	289
1	61	54
1	62	5
1	63	104
1	64	40
1	65	31
1	66	5
1	67	49
1	68	20
1	69	1000
2	1	85
2	2	1791
2	3	10
2	5	376
2	6	1030
2	7	93
2	8	266
2	9	200
2	10	2061
2	11	998
2	12	1164
2	13	277
2	14	34
2	15	1404
2	16	2
2	17	18
2	19	5
2	20	10
2	21	699
2	22	120
2	23	104
2	24	592
2	25	2
2	26	146
2	27	387
2	30	141
2	31	2608
2	32	85
2	33	2133
2	34	16
2	36	144
2	37	2
2	38	128
2	39	979
2	40	32
2	41	419
2	42	333
2	43	13
2	44	5
2	46	40
2	47	66
2	49	200
2	50	45
2	51	125
2	52	2
2	53	240
2	54	13
2	55	1609
2	56	56
2	57	456
2	59	483
2	60	723
2	61	194
2	63	224
2	64	61
2	65	106
2	67	106
2	68	2
2	69	643
2	70	5
3	0	3
3	1	9
3	2	6
3	3	639
3	4	55
3	5	19
3	6	16
3	7	19
3	8	22
3	9	3
3	10	19
3	11	9
3	12	12
3	13	12
3	15	25
3	16	3
3	18	6
3	21	25
3	22	3
3	23	12
3	24	9
3	26	19
3	27	9
3	28	9
3	30	9
3	31	48
3	32	9
3	33	58
3	35	9
3	37	136
3	38	12
3	39	25
3	40	3
3	41	97
3	42	12
3	43	3
3	44	3
3	46	12
3	47	6
3	50	6
3	51	587
3	53	12
3	55	48
3	56	38
3	57	12
3	58	61
3	59	38
3	60	55
3	61	6
3	63	9
3	64	12
3	65	12
3	66	3
3	67	3
3	69	12
4	1	4
4	2	12
4	3	505
4	4	288
4	5	21
4	6	12
4	7	12
4	8	8
4	9	4
4	10	46
4	11	4
4	12	21
4	13	16
4	14	8
4	15	21
4	18	8
4	21	21
4	23	12
4	24	4
4	26	16
4	27	16
4	28	4
4	30	16
4	31	46
4	32	8
4	33	55
4	35	38
4	36	4
4	37	229
4	38	29
4	39	42
4	41	55
4	46	16
4	47	8
4	50	16
4	51	267
4	53	8
4	54	4
4	55	46
4	56	12
4	57	8
4	58	305
4	59	33
4	60	25
4	61	8
4	63	8
4	64	4
4	70	4
5	1	156
5	2	1192
5	3	15
5	5	1935
5	6	1303
5	7	164
5	8	347
5	9	663
5	10	2073
5	11	2214
5	12	2057
5	13	469
5	14	34
5	15	3775
5	16	5
5	17	31
5	18	5
5	19	5
5	20	5
5	21	985
5	22	196
5	23	225
5	24	568
5	25	10
5	26	252
5	27	1338
5	28	2
5	29	2
5	30	363
5	31	3589
5	32	124
5	33	2599
5	34	31
5	36	151
5	37	7
5	38	265
5	39	1237
5	40	71
5	41	958
5	42	353
5	43	18
5	44	5
5	46	84
5	47	132
5	49	217
5	50	45
5	51	220
5	52	7
5	53	215
5	54	71
5	55	2668
5	56	95
5	57	536
5	58	10
5	59	732
5	60	1539
5	61	238
5	62	7
5	63	323
5	64	63
5	65	135
5	66	2
5	67	146
5	68	5
5	69	2822
5	70	5
6	0	5
6	1	43
6	2	562
6	3	32
6	4	7
6	5	375
6	6	4013
6	7	98
6	8	322
6	9	190
6	10	4487
6	11	545
6	12	953
6	13	940
6	14	12
6	15	1128
6	16	5
6	17	20
6	18	2
6	20	2
6	21	1503
6	22	68
6	23	337
6	24	831
6	25	5
6	26	877
6	27	370
6	28	7
6	29	5
6	30	172
6	31	1465
6	32	289
6	33	5887
6	34	15
6	36	230
6	38	144
6	39	2188
6	40	111
6	41	529
6	42	902
6	43	10
6	44	5
6	46	103
6	47	119
6	49	230
6	50	20
6	51	136
6	53	327
6	54	17
6	55	1014
6	56	53
6	57	973
6	58	5
6	59	415
6	60	621
6	61	940
6	63	448
6	64	73
6	65	174
6	66	2
6	67	245
6	69	593
7	0	3
7	1	71
7	2	269
7	3	11
7	4	7
7	5	273
7	6	776
7	7	9224
7	8	254
7	9	217
7	10	1181
7	11	314
7	12	599
7	13	198
7	14	93
7	15	978
7	16	89
7	17	22
7	18	26
7	20	14
7	21	371
7	22	52
7	23	247
7	24	232
7	26	206
7	27	296
7	28	3
7	30	161
7	31	1436
7	32	438
7	33	1289
7	34	427
7	35	3
7	36	116
7	38	1544
7	39	494
7	40	258
7	41	479
7	42	393
7	43	26
7	46	3532
7	47	641
7	49	89
7	50	179
7	51	239
7	52	11
7	53	809
7	54	59
7	55	611
7	56	63
7	57	311
7	58	7
7	59	247
7	60	224
7	61	157
7	62	3
7	63	719
7	64	2594
7	65	67
7	66	7
7	67	914
7	69	464
8	1	81
8	2	444
8	3	210
8	4	26
8	5	409
8	6	1414
8	7	204
8	8	2898
8	9	236
8	10	2655
8	11	473
8	12	1212
8	13	522
8	14	46
8	15	1890
8	16	5
8	17	43
8	18	35
8	19	20
8	20	8
8	21	1013
8	22	111
8	23	1007
8	24	359
8	25	5
8	26	382
8	27	333
8	28	2
8	29	2
8	30	747
8	31	1519
8	32	257
8	33	3137
8	34	14
8	36	119
8	37	20
8	38	143
8	39	1320
8	40	166
8	41	3166
8	42	426
8	43	26
8	44	14
8	46	108
8	47	64
8	49	134
8	50	87
8	51	1688
8	52	11
8	53	397
8	54	29
8	55	926
8	56	52
8	57	715
8	58	14
8	59	2343
8	60	2994
8	61	409
8	62	5
8	63	484
8	64	96
8	65	581
8	67	151
8	69	642
9	0	3
9	1	281
9	2	96
9	4	3
9	5	243
9	6	149
9	7	28
9	8	128
9	9	605
9	10	252
9	11	227
9	12	387
9	13	59
9	14	6
9	15	693
9	17	65
9	18	6
9	20	3
9	21	153
9	22	237
9	23	46
9	24	28
9	26	18
9	27	334
9	29	3
9	30	128
9	31	627
9	32	40
9	33	306
9	34	3
9	36	34
9	38	53
9	39	168
9	40	6
9	41	162
9	42	99
9	43	49
9	46	24
9	47	18
9	49	24
9	50	9
9	51	24
9	53	56
9	54	68
9	55	546
9	56	115
9	57	84
9	58	6
9	59	115
9	60	215
9	61	49
9	63	74
9	64	15
9	65	3
9	67	49
9	68	18
9	69	855
10	2	30
10	3	5
10	5	27
10	6	235
10	7	21
10	8	43
10	9	19
10	10	677
10	11	43
10	12	68
10	13	49
10	14	5
10	15	65
10	17	2
10	19	2
10	21	104
10	22	5
10	23	24
10	24	38
10	26	32
10	27	43
10	30	10
10	31	76
10	32	8
10	33	907
10	36	68
10	38	2
10	39	186
10	40	2
10	41	46
10	42	24
10	43	5
10	46	2
10	47	5
10	49	71
10	51	10
10	53	16
10	55	95
10	56	5
10	57	191
10	59	43
10	60	49
10	61	142
10	63	35
10	65	16
10	67	21
10	69	54
11	1	48
11	2	486
11	3	14
11	4	5
11	5	495
11	6	537
11	7	59
11	8	142
11	9	165
11	10	1004
11	11	1448
11	12	731
11	13	253
11	14	2
11	15	1203
11	16	5
11	17	17
11	19	5
11	20	14
11	21	555
11	22	51
11	23	79
11	24	222
11	26	102
11	27	432
11	28	2
11	30	96
11	31	1633
11	32	34
11	33	1084
11	34	14
11	36	91
11	37	2
11	38	85
11	39	489
11	40	22
11	41	287
11	42	219
11	43	8
11	46	28
11	47	62
11	49	76
11	50	19
11	51	85
11	52	2
11	53	59
11	54	14
11	55	984
11	56	19
11	57	239
11	59	247
11	60	572
11	61	156
11	63	125
11	64	34
11	65	65
11	67	45
11	69	700
11	70	2
12	1	36
12	2	222
12	3	14
12	5	283
12	6	474
12	7	39
12	8	156
12	9	68
12	10	711
12	11	349
12	12	1222
12	13	114
12	14	2
12	15	1357
12	16	2
12	17	9
12	18	4
12	20	2
12	21	540
12	22	24
12	23	80
12	24	166
12	26	63
12	27	266
12	28	9
12	30	124
12	31	870
12	32	44
12	33	863
12	34	22
12	35	2
12	36	53
12	38	58
12	39	567
12	40	14
12	41	278
12	42	136
12	43	7
12	46	14
12	47	26
12	49	90
12	50	2
12	51	48
12	53	48
12	54	17
12	55	709
12	56	14
12	57	215
12	58	4
12	59	315
12	60	516
12	61	102
12	63	95
12	64	44
12	65	63
12	67	46
12	69	379
13	0	2
13	1	19
13	2	199
13	3	4
13	4	7
13	5	179
13	6	971
13	7	42
13	8	149
13	9	57
13	10	1687
13	11	169
13	12	528
13	13	670
13	14	7
13	15	570
13	17	4
13	18	2
13	19	2
13	20	4
13	21	1036
13	22	14
13	23	174
13	24	184
13	26	196
13	27	94
13	30	69
13	31	705
13	32	99
13	33	2031
13	36	87
13	38	39
13	39	1248
13	40	44
13	41	236
13	42	271
13	43	4
13	44	2
13	46	32
13	47	44
13	49	97
13	50	2
13	51	84
13	53	94
13	54	24
13	55	363
13	56	19
13	57	406
13	59	191
13	60	348
13	61	266
13	63	216
13	64	24
13	65	102
13	67	49
13	69	279
14	1	19
14	2	39
14	3	19
14	4	4
14	5	33
14	6	115
14	7	77
14	8	77
14	9	33
14	10	206
14	11	42
14	12	90
14	13	53
14	14	164
14	15	223
14	17	4
14	18	19
14	19	6
14	21	82
14	22	15
14	23	42
14	24	28
14	26	55
14	27	57
14	28	11
14	30	19
14	31	214
14	32	50
14	33	274
14	34	11
14	36	19
14	37	2
14	38	33
14	39	128
14	40	44
14	41	70
14	42	44
14	43	11
14	44	53
14	46	37
14	47	24
14	49	15
14	50	93
14	51	90
14	52	2
14	53	1028
14	54	8
14	55	130
14	56	11
14	57	37
14	58	2
14	59	59
14	60	48
14	61	44
14	63	88
14	64	17
14	65	15
14	66	17
14	67	88
14	69	48
15	0	2
15	1	130
15	2	723
15	3	7
15	4	2
15	5	718
15	6	718
15	7	113
15	8	209
15	9	405
15	10	1526
15	11	882
15	12	1596
15	13	212
15	14	14
15	15	5181
15	16	4
15	17	28
15	18	4
15	19	4
15	20	19
15	21	761
15	22	137
15	23	120
15	24	257
15	26	103
15	27	571
15	30	296
15	31	1851
15	32	98
15	33	1605
15	34	7
15	36	125
15	37	4
15	38	135
15	39	909
15	40	33
15	41	588
15	42	236
15	43	26
15	44	4
15	46	72
15	47	81
15	49	147
15	50	33
15	51	142
15	52	2
15	53	96
15	54	55
15	55	1721
15	56	86
15	57	306
15	58	12
15	59	544
15	60	1005
15	61	125
15	63	209
15	64	48
15	65	62
15	66	4
15	67	96
15	68	4
15	69	1222
15	70	7
16	1	35
16	2	75
16	3	5
16	5	70
16	6	181
16	7	639
16	8	70
16	9	30
16	10	317
16	11	146
16	12	166
16	13	45
16	15	287
16	16	287
16	17	15
16	18	10
16	20	10
16	21	100
16	22	20
16	23	50
16	24	35
16	25	5
16	26	40
16	27	95
16	28	5
16	30	20
16	31	488
16	32	25
16	33	317
16	34	90
16	36	20
16	38	1088
16	39	110
16	40	40
16	41	130
16	42	55
16	43	15
16	46	327
16	47	528
16	49	30
16	50	15
16	51	45
16	53	90
16	54	10
16	55	221
16	56	30
16	57	55
16	58	5
16	59	65
16	60	40
16	61	25
16	63	80
16	64	443
16	65	5
16	66	5
16	67	60
16	69	110
17	0	54
17	1	99
17	2	40
17	5	40
17	6	99
17	7	4
17	8	22
17	9	90
17	10	90
17	11	54
17	12	108
17	13	31
17	14	4
17	15	149
17	17	145
17	20	4
17	21	77
17	22	249
17	23	9
17	24	9
17	27	95
17	30	68
17	31	122
17	33	99
17	36	13
17	38	4
17	39	49
17	40	18
17	41	54
17	42	13
17	43	4
17	46	22
17	49	9
17	51	18
17	53	22
17	54	31
17	55	40
17	56	68
17	57	22
17	59	27
17	60	113
17	61	4
17	63	13
17	64	4
17	65	4
17	67	13
17	68	4
17	69	104
18	1	15
18	2	15
18	3	242
18	5	15
18	6	25
18	7	20
18	8	50
18	9	5
18	10	30
18	11	15
18	12	50
18	14	5
18	15	20
18	17	5
18	18	101
18	21	20
18	22	5
18	23	10
18	24	10
18	26	35
18	27	15
18	28	40
18	30	5
18	31	35
18	32	15
18	33	55
18	37	5
18	38	5
18	39	15
18	40	10
18	41	50
18	42	10
18	44	5
18	46	10
18	47	10
18	49	5
18	50	25
18	51	293
18	53	121
18	55	5
18	56	5
18	57	10
18	59	10
18	60	45
18	61	5
18	63	15
18	64	10
18	65	5
18	66	15
18	67	10
18	69	35
19	1	10
19	2	26
19	3	3
19	4	3
19	5	30
19	6	40
19	7	70
19	8	53
19	9	26
19	10	47
19	11	37
19	12	50
19	13	13
19	14	3
19	15	128
19	17	3
19	18	10
19	19	229
19	21	26
19	22	53
19	23	13
19	24	16
19	26	3
19	27	10
19	28	3
19	30	97
19	31	84
19	32	3
19	33	70
19	34	3
19	36	3
19	38	23
19	39	50
19	40	10
19	41	317
19	42	6
19	43	6
19	44	6
19	46	26
19	47	6
19	49	3
19	50	10
19	51	111
19	53	33
19	54	3
19	55	60
19	56	16
19	57	10
19	58	3
19	59	229
19	60	499
19	61	13
19	62	37
19	63	13
19	64	10
19	65	16
19	67	3
19	69	43
20	1	67
20	2	16
20	5	16
20	6	11
20	7	45
20	8	50
20	9	73
20	10	39
20	11	28
20	12	118
20	13	11
20	14	11
20	15	56
20	17	22
20	20	1208
20	21	39
20	22	129
20	23	16
20	25	158
20	26	5
20	27	50
20	29	33
20	30	33
20	31	84
20	32	5
20	33	28
20	34	5
20	38	28
20	39	33
20	40	16
20	41	33
20	42	11
20	43	361
20	45	5
20	46	11
20	47	22
20	50	5
20	51	11
20	52	28
20	53	73
20	54	84
20	55	73
20	56	321
20	57	22
20	59	16
20	60	50
20	61	11
20	64	11
20	65	5
20	67	5
20	68	16
20	69	16
21	0	3
21	1	57
21	2	511
21	3	54
21	4	3
21	5	350
21	6	1814
21	7	160
21	8	370
21	9	189
21	10	3681
21	11	482
21	12	1493
21	13	1007
21	14	3
21	15	1380
21	16	6
21	17	16
21	18	6
21	19	3
21	20	12
21	21	3275
21	22	86
21	23	350
21	24	530
21	25	3
21	26	418
21	27	334
21	28	3
21	29	9
21	30	260
21	31	1213
21	32	173
21	33	4469
21	34	16
21	36	193
21	38	157
21	39	3243
21	40	109
21	41	434
21	42	592
21	43	35
21	45	3
21	46	106
21	47	90
21	49	250
21	50	48
21	51	138
21	53	270
21	54	35
21	55	1010
21	56	32
21	57	717
21	58	12
21	59	344
21	60	695
21	61	489
21	63	363
21	64	61
21	65	154
21	66	3
21	67	119
21	69	537
21	70	3
22	0	43
22	1	188
22	2	48
22	3	4
22	5	72
22	6	111
22	7	24
22	8	38
22	9	184
22	10	125
22	11	96
22	12	164
22	13	9
22	14	19
22	15	285
22	17	227
22	20	9
22	21	53
22	22	765
22	23	58
22	24	9
22	25	4
22	26	14
22	27	213
22	29	4
22	30	155
22	31	305
22	32	14
22	33	101
22	38	14
22	39	77
22	40	4
22	41	106
22	42	29
22	43	43
22	46	9
22	47	4
22	50	4
22	51	53
22	52	19
22	53	14
22	54	101
22	55	184
22	56	92
22	57	38
22	59	43
22	60	106
22	61	4
22	63	58
22	64	9
22	65	19
22	67	14
22	69	290
22	70	14
23	1	46
23	2	267
23	3	59
23	4	9
23	5	330
23	6	1242
23	7	102
23	8	753
23	9	155
23	10	2317
23	11	261
23	12	632
23	13	333
23	14	21
23	15	791
23	16	3
23	17	9
23	18	3
23	19	9
23	20	3
23	21	697
23	22	18
23	23	1398
23	24	221
23	26	214
23	27	227
23	30	230
23	31	949
23	32	193
23	33	2899
23	34	9
23	36	40
23	37	9
23	38	84
23	39	1037
23	40	112
23	41	800
23	42	370
23	43	15
23	46	74
23	47	28
23	49	84
23	50	34
23	51	429
23	53	214
23	54	3
23	55	638
23	56	15
23	57	551
23	58	3
23	59	974
23	60	909
23	61	348
23	63	342
23	64	46
23	65	594
23	67	124
23	69	566
24	0	1
24	1	41
24	2	611
24	3	11
24	5	178
24	6	949
24	7	68
24	8	180
24	9	143
24	10	1815
24	11	516
24	12	715
24	13	233
24	14	11
24	15	626
24	16	3
24	17	1
24	19	1
24	20	3
24	21	693
24	22	49
24	23	108
24	24	976
24	25	1
24	26	143
24	27	259
24	29	3
24	30	84
24	31	1304
24	32	70
24	33	2039
24	34	13
24	35	1
24	36	198
24	38	86
24	39	925
24	40	15
24	41	206
24	42	334
24	43	3
24	46	58
24	47	45
24	49	202
24	50	17
24	51	135
24	52	5
24	53	172
24	54	9
24	55	695
24	56	33
24	57	367
24	58	3
24	59	188
24	60	341
24	61	239
24	63	127
24	64	25
24	65	45
24	66	1
24	67	141
24	68	1
24	69	320
25	1	80
25	2	23
25	5	15
25	6	23
25	7	3
25	8	30
25	9	46
25	10	42
25	11	30
25	12	30
25	13	11
25	14	11
25	15	23
25	18	7
25	20	786
25	21	26
25	22	88
25	23	26
25	24	3
25	25	421
25	26	15
25	27	42
25	29	46
25	30	34
25	31	95
25	32	15
25	33	49
25	34	7
25	36	3
25	38	23
25	39	42
25	41	19
25	42	19
25	43	644
25	45	7
25	46	3
25	47	19
25	49	11
25	50	19
25	52	84
25	53	30
25	54	72
25	55	46
25	56	571
25	57	26
25	59	15
25	60	19
25	61	3
25	63	11
25	64	26
25	65	7
25	67	11
25	69	26
25	70	7
26	1	38
26	2	246
26	3	24
26	4	2
26	5	314
26	6	1394
26	7	115
26	8	278
26	9	135
26	10	2660
26	11	268
26	12	535
26	13	544
26	14	24
26	15	684
26	16	6
26	17	11
26	18	18
26	21	854
26	22	27
26	23	330
26	24	332
26	26	1629
26	27	262
26	30	140
26	31	935
26	32	327
26	33	3546
26	34	15
26	36	58
26	37	11
26	38	67
26	39	1202
26	40	135
26	41	461
26	42	544
26	43	11
26	44	15
26	46	108
26	47	47
26	49	124
26	50	108
26	51	88
26	53	325
26	54	15
26	55	567
26	56	11
26	57	635
26	58	6
26	59	354
26	60	368
26	61	1026
26	62	2
26	63	517
26	64	85
26	65	103
26	66	6
26	67	194
26	68	6
26	69	463
26	70	2
27	1	299
27	2	1292
27	3	2
27	4	2
27	5	1802
27	6	1581
27	7	206
27	8	471
27	9	902
27	10	2489
27	11	2396
27	12	2134
27	13	567
27	14	26
27	15	4012
27	16	8
27	17	90
27	18	11
27	19	5
27	20	14
27	21	1205
27	22	265
27	23	390
27	24	521
27	26	238
27	27	4828
27	28	2
27	30	497
27	31	4446
27	32	206
27	33	2979
27	34	37
27	36	198
27	37	5
27	38	267
27	39	1333
27	40	87
27	41	891
27	42	425
27	43	37
27	44	14
27	46	174
27	47	131
27	49	200
27	50	69
27	51	279
27	52	26
27	53	297
27	54	128
27	55	2801
27	56	195
27	57	579
27	58	11
27	59	821
27	60	1887
27	61	270
27	62	2
27	63	430
27	64	125
27	65	163
27	66	2
27	67	174
27	68	20
27	69	5110
27	70	5
28	3	60
28	6	4
28	7	4
28	8	4
28	14	8
28	15	16
28	18	36
28	20	4
28	21	4
28	22	4
28	26	4
28	28	12
28	31	20
28	32	4
28	33	16
28	38	4
28	39	4
28	40	4
28	41	8
28	42	4
28	44	4
28	46	4
28	47	4
28	51	40
28	53	28
28	55	4
28	56	4
28	57	4
28	60	4
28	63	8
28	66	4
29	1	22
29	5	11
29	6	5
29	8	5
29	12	11
29	15	22
29	20	86
29	22	5
29	25	22
29	29	17
29	30	5
29	33	5
29	39	5
29	40	5
29	41	5
29	43	63
29	47	5
29	54	5
29	56	34
30	0	2
30	1	163
30	2	315
30	3	110
30	4	8
30	5	655
30	6	1003
30	7	122
30	8	783
30	9	387
30	10	1146
30	11	711
30	12	1438
30	13	273
30	14	11
30	15	3132
30	16	2
30	17	83
30	18	11
30	19	20
30	20	8
30	21	482
30	22	282
30	23	410
30	24	175
30	26	181
30	27	583
30	28	14
30	29	2
30	30	2739
30	31	1352
30	32	119
30	33	1450
30	34	26
30	35	2
30	36	71
30	37	8
30	38	178
30	39	824
30	40	53
30	41	2245
30	42	262
30	43	32
30	44	2
30	46	74
30	47	56
30	49	86
30	50	38
30	51	693
30	52	5
30	53	259
30	54	41
30	55	1203
30	56	80
30	57	327
30	58	5
30	59	1509
30	60	3150
30	61	136
30	63	333
30	64	131
30	65	265
30	66	5
30	67	145
30	68	17
30	69	1194
31	1	45
31	2	713
31	3	10
31	5	426
31	6	679
31	7	80
31	8	206
31	9	150
31	10	1272
31	11	936
31	12	850
31	13	378
31	14	5
31	15	1320
31	16	2
31	17	10
31	20	5
31	21	552
31	22	83
31	23	128
31	24	327
31	25	2
31	26	99
31	27	518
31	28	2
31	30	126
31	31	2938
31	32	67
31	33	1511
31	34	2
31	36	123
31	38	150
31	39	681
31	40	40
31	41	354
31	42	241
31	43	2
31	44	2
31	46	61
31	47	64
31	49	107
31	50	21
31	51	115
31	52	2
31	53	174
31	54	34
31	55	1095
31	56	29
31	57	249
31	59	246
31	60	507
31	61	152
31	63	174
31	64	24
31	65	48
31	67	99
31	68	2
31	69	611
32	1	46
32	2	187
32	3	15
32	4	2
32	5	301
32	6	1604
32	7	213
32	8	273
32	9	130
32	10	2288
32	11	335
32	12	546
32	13	501
32	14	5
32	15	735
32	16	2
32	17	5
32	18	7
32	19	5
32	20	2
32	21	600
32	22	26
32	23	457
32	24	291
32	26	369
32	27	291
32	30	101
32	31	886
32	32	590
32	33	2291
32	34	18
32	36	23
32	38	75
32	39	881
32	40	434
32	41	434
32	42	637
32	43	7
32	44	31
32	46	117
32	47	44
32	49	54
32	50	52
32	51	85
32	52	2
32	53	351
32	54	18
32	55	488
32	56	15
32	57	460
32	59	288
32	60	475
32	61	283
32	63	969
32	64	111
32	65	150
32	66	2
32	67	304
32	68	2
32	69	530
33	0	2
33	1	16
33	2	137
33	3	6
33	4	2
33	5	82
33	6	689
33	7	45
33	8	156
33	9	80
33	10	2034
33	11	156
33	12	296
33	13	248
33	14	13
33	15	402
33	16	2
33	17	13
33	18	2
33	21	581
33	22	27
33	23	131
33	24	131
33	26	174
33	27	78
33	29	2
33	30	94
33	31	583
33	32	66
33	33	3434
33	34	4
33	36	190
33	37	2
33	38	52
33	39	1209
33	40	20
33	41	183
33	42	163
33	43	4
33	46	29
33	47	16
33	49	218
33	50	13
33	51	68
33	52	2
33	53	89
33	54	4
33	55	275
33	56	9
33	57	579
33	58	2
33	59	158
33	60	241
33	61	372
33	63	117
33	64	13
33	65	62
33	66	2
33	67	68
33	69	186
34	1	12
34	2	112
34	5	112
34	6	233
34	7	1650
34	8	50
34	9	75
34	10	492
34	11	96
34	12	213
34	13	87
34	15	292
34	16	96
34	17	20
34	18	16
34	20	8
34	21	133
34	22	12
34	23	79
34	24	62
34	26	71
34	27	87
34	28	4
34	30	45
34	31	388
34	32	121
34	33	476
34	34	776
34	36	45
34	38	981
34	39	162
34	40	33
34	41	162
34	42	75
34	43	12
34	44	4
34	46	655
34	47	685
34	49	41
34	50	29
34	51	66
34	53	183
34	54	16
34	55	204
34	56	20
34	57	75
34	59	58
34	60	108
34	61	20
34	63	208
34	64	751
34	65	16
34	67	229
34	69	154
35	1	9
35	3	53
35	4	53
35	5	4
35	7	9
35	8	4
35	21	4
35	26	4
35	33	9
35	35	19
35	37	14
35	38	4
35	39	9
35	41	24
35	51	44
35	53	4
35	54	4
35	55	4
35	56	4
35	58	102
35	60	9
35	64	9
35	69	4
35	70	4
37	3	35
37	10	2
37	28	2
37	31	5
37	37	8
37	51	2
37	53	5
37	58	2
37	59	2
37	60	2
38	0	4
38	1	48
38	2	276
38	3	4
38	5	159
38	6	315
38	7	988
38	8	155
38	9	184
38	10	770
38	11	344
38	12	504
38	13	169
38	14	29
38	15	746
38	16	218
38	17	24
38	18	24
38	20	9
38	21	305
38	22	58
38	23	111
38	24	169
38	25	4
38	26	77
38	27	203
38	28	4
38	29	4
38	30	101
38	31	1711
38	32	135
38	33	858
38	34	193
38	36	116
38	38	5536
38	39	324
38	40	87
38	41	261
38	42	169
38	43	38
38	44	9
38	46	523
38	47	2171
38	49	106
38	50	24
38	51	164
38	52	14
38	53	169
38	54	14
38	55	596
38	56	67
38	57	174
38	58	14
38	59	145
38	60	203
38	61	43
38	62	4
38	63	174
38	64	727
38	65	24
38	67	218
38	69	334
39	1	61
39	2	475
39	3	22
39	4	12
39	5	240
39	6	1496
39	7	86
39	8	273
39	9	122
39	10	4058
39	11	408
39	12	1215
39	13	620
39	14	30
39	15	914
39	16	5
39	17	17
39	18	7
39	20	2
39	21	2056
39	22	33
39	23	319
39	24	306
39	26	293
39	27	196
39	28	5
39	29	2
39	30	143
39	31	1279
39	32	145
39	33	5522
39	34	5
39	36	367
39	37	7
39	38	153
39	39	4605
39	40	56
39	41	367
39	42	515
39	43	28
39	46	91
39	47	58
39	49	349
39	50	28
39	51	201
39	53	227
39	54	22
39	55	850
39	56	33
39	57	983
39	58	10
39	59	291
39	60	613
39	61	549
39	63	234
39	64	38
39	65	97
39	66	5
39	67	135
39	69	388
40	0	5
40	1	46
40	2	176
40	3	5
40	4	2
40	5	263
40	6	1355
40	7	249
40	8	241
40	9	130
40	10	1892
40	11	233
40	12	474
40	13	398
40	14	18
40	15	601
40	16	2
40	17	2
40	20	2
40	21	507
40	22	16
40	23	300
40	24	235
40	26	219
40	27	214
40	30	92
40	31	778
40	32	493
40	33	1732
40	34	21
40	36	54
40	38	70
40	39	821
40	40	490
40	41	330
40	42	618
40	43	2
40	44	2
40	46	143
40	47	43
40	49	51
40	50	32
40	51	119
40	52	2
40	53	249
40	54	10
40	55	496
40	56	21
40	57	374
40	59	187
40	60	344
40	61	233
40	63	759
40	64	113
40	65	141
40	66	5
40	67	300
40	69	374
41	0	11
41	1	68
41	2	343
41	3	221
41	4	8
41	5	471
41	6	1460
41	7	184
41	8	1770
41	9	329
41	10	2656
41	11	539
41	12	1233
41	13	480
41	14	39
41	15	2099
41	16	17
41	17	56
41	18	11
41	19	22
41	20	14
41	21	824
41	22	119
41	23	872
41	24	204
41	25	2
41	26	323
41	27	485
41	28	14
41	29	2
41	30	943
41	31	1662
41	32	301
41	33	2923
41	34	14
41	36	107
41	37	28
41	38	133
41	39	1355
41	40	116
41	41	4756
41	42	417
41	43	17
41	44	14
41	46	85
41	47	62
41	49	99
41	50	53
41	51	1247
41	52	8
41	53	400
41	54	17
41	55	986
41	56	56
41	57	576
41	58	8
41	59	2284
41	60	3870
41	61	355
41	62	2
41	63	556
41	64	102
41	65	463
41	66	5
41	67	170
41	68	2
41	69	784
42	0	4
42	1	39
42	2	374
42	3	17
42	4	4
42	5	396
42	6	2584
42	7	132
42	8	334
42	9	152
42	10	3462
42	11	454
42	12	842
42	13	698
42	14	24
42	15	1055
42	16	2
42	17	13
42	18	4
42	20	11
42	21	1075
42	22	31
42	23	585
42	24	571
42	26	534
42	27	356
42	28	2
42	30	119
42	31	1460
42	32	394
42	33	3453
42	34	8
42	36	77
42	38	82
42	39	1434
42	40	181
42	41	465
42	42	1380
42	43	15
42	44	6
42	46	86
42	47	66
42	49	135
42	50	62
42	51	90
42	52	6
42	53	274
42	54	31
42	55	926
42	56	33
42	57	669
42	58	6
42	59	425
42	60	585
42	61	536
42	62	2
42	63	693
42	64	46
42	65	192
42	67	243
42	68	2
42	69	598
43	1	25
43	5	6
43	6	25
43	7	25
43	9	12
43	10	19
43	11	12
43	12	25
43	13	6
43	14	6
43	15	64
43	17	6
43	20	367
43	21	25
43	22	12
43	23	19
43	25	57
43	27	38
43	28	6
43	29	25
43	30	38
43	31	90
43	33	12
43	38	19
43	39	12
43	41	19
43	43	418
43	46	6
43	47	12
43	50	6
43	52	25
43	53	12
43	55	51
43	56	109
43	57	19
43	58	6
43	60	25
43	61	19
43	63	19
43	64	12
43	65	6
43	68	12
43	69	6
44	1	24
44	2	42
44	3	64
44	5	67
44	6	276
44	7	112
44	8	115
44	9	45
44	10	252
44	11	118
44	12	123
44	13	88
44	14	225
44	15	204
44	16	2
44	17	8
44	18	32
44	20	2
44	21	107
44	22	8
44	23	67
44	24	21
44	26	112
44	27	88
44	28	21
44	29	2
44	30	59
44	31	268
44	32	77
44	33	341
44	34	5
44	36	16
44	38	64
44	39	209
44	40	99
44	41	142
44	42	80
44	43	5
44	44	158
44	46	45
44	47	16
44	49	10
44	50	166
44	51	99
44	52	2
44	53	1498
44	54	21
44	55	190
44	56	16
44	57	69
44	58	5
44	59	85
44	60	112
44	61	42
44	63	134
44	64	59
44	65	24
44	66	104
44	67	72
44	69	104
45	1	9
45	6	18
45	9	9
45	11	9
45	12	9
45	13	9
45	15	37
45	17	9
45	20	9
45	21	9
45	52	37
45	56	84
45	57	9
45	69	28
46	0	3
46	1	69
46	2	288
46	4	7
46	5	226
46	6	637
46	7	6061
46	8	261
46	9	145
46	10	864
46	11	295
46	12	530
46	13	157
46	14	84
46	15	860
46	16	53
46	17	11
46	18	7
46	19	3
46	21	288
46	22	72
46	23	265
46	24	172
46	26	230
46	27	234
46	28	3
46	29	3
46	30	130
46	31	987
46	32	453
46	33	964
46	34	345
46	35	3
46	36	65
46	38	1110
46	39	407
46	40	218
46	41	361
46	42	437
46	43	49
46	44	19
46	46	4256
46	47	380
46	49	103
46	50	169
46	51	180
46	52	7
46	53	691
46	54	34
46	55	518
46	56	30
46	57	238
46	58	3
46	59	215
46	60	222
46	61	115
46	63	549
46	64	1567
46	65	19
46	67	722
46	69	391
46	70	3
47	0	9
47	1	51
47	2	299
47	3	9
47	4	9
47	5	214
47	6	392
47	7	939
47	8	182
47	9	219
47	10	817
47	11	387
47	12	612
47	13	126
47	14	28
47	15	747
47	16	140
47	17	23
47	18	4
47	19	9
47	20	18
47	21	233
47	22	18
47	23	135
47	24	158
47	26	56
47	27	200
47	28	14
47	30	144
47	31	2005
47	32	84
47	33	948
47	34	233
47	36	79
47	38	5552
47	39	308
47	40	46
47	41	322
47	42	144
47	43	18
47	46	509
47	47	5164
47	49	60
47	50	18
47	51	135
47	53	168
47	54	51
47	55	659
47	56	65
47	57	149
47	58	23
47	59	177
47	60	238
47	61	60
47	62	4
47	63	261
47	64	476
47	65	56
47	66	4
47	67	154
47	69	458
48	1	17
48	6	11
48	7	17
48	10	22
48	13	5
48	15	17
48	16	5
48	21	11
48	30	5
48	31	45
48	32	5
48	38	51
48	39	17
48	41	11
48	46	11
48	47	17
48	53	5
48	57	5
48	60	5
48	63	5
48	64	5
48	69	11
50	1	16
50	2	64
50	3	11
50	4	4
50	5	34
50	6	101
50	7	85
50	8	43
50	9	29
50	10	248
50	11	64
50	12	85
50	13	43
50	14	48
50	15	152
50	16	2
50	17	2
50	18	9
50	21	71
50	22	2
50	23	18
50	24	62
50	26	92
50	27	48
50	28	2
50	30	4
50	31	200
50	32	18
50	33	359
50	34	4
50	35	2
50	36	20
50	37	2
50	38	29
50	39	138
50	40	27
50	41	66
50	42	46
50	43	6
50	44	9
50	46	43
50	47	11
50	49	20
50	50	145
50	51	20
50	53	548
50	55	108
50	56	6
50	57	41
50	58	6
50	59	25
50	60	69
50	61	66
50	63	78
50	64	20
50	65	18
50	66	11
50	67	25
50	69	80
51	1	41
51	2	115
51	3	1439
51	4	68
51	5	124
51	6	276
51	7	94
51	8	691
51	9	106
51	10	525
51	11	148
51	12	311
51	13	106
51	14	20
51	15	403
51	16	2
51	17	8
51	18	62
51	19	11
51	20	2
51	21	278
51	22	38
51	23	216
51	24	100
51	26	77
51	27	94
51	28	14
51	29	2
51	30	237
51	31	546
51	32	26
51	33	649
51	34	8
51	35	14
51	36	77
51	37	89
51	38	121
51	39	350
51	40	26
51	41	925
51	42	71
51	43	32
51	44	5
51	46	77
51	47	29
51	49	65
51	50	44
51	51	3902
51	53	115
51	54	32
51	55	353
51	56	59
51	57	127
51	58	100
51	59	596
51	60	902
51	61	65
51	62	2
51	63	80
51	64	44
51	65	169
51	66	5
51	67	59
51	68	2
51	69	178
52	1	75
52	2	20
52	4	13
52	5	34
52	6	75
52	7	13
52	8	6
52	9	34
52	10	13
52	11	96
52	12	34
52	13	6
52	14	20
52	15	34
52	17	6
52	20	178
52	21	54
52	22	34
52	23	13
52	25	34
52	26	13
52	27	54
52	29	6
52	30	48
52	31	109
52	32	6
52	33	48
52	36	13
52	38	75
52	39	41
52	41	54
52	42	13
52	43	41
52	45	20
52	46	27
52	47	6
52	49	13
52	51	13
52	52	240
52	53	20
52	54	48
52	55	48
52	56	507
52	57	6
52	59	20
52	60	61
52	61	13
52	63	13
52	64	20
52	67	6
52	68	6
52	69	89
53	0	6
53	1	52
53	2	230
53	3	23
53	4	9
53	5	167
53	6	687
53	7	340
53	8	177
53	9	112
53	10	887
53	11	280
53	12	361
53	13	135
53	14	289
53	15	641
53	17	6
53	18	66
53	19	2
53	20	6
53	21	349
53	22	41
53	23	158
53	24	172
53	26	287
53	27	170
53	28	25
53	30	174
53	31	809
53	32	234
53	33	1267
53	34	23
53	35	2
53	36	59
53	37	4
53	38	121
53	39	547
53	40	126
53	41	326
53	42	207
53	43	36
53	44	78
53	46	163
53	47	46
53	49	69
53	50	404
53	51	161
53	52	2
53	53	3404
53	54	48
53	55	494
53	56	32
53	57	234
53	58	4
53	59	195
53	60	287
53	61	202
53	63	418
53	64	112
53	65	64
53	66	43
53	67	292
53	69	363
54	1	308
54	2	49
54	3	3
54	5	88
54	6	52
54	7	13
54	8	9
54	9	219
54	10	39
54	11	52
54	12	72
54	13	19
54	14	13
54	15	193
54	16	3
54	17	52
54	18	3
54	20	9
54	21	58
54	22	226
54	23	22
54	24	22
54	25	6
54	26	9
54	27	72
54	29	13
54	30	19
54	31	199
54	32	13
54	33	68
54	36	3
54	38	16
54	39	32
54	41	52
54	42	13
54	43	32
54	46	3
54	47	9
54	49	6
54	51	19
54	52	3
54	53	13
54	54	330
54	55	104
54	56	88
54	57	29
54	59	36
54	60	42
54	61	6
54	63	49
54	64	9
54	65	3
54	67	26
54	68	3
54	69	193
55	0	5
55	1	122
55	2	1479
55	3	18
55	4	5
55	5	957
55	6	1383
55	7	122
55	8	439
55	9	454
55	10	2620
55	11	1798
55	12	1720
55	13	475
55	14	20
55	15	3268
55	16	10
55	17	47
55	18	7
55	19	5
55	20	33
55	21	1059
55	22	135
55	23	261
55	24	590
55	26	243
55	27	912
55	28	10
55	29	2
55	30	287
55	31	3849
55	32	133
55	33	3114
55	34	20
55	36	177
55	37	7
55	38	258
55	39	1289
55	40	62
55	41	815
55	42	465
55	43	15
55	44	10
55	46	81
55	47	135
55	49	185
55	50	52
55	51	172
55	52	10
55	53	237
55	54	54
55	55	3357
55	56	81
55	57	556
55	58	2
55	59	669
55	60	1160
55	61	300
55	63	363
55	64	83
55	65	125
55	67	183
55	68	7
55	69	1448
56	0	20
56	1	248
56	2	71
56	3	5
56	5	253
56	6	101
56	7	60
56	8	81
56	9	370
56	10	162
56	11	157
56	12	167
56	13	60
56	14	15
56	15	253
56	17	25
56	18	5
56	19	5
56	20	111
56	21	91
56	22	152
56	23	15
56	24	20
56	25	60
56	26	55
56	27	269
56	29	35
56	30	182
56	31	264
56	32	20
56	33	198
56	34	10
56	36	20
56	38	55
56	39	126
56	40	20
56	41	116
56	42	45
56	43	172
56	46	35
56	47	25
56	49	10
56	50	25
56	51	30
56	52	157
56	53	40
56	54	172
56	55	147
56	56	1853
56	57	35
56	59	66
56	60	126
56	61	25
56	63	60
56	64	25
56	65	20
56	67	10
56	68	35
56	69	507
56	70	25
57	0	2
57	1	15
57	2	100
57	5	82
57	6	469
57	7	20
57	8	82
57	9	30
57	10	817
57	11	102
57	12	178
57	13	163
57	15	263
57	21	250
57	22	5
57	23	120
57	24	85
57	26	105
57	27	55
57	30	35
57	31	280
57	32	37
57	33	1394
57	36	37
57	37	2
57	38	20
57	39	539
57	40	25
57	41	145
57	42	122
57	43	2
57	46	22
57	47	7
57	49	70
57	50	5
57	51	27
57	53	55
57	54	2
57	55	158
57	56	5
57	57	353
57	59	102
57	60	160
57	61	132
57	63	115
57	64	10
57	65	57
57	67	32
57	69	112
58	1	4
58	3	43
58	4	43
58	7	4
58	10	4
58	12	4
58	30	4
58	33	4
58	35	14
58	37	9
58	38	4
58	41	9
58	43	9
58	46	4
58	51	23
58	56	4
58	57	14
58	58	57
58	59	9
59	1	40
59	2	146
59	3	77
59	5	160
59	6	622
59	7	83
59	8	863
59	9	123
59	10	886
59	11	189
59	12	470
59	13	160
59	14	20
59	15	875
59	16	5
59	17	14
59	18	14
59	19	14
59	20	2
59	21	344
59	22	40
59	23	315
59	24	131
59	26	140
59	27	157
59	28	2
59	30	295
59	31	634
59	32	86
59	33	1276
59	34	17
59	36	51
59	37	17
59	38	80
59	39	467
59	40	63
59	41	1517
59	42	123
59	43	17
59	44	2
59	46	37
59	47	28
59	49	57
59	50	43
59	51	542
59	53	169
59	54	17
59	55	401
59	56	20
59	57	232
59	58	2
59	59	2126
59	60	1365
59	61	123
59	62	8
59	63	186
59	64	34
59	65	238
59	66	14
59	67	51
59	69	241
60	0	11
60	1	132
60	2	695
60	3	195
60	4	13
60	5	639
60	6	1652
60	7	217
60	8	2016
60	9	479
60	10	2509
60	11	799
60	12	1751
60	13	515
60	14	41
60	15	3483
60	16	13
60	17	104
60	18	30
60	19	68
60	20	8
60	21	1012
60	22	259
60	23	1017
60	24	297
60	26	350
60	27	672
60	28	11
60	29	2
60	30	2074
60	31	2013
60	32	231
60	33	2838
60	34	41
60	36	129
60	37	30
60	38	275
60	39	1494
60	40	176
60	41	6161
60	42	466
60	43	30
60	44	11
60	46	126
60	47	113
60	49	165
60	50	118
60	51	2131
60	52	5
60	53	504
60	54	63
60	55	1732
60	56	107
60	57	623
60	58	19
60	59	3855
60	60	8651
60	61	215
60	62	30
60	63	612
60	64	146
60	65	617
60	66	11
60	67	193
60	68	5
60	69	1312
61	0	2
61	1	23
61	2	126
61	3	21
61	4	5
61	5	139
61	6	795
61	7	39
61	8	78
61	9	39
61	10	1653
61	11	107
61	12	176
61	13	234
61	14	5
61	15	315
61	16	5
61	17	7
61	19	5
61	20	2
61	21	384
61	22	26
61	23	129
61	24	152
61	25	2
61	26	373
61	27	102
61	30	39
61	31	379
61	32	78
61	33	2377
61	36	50
61	37	10
61	38	31
61	39	595
61	40	23
61	41	142
61	42	221
61	43	5
61	44	2
61	46	39
61	47	10
61	49	73
61	50	18
61	51	36
61	53	63
61	54	2
61	55	255
61	56	10
61	57	281
61	58	2
61	59	92
61	60	189
61	61	1087
61	63	110
61	64	21
61	65	94
61	66	5
61	67	28
61	69	165
62	0	3
62	1	12
62	2	9
62	3	6
62	5	6
62	6	25
62	7	18
62	8	34
62	9	9
62	10	28
62	11	6
62	12	12
62	13	9
62	14	3
62	15	34
62	18	3
62	19	104
62	21	9
62	22	25
62	23	9
62	24	3
62	26	6
62	27	12
62	30	31
62	31	18
62	32	3
62	33	44
62	36	3
62	38	3
62	39	18
62	41	154
62	42	3
62	44	3
62	46	15
62	49	6
62	50	6
62	51	53
62	53	3
62	54	6
62	55	15
62	56	3
62	57	15
62	59	91
62	60	237
62	61	6
62	62	18
62	63	3
62	64	9
62	65	12
62	67	6
62	68	3
62	69	31
63	0	2
63	1	50
63	2	291
63	3	5
63	4	2
63	5	342
63	6	1749
63	7	214
63	8	355
63	9	101
63	10	2498
63	11	449
63	12	703
63	13	644
63	14	24
63	15	901
63	16	5
63	17	10
63	18	2
63	19	5
63	20	5
63	21	805
63	22	34
63	23	500
63	24	329
63	26	433
63	27	409
63	30	179
63	31	1043
63	32	601
63	33	2686
63	34	18
63	36	32
63	37	2
63	38	53
63	39	1064
63	40	358
63	41	484
63	42	783
63	43	8
63	44	2
63	46	93
63	47	61
63	49	56
63	50	53
63	51	98
63	53	441
63	54	16
63	55	601
63	56	29
63	57	535
63	58	10
63	59	390
63	60	612
63	61	409
63	63	1137
63	64	136
63	65	155
63	66	5
63	67	313
63	69	596
63	70	2
64	1	35
64	2	164
64	4	7
64	5	164
64	6	489
64	7	4711
64	8	113
64	9	133
64	10	756
64	11	274
64	12	427
64	13	141
64	14	70
64	15	611
64	16	97
64	17	31
64	18	19
64	19	3
64	20	3
64	21	223
64	22	19
64	23	270
64	24	141
64	26	105
64	27	211
64	30	109
64	31	733
64	32	246
64	33	854
64	34	493
64	36	58
64	37	3
64	38	1328
64	39	388
64	40	184
64	41	333
64	42	211
64	43	35
64	44	15
64	46	1924
64	47	623
64	49	97
64	50	78
64	51	117
64	52	3
64	53	376
64	54	23
64	55	344
64	56	31
64	57	160
64	58	3
64	59	172
64	60	199
64	61	54
64	62	3
64	63	399
64	64	2500
64	65	39
64	66	3
64	67	419
64	69	286
65	1	31
65	2	254
65	3	80
65	4	3
65	5	313
65	6	1826
65	7	149
65	8	1068
65	9	155
65	10	3249
65	11	441
65	12	888
65	13	428
65	14	24
65	15	1267
65	16	3
65	17	21
65	18	3
65	19	6
65	21	857
65	22	27
65	23	1435
65	24	307
65	25	9
65	26	242
65	27	304
65	30	363
65	31	1087
65	32	214
65	33	3367
65	34	12
65	36	111
65	37	15
65	38	136
65	39	1217
65	40	102
65	41	1158
65	42	643
65	43	12
65	44	6
65	46	71
65	47	68
65	49	152
65	50	43
65	51	748
65	53	292
65	54	9
65	55	801
65	56	21
65	57	630
65	59	956
65	60	1426
65	61	363
65	62	9
65	63	403
65	64	65
65	65	1301
65	66	9
65	67	139
65	69	543
65	70	3
66	1	20
66	2	37
66	3	33
66	5	67
66	6	94
66	7	94
66	8	43
66	9	33
66	10	104
66	11	91
66	12	64
66	13	30
66	14	108
66	15	209
66	16	3
66	18	33
66	19	3
66	21	74
66	22	10
66	23	43
66	24	27
66	26	47
66	27	54
66	28	6
66	30	33
66	31	155
66	32	30
66	33	159
66	34	3
66	35	3
66	36	6
66	38	47
66	39	115
66	40	57
66	41	84
66	42	67
66	43	13
66	44	77
66	46	43
66	47	13
66	49	6
66	50	175
66	51	67
66	53	1201
66	54	16
66	55	77
66	56	6
66	57	37
66	58	3
66	59	43
66	60	47
66	61	16
66	62	6
66	63	121
66	64	30
66	65	20
66	66	172
66	67	47
66	69	64
66	70	6
67	0	3
67	1	54
67	2	98
67	3	6
67	4	3
67	5	88
67	6	653
67	7	238
67	8	85
67	9	81
67	10	759
67	11	153
67	12	153
67	13	129
67	14	6
67	15	364
67	17	6
67	18	3
67	20	3
67	21	282
67	22	27
67	23	85
67	24	112
67	26	160
67	27	98
67	30	102
67	31	354
67	32	292
67	33	793
67	34	3
67	36	34
67	38	74
67	39	350
67	40	183
67	41	173
67	42	187
67	43	3
67	46	126
67	47	44
67	49	27
67	50	37
67	51	108
67	53	197
67	54	3
67	55	204
67	56	10
67	57	160
67	59	143
67	60	160
67	61	187
67	63	524
67	64	112
67	65	37
67	66	13
67	67	524
67	69	224
68	0	6
68	1	27
68	2	10
68	5	17
68	6	41
68	8	23
68	9	47
68	10	51
68	11	37
68	12	78
68	15	78
68	17	34
68	20	3
68	21	23
68	22	185
68	23	10
68	24	3
68	26	6
68	27	44
68	30	54
68	31	75
68	33	54
68	36	6
68	38	3
68	39	27
68	40	13
68	41	51
68	42	6
68	43	10
68	46	3
68	47	17
68	49	6
68	51	17
68	53	3
68	54	6
68	55	27
68	56	13
68	57	17
68	59	17
68	60	61
68	61	6
68	63	10
68	68	23
68	69	44
69	1	171
69	2	322
69	3	15
69	5	953
69	6	624
69	7	87
69	8	135
69	9	419
69	10	633
69	11	552
69	12	781
69	13	208
69	14	6
69	15	1454
69	16	3
69	17	24
69	18	3
69	19	9
69	20	12
69	21	301
69	22	66
69	23	135
69	24	150
69	26	120
69	27	1007
69	30	159
69	31	1261
69	32	84
69	33	754
69	34	9
69	36	36
69	37	3
69	38	90
69	39	307
69	40	45
69	41	328
69	42	141
69	43	15
69	46	42
69	47	27
69	49	30
69	50	45
69	51	87
69	52	12
69	53	87
69	54	36
69	55	1004
69	56	57
69	57	190
69	58	3
69	59	316
69	60	796
69	61	63
69	63	187
69	64	45
69	65	39
69	67	66
69	68	6
69	69	2513
70	0	24
70	1	138
70	2	12
70	5	36
70	6	12
70	7	12
70	8	30
70	9	54
70	10	48
70	11	48
70	12	78
70	13	18
70	15	120
70	18	6
70	20	54
70	21	36
70	22	150
70	23	24
70	24	6
70	25	12
70	26	24
70	27	54
70	30	12
70	31	114
70	33	90
70	34	12
70	38	18
70	39	72
70	40	30
70	41	72
70	42	24
70	43	90
70	46	12
70	47	24
70	49	6
70	51	6
70	52	6
70	53	12
70	54	24
70	55	60
70	56	396
70	57	6
70	59	24
70	60	42
70	63	6
70	64	12
70	65	6
70	67	12
70	68	18
70	69	144
70	70	132
