28	719
0	0	1431
0	1	103
0	2	11
0	3	1155
0	4	714
0	5	410
0	6	1434
0	7	1721
0	8	5
0	9	412
0	10	117
0	11	532
0	12	1487
0	13	1805
0	14	460
0	15	2
0	16	125
0	17	16
0	18	279
0	19	558
0	20	630
0	21	814
0	22	351
0	23	940
0	24	106
0	25	276
0	26	357
0	27	1953
1	0	17
1	1	261
1	3	92
1	4	219
1	5	4
1	6	500
1	7	551
1	9	207
1	10	29
1	11	202
1	12	522
1	13	51
1	14	204
1	16	48
1	18	124
1	19	73
1	20	209
1	21	353
1	22	17
1	23	544
1	24	56
1	25	12
1	26	173
1	27	17
2	1	18
2	2	218
2	3	93
2	4	187
2	5	18
2	6	168
2	7	262
2	9	31
2	10	12
2	11	118
2	12	193
2	13	24
2	14	62
2	15	24
2	16	12
2	18	37
2	19	118
2	20	87
2	21	62
2	22	93
2	23	74
2	24	12
2	25	24
2	26	56
2	27	37
3	0	416
3	1	399
3	2	2
3	3	5231
3	4	1854
3	5	196
3	6	4348
3	7	4932
3	9	1581
3	10	416
3	11	1299
3	12	5284
3	13	1725
3	14	1493
3	15	32
3	16	308
3	17	2
3	18	1144
3	19	1267
3	20	1502
3	21	2206
3	22	214
3	23	2890
3	24	313
3	25	437
3	26	1326
3	27	1299
4	0	120
4	1	643
4	2	12
4	3	1331
4	4	4332
4	5	39
4	6	4184
4	7	6937
4	9	1370
4	10	241
4	11	2581
4	12	4099
4	13	422
4	14	1337
4	15	105
4	16	498
4	18	935
4	19	2514
4	20	2212
4	21	2529
4	22	150
4	23	3145
4	24	540
4	25	510
4	26	1249
4	27	156
5	0	574
5	1	47
5	2	4
5	3	981
5	4	334
5	5	1984
5	6	728
5	7	921
5	8	25
5	9	210
5	10	120
5	11	338
5	12	1101
5	13	1654
5	14	274
5	15	25
5	16	102
5	17	42
5	18	197
5	19	377
5	20	398
5	21	428
5	22	368
5	23	342
5	24	64
5	25	128
5	26	300
5	27	5011
6	0	207
6	1	1014
6	2	13
6	3	3338
6	4	4420
6	5	110
6	6	8214
6	7	9172
6	9	2340
6	10	495
6	11	2829
6	12	7595
6	13	934
6	14	2290
6	15	110
6	16	569
6	18	1838
6	19	3188
6	20	2990
6	21	3991
6	22	321
6	23	5344
6	24	797
6	25	1021
6	26	2046
6	27	448
7	0	90
7	1	597
7	2	6
7	3	828
7	4	2082
7	5	18
7	6	2397
7	7	6453
7	9	1188
7	10	255
7	11	2730
7	12	2562
7	13	255
7	14	1431
7	15	66
7	16	444
7	18	909
7	19	1527
7	20	2247
7	21	2568
7	22	81
7	23	2304
7	24	456
7	25	315
7	26	1038
7	27	114
8	0	5
8	3	28
8	4	17
8	5	45
8	6	5
8	7	28
8	8	5
8	9	11
8	11	11
8	12	17
8	13	17
8	14	11
8	16	5
8	18	5
8	19	17
8	20	5
8	21	22
8	22	11
8	23	17
8	25	5
8	27	143
9	0	92
9	1	223
9	3	483
9	4	562
9	5	20
9	6	1757
9	7	1709
9	8	3
9	9	3061
9	10	384
9	11	717
9	12	1348
9	13	151
9	14	2251
9	15	10
9	16	147
9	18	1623
9	19	363
9	20	792
9	21	1396
9	22	48
9	23	892
9	24	106
9	25	106
9	26	1290
9	27	85
10	0	55
10	1	186
10	3	713
10	4	574
10	5	20
10	6	1550
10	7	1727
10	9	2201
10	10	1166
10	11	602
10	12	1484
10	13	183
10	14	1796
10	15	20
10	16	96
10	18	1415
10	19	498
10	20	671
10	21	1412
10	22	51
10	23	944
10	24	96
10	25	152
10	26	972
10	27	93
11	0	71
11	1	500
11	2	39
11	3	816
11	4	2367
11	5	26
11	6	2868
11	7	6956
11	9	1580
11	10	263
11	11	7034
11	12	2754
11	13	266
11	14	2013
11	15	35
11	16	861
11	17	3
11	18	917
11	19	2253
11	20	2783
11	21	2910
11	22	188
11	23	2318
11	24	439
11	25	338
11	26	1378
11	27	175
12	0	198
12	1	826
12	2	3
12	3	3311
12	4	2215
12	5	61
12	6	4568
12	7	5063
12	9	2367
12	10	563
12	11	1764
12	12	6991
12	13	801
12	14	2448
12	15	46
12	16	309
12	18	1730
12	19	1352
12	20	1937
12	21	2983
12	22	176
12	23	3936
12	24	377
12	25	389
12	26	2101
12	27	507
13	0	990
13	1	256
13	2	5
13	3	3804
13	4	1310
13	5	509
13	6	2816
13	7	3479
13	8	2
13	9	800
13	10	282
13	11	1033
13	12	3404
13	13	5118
13	14	1091
13	15	25
13	16	192
13	17	17
13	18	757
13	19	1048
13	20	1160
13	21	1656
13	22	262
13	23	1756
13	24	210
13	25	385
13	26	875
13	27	3099
14	0	92
14	1	475
14	3	897
14	4	1242
14	5	31
14	6	2970
14	7	3917
14	9	2991
14	10	571
14	11	1706
14	12	2487
14	13	287
14	14	9610
14	15	17
14	16	344
14	18	2817
14	19	837
14	20	1884
14	21	3236
14	22	113
14	23	2061
14	24	191
14	25	202
14	26	1650
14	27	113
15	0	21
15	1	37
15	3	96
15	4	292
15	5	6
15	6	314
15	7	480
15	9	127
15	10	34
15	11	370
15	12	261
15	13	31
15	14	196
15	15	152
15	16	140
15	18	84
15	19	349
15	20	165
15	21	218
15	22	46
15	23	261
15	24	24
15	25	74
15	26	74
15	27	28
16	0	75
16	1	389
16	2	18
16	3	616
16	4	1827
16	5	30
16	6	2133
16	7	4535
16	9	1017
16	10	136
16	11	4751
16	12	1940
16	13	204
16	14	1690
16	15	124
16	16	2269
16	18	631
16	19	1982
16	20	1717
16	21	2031
16	22	136
16	23	1793
16	24	242
16	25	242
16	26	839
16	27	136
17	0	11
17	3	31
17	4	11
17	5	71
17	6	15
17	7	15
17	11	3
17	12	27
17	13	67
17	14	3
17	16	7
17	20	7
17	21	3
17	22	3
17	23	3
17	25	7
17	26	11
17	27	170
18	0	77
18	1	315
18	3	829
18	4	1085
18	5	22
18	6	2891
18	7	2953
18	9	3063
18	10	454
18	11	1284
18	12	2120
18	13	245
18	14	4365
18	15	33
18	16	223
18	18	4054
18	19	803
18	20	1401
18	21	2340
18	22	66
18	23	1474
18	24	201
18	25	223
18	26	1397
18	27	99
19	0	115
19	1	501
19	2	9
19	3	1239
19	4	3385
19	5	45
19	6	3826
19	7	6275
19	9	1422
19	10	246
19	11	3190
19	12	3461
19	13	440
19	14	1549
19	15	227
19	16	954
19	18	975
19	19	4315
19	20	2221
19	21	2248
19	22	343
19	23	2653
19	24	428
19	25	638
19	26	1376
19	27	200
20	0	80
20	1	693
20	2	3
20	3	711
20	4	1614
20	5	43
20	6	2950
20	7	5140
20	9	1432
20	10	271
20	11	2350
20	12	2553
20	13	267
20	14	1983
20	15	40
20	16	378
20	18	927
20	19	1124
20	20	4226
20	21	3560
20	22	113
20	23	2464
20	24	378
20	25	249
20	26	1379
20	27	89
21	0	72
21	1	679
21	2	3
21	3	538
21	4	1129
21	5	26
21	6	2637
21	7	3053
21	9	1091
21	10	129
21	11	1118
21	12	2140
21	13	156
21	14	2007
21	15	34
21	16	209
21	18	755
21	19	572
21	20	1843
21	21	3190
21	22	57
21	23	2026
21	24	339
21	25	190
21	26	1076
21	27	106
22	0	372
22	1	118
22	2	12
22	3	822
22	4	1263
22	5	218
22	6	1803
22	7	2153
22	8	3
22	9	498
22	10	80
22	11	928
22	12	1629
22	13	700
22	14	482
22	15	90
22	16	212
22	17	3
22	18	408
22	19	954
22	20	713
22	21	1038
22	22	1655
22	23	1195
22	24	141
22	25	941
22	26	469
22	27	675
23	0	39
23	1	195
23	2	3
23	3	279
23	4	661
23	5	6
23	6	916
23	7	993
23	9	388
23	10	46
23	11	338
23	12	1252
23	13	79
23	14	358
23	15	9
23	16	73
23	18	209
23	19	405
23	20	418
23	21	634
23	22	39
23	23	1547
23	24	116
23	25	56
23	26	345
23	27	33
24	0	36
24	1	358
24	3	214
24	4	647
24	5	12
24	6	779
24	7	1641
24	9	291
24	10	46
24	11	453
24	12	923
24	13	76
24	14	613
24	15	9
24	16	92
24	18	202
24	19	211
24	20	733
24	21	1061
24	22	30
24	23	1024
24	24	518
24	25	39
24	26	355
24	27	55
25	0	144
25	1	235
25	2	5
25	3	916
25	4	1700
25	5	49
25	6	2463
25	7	3193
25	9	574
25	10	164
25	11	1181
25	12	2277
25	13	374
25	14	727
25	15	76
25	16	347
25	18	505
25	19	1263
25	20	1006
25	21	1246
25	22	377
25	23	1569
25	24	183
25	25	1534
25	26	672
25	27	213
26	0	151
26	1	777
26	2	3
26	3	1432
26	4	1730
26	5	35
26	6	4887
26	7	4361
26	9	3472
26	10	547
26	11	1723
26	12	3757
26	13	421
26	14	3062
26	15	35
26	16	277
26	17	3
26	18	2274
26	19	1158
26	20	2317
26	21	3397
26	22	129
26	23	2936
26	24	424
26	25	266
26	26	3418
26	27	205
27	0	722
27	1	89
27	3	1421
27	4	594
27	5	1383
27	6	1142
27	7	1569
27	8	11
27	9	334
27	10	112
27	11	388
27	12	1507
27	13	2653
27	14	361
27	15	7
27	16	104
27	17	38
27	18	291
27	19	380
27	20	528
27	21	609
27	22	143
27	23	575
27	24	85
27	25	256
27	26	435
27	27	7160
