96	7488
0	0	5433
0	1	173
0	2	2
0	3	36
0	4	243
0	5	89
0	7	56
0	8	423
0	9	19
0	10	39
0	11	686
0	13	39
0	14	263
0	15	33
0	16	1598
0	17	3229
0	18	975
0	19	16
0	20	218
0	21	50
0	22	162
0	23	358
0	24	5
0	25	504
0	26	445
0	27	8
0	30	58
0	32	215
0	33	2223
0	34	5
0	35	95
0	36	84
0	37	14
0	38	44
0	40	11
0	41	14
0	42	11
0	43	134
0	44	2
0	46	1340
0	47	22
0	48	2060
0	49	1177
0	50	72
0	51	406
0	52	891
0	53	22
0	55	157
0	56	140
0	57	1040
0	58	737
0	59	36
0	60	58
0	61	1399
0	62	1079
0	63	8
0	64	3134
0	65	25
0	66	4191
0	67	591
0	68	336
0	69	392
0	70	30
0	71	277
0	72	30
0	74	633
0	75	751
0	76	117
0	77	36
0	78	527
0	79	754
0	80	2234
0	81	39
0	82	159
0	83	120
0	84	11
0	85	299
0	87	1020
0	88	462
0	89	84
0	91	112
0	92	114
0	93	86
0	94	1107
1	0	225
1	1	8406
1	3	744
1	4	49
1	5	524
1	6	21
1	7	10
1	8	428
1	9	98
1	10	450
1	11	71
1	13	508
1	14	2054
1	15	126
1	16	181
1	17	368
1	18	129
1	19	815
1	20	126
1	21	535
1	22	21
1	23	104
1	24	2
1	25	684
1	26	664
1	27	8
1	28	5
1	30	10
1	32	2241
1	33	241
1	34	5
1	35	2348
1	36	579
1	37	554
1	38	733
1	39	2
1	40	118
1	41	274
1	42	752
1	43	4178
1	44	214
1	46	310
1	47	343
1	48	2777
1	49	96
1	50	961
1	51	3233
1	52	79
1	53	1093
1	54	27
1	55	670
1	56	1464
1	57	431
1	58	85
1	59	255
1	60	942
1	61	167
1	62	5812
1	63	30
1	64	225
1	65	19
1	66	162
1	67	60
1	68	30
1	69	21
1	70	280
1	71	109
1	72	153
1	73	2
1	74	381
1	75	118
1	76	939
1	77	898
1	78	7027
1	79	1390
1	80	337
1	81	837
1	82	1129
1	83	1587
1	84	112
1	85	46
1	86	10
1	87	395
1	88	3280
1	89	6051
1	90	2
1	91	576
1	92	57
1	93	401
1	94	738
1	95	2
2	0	9
2	1	22
2	2	35
2	3	19
2	5	3
2	6	3
2	7	3
2	9	6
2	11	9
2	12	3
2	14	25
2	15	6
2	16	3
2	17	12
2	18	6
2	20	9
2	21	41
2	25	12
2	26	25
2	27	25
2	31	3
2	32	9
2	33	9
2	35	19
2	36	63
2	38	19
2	40	3
2	43	19
2	46	12
2	47	6
2	48	51
2	50	12
2	51	35
2	52	6
2	54	3
2	55	86
2	56	102
2	57	22
2	58	3
2	60	15
2	61	6
2	62	98
2	63	6
2	64	3
2	67	3
2	68	3
2	70	6
2	71	6
2	72	226
2	74	3
2	75	6
2	76	25
2	77	3
2	78	47
2	79	31
2	80	19
2	81	6
2	82	3
2	83	57
2	84	3
2	85	3
2	87	19
2	88	47
2	89	6
2	90	35
2	91	15
2	93	98
2	94	38
3	0	189
3	1	1615
3	2	5
3	3	3161
3	4	66
3	5	399
3	6	7
3	8	478
3	9	204
3	10	360
3	11	71
3	12	2
3	13	1139
3	14	1802
3	15	125
3	16	133
3	17	261
3	18	79
3	19	217
3	20	97
3	21	1331
3	22	20
3	23	102
3	25	509
3	26	837
3	27	28
3	28	12
3	30	5
3	32	1502
3	33	230
3	34	12
3	35	1313
3	36	924
3	37	92
3	38	680
3	39	2
3	40	355
3	41	317
3	42	258
3	43	1679
3	44	168
3	46	199
3	47	765
3	48	2790
3	49	66
3	50	852
3	51	2470
3	52	51
3	53	263
3	54	17
3	55	1315
3	56	2811
3	57	455
3	58	56
3	59	197
3	60	916
3	61	117
3	62	4679
3	63	15
3	64	222
3	65	23
3	66	153
3	67	40
3	68	51
3	69	10
3	70	194
3	71	99
3	72	371
3	74	355
3	75	166
3	76	913
3	77	386
3	78	4613
3	79	1111
3	80	268
3	81	258
3	82	860
3	83	2800
3	84	335
3	85	48
3	87	337
3	88	2334
3	89	1346
3	90	2
3	91	517
3	92	89
3	93	811
3	94	785
3	95	5
4	0	178
4	1	48
4	3	10
4	4	361
4	5	75
4	7	5
4	8	97
4	9	10
4	10	32
4	11	48
4	13	16
4	14	264
4	16	113
4	17	372
4	18	145
4	19	27
4	20	124
4	21	32
4	22	27
4	23	232
4	25	307
4	26	113
4	32	183
4	33	124
4	35	48
4	36	10
4	37	10
4	38	27
4	40	5
4	42	5
4	43	27
4	46	518
4	47	10
4	48	1085
4	49	27
4	50	5
4	51	167
4	52	97
4	53	5
4	55	70
4	56	43
4	57	297
4	58	21
4	59	32
4	60	48
4	61	172
4	62	345
4	64	145
4	65	37
4	66	118
4	67	21
4	68	32
4	69	16
4	70	21
4	71	102
4	72	10
4	74	475
4	75	70
4	76	86
4	77	16
4	78	524
4	79	551
4	80	140
4	81	10
4	82	81
4	83	54
4	84	5
4	85	48
4	87	378
4	88	232
4	89	59
4	90	5
4	91	32
4	92	27
4	93	27
4	94	162
5	0	60
5	1	259
5	3	28
5	4	22
5	5	1693
5	6	12
5	7	3
5	8	230
5	9	15
5	10	97
5	11	41
5	13	94
5	14	1207
5	15	34
5	16	53
5	17	186
5	18	47
5	19	41
5	20	37
5	21	66
5	22	15
5	23	101
5	25	369
5	26	246
5	27	9
5	28	3
5	32	853
5	33	82
5	34	22
5	35	158
5	36	72
5	37	37
5	38	164
5	40	41
5	41	44
5	42	34
5	43	180
5	44	28
5	46	107
5	47	69
5	48	1147
5	49	34
5	50	123
5	51	859
5	52	41
5	53	44
5	54	6
5	55	192
5	56	240
5	57	183
5	58	22
5	59	998
5	60	205
5	61	63
5	62	1232
5	63	3
5	64	53
5	66	56
5	67	6
5	68	15
5	69	9
5	70	69
5	71	126
5	72	25
5	74	312
5	75	37
5	76	255
5	77	186
5	78	2262
5	79	1080
5	80	75
5	81	22
5	82	505
5	83	259
5	84	6
5	85	15
5	86	9
5	87	211
5	88	701
5	89	173
5	91	316
5	92	18
5	93	44
5	94	195
6	0	99
6	1	59
6	3	59
6	7	19
6	11	19
6	13	19
6	14	119
6	17	198
6	18	39
6	20	39
6	21	39
6	23	158
6	25	19
6	26	19
6	32	19
6	33	178
6	35	19
6	36	39
6	37	19
6	38	19
6	42	39
6	44	19
6	46	158
6	47	39
6	48	39
6	50	99
6	51	39
6	53	59
6	55	59
6	56	59
6	57	138
6	59	39
6	60	19
6	61	138
6	64	119
6	66	99
6	67	19
6	69	19
6	71	19
6	72	19
6	74	79
6	75	39
6	76	39
6	77	19
6	78	138
6	79	59
6	80	158
6	81	19
6	82	39
6	83	19
6	85	19
6	87	99
6	88	99
6	89	59
6	93	19
6	94	59
7	0	186
7	1	21
7	3	14
7	4	21
7	5	7
7	7	426
7	8	46
7	9	3
7	10	7
7	11	28
7	14	68
7	16	282
7	17	340
7	18	71
7	19	3
7	20	7
7	21	7
7	22	3
7	23	28
7	25	53
7	26	39
7	30	14
7	32	10
7	33	143
7	35	3
7	36	21
7	38	14
7	40	3
7	43	21
7	46	78
7	47	7
7	48	157
7	49	275
7	50	14
7	51	35
7	52	89
7	54	3
7	55	17
7	56	17
7	57	82
7	58	121
7	59	7
7	60	3
7	61	82
7	62	157
7	63	3
7	64	239
7	66	139
7	67	82
7	68	103
7	69	78
7	71	21
7	74	68
7	75	207
7	76	3
7	78	82
7	79	46
7	80	265
7	82	14
7	83	21
7	84	3
7	85	111
7	87	42
7	88	35
7	89	7
7	91	3
7	92	17
7	93	10
7	94	75
7	95	3
8	0	221
8	1	196
8	3	35
8	4	63
8	5	121
8	7	7
8	8	2335
8	9	47
8	10	113
8	11	75
8	13	50
8	14	877
8	15	136
8	16	143
8	17	448
8	18	75
8	19	12
8	20	413
8	21	83
8	22	22
8	23	123
8	25	910
8	26	950
8	27	10
8	28	7
8	30	10
8	32	824
8	33	375
8	35	128
8	36	133
8	37	15
8	38	100
8	40	15
8	41	27
8	42	12
8	43	128
8	44	12
8	46	272
8	47	27
8	48	5863
8	49	35
8	50	83
8	51	1089
8	52	100
8	53	10
8	54	5
8	55	269
8	56	408
8	57	1084
8	58	35
8	59	37
8	60	322
8	61	211
8	62	2753
8	63	2
8	64	174
8	65	30
8	66	158
8	67	103
8	68	30
8	69	35
8	70	70
8	71	133
8	72	47
8	74	857
8	75	68
8	76	406
8	77	83
8	78	1278
8	79	1929
8	80	297
8	81	22
8	82	332
8	83	363
8	84	17
8	85	10
8	87	1129
8	88	1243
8	89	131
8	91	267
8	92	75
8	93	108
8	94	1472
8	95	22
9	0	57
9	1	383
9	3	175
9	4	35
9	5	203
9	7	2
9	8	304
9	9	607
9	10	148
9	11	33
9	13	122
9	14	794
9	15	93
9	16	35
9	17	151
9	18	38
9	19	43
9	20	100
9	21	295
9	22	33
9	23	74
9	25	386
9	26	316
9	27	4
9	28	4
9	30	2
9	32	746
9	33	79
9	35	316
9	36	239
9	37	40
9	38	206
9	40	14
9	41	83
9	42	47
9	43	271
9	44	43
9	46	131
9	47	179
9	48	1435
9	49	28
9	50	184
9	51	1274
9	52	19
9	53	64
9	55	573
9	56	902
9	57	283
9	58	14
9	59	88
9	60	602
9	61	64
9	62	2162
9	63	9
9	64	64
9	65	7
9	66	83
9	67	35
9	68	2
9	69	16
9	70	98
9	71	45
9	72	52
9	74	287
9	75	33
9	76	830
9	77	124
9	78	1840
9	79	787
9	80	107
9	81	43
9	82	362
9	83	1007
9	84	23
9	85	11
9	86	2
9	87	299
9	88	1106
9	89	249
9	91	261
9	92	23
9	93	249
9	94	429
9	95	2
10	0	98
10	1	743
10	2	2
10	3	162
10	4	73
10	5	571
10	6	4
10	7	4
10	8	497
10	9	95
10	10	1693
10	11	60
10	12	2
10	13	203
10	14	1801
10	15	109
10	16	98
10	17	256
10	18	71
10	19	158
10	20	165
10	21	187
10	22	22
10	23	129
10	24	2
10	25	1028
10	26	620
10	27	6
10	28	2
10	30	2
10	32	2707
10	33	120
10	34	6
10	35	649
10	36	187
10	37	55
10	38	499
10	39	2
10	40	37
10	41	140
10	42	98
10	43	524
10	44	58
10	46	214
10	47	156
10	48	3434
10	49	42
10	50	607
10	51	2263
10	52	66
10	53	104
10	54	2
10	55	493
10	56	703
10	57	615
10	58	29
10	59	312
10	60	528
10	61	113
10	62	3296
10	63	6
10	64	118
10	65	4
10	66	87
10	67	26
10	68	11
10	69	17
10	70	482
10	71	140
10	72	62
10	73	2
10	74	718
10	75	116
10	76	928
10	77	421
10	78	5889
10	79	2272
10	80	102
10	81	104
10	82	1028
10	83	845
10	84	31
10	85	11
10	86	15
10	87	299
10	88	1772
10	89	537
10	91	557
10	92	31
10	93	122
10	94	694
10	95	2
11	0	2819
11	1	214
11	3	55
11	4	294
11	5	104
11	7	66
11	8	478
11	9	16
11	10	33
11	11	3743
11	13	74
11	14	387
11	15	44
11	16	860
11	17	1719
11	18	533
11	19	35
11	20	330
11	21	88
11	22	85
11	23	352
11	25	566
11	26	621
11	27	8
11	28	2
11	30	126
11	32	291
11	33	5539
11	35	159
11	36	151
11	38	101
11	40	16
11	41	16
11	42	41
11	43	162
11	44	11
11	46	990
11	47	22
11	48	2555
11	49	764
11	50	104
11	51	588
11	52	580
11	53	44
11	55	299
11	56	286
11	57	1683
11	58	552
11	59	41
11	60	181
11	61	632
11	62	1820
11	63	33
11	64	2076
11	65	44
11	66	2167
11	67	1680
11	68	209
11	69	2065
11	70	41
11	71	228
11	72	44
11	74	684
11	75	673
11	76	123
11	77	46
11	78	907
11	79	750
11	80	4866
11	81	35
11	82	222
11	83	198
11	84	19
11	85	266
11	87	1617
11	88	946
11	89	176
11	91	151
11	92	225
11	93	225
11	94	1842
11	95	5
12	1	16
12	3	36
12	4	4
12	5	8
12	7	4
12	8	4
12	9	4
12	10	16
12	11	4
12	12	36
12	13	4
12	14	24
12	17	16
12	18	4
12	21	40
12	23	4
12	25	4
12	26	16
12	27	219
12	31	8
12	32	24
12	33	8
12	35	20
12	36	48
12	37	4
12	38	16
12	40	16
12	41	8
12	43	4
12	46	8
12	47	16
12	48	52
12	49	4
12	50	24
12	51	32
12	52	4
12	53	12
12	55	52
12	56	134
12	57	12
12	58	4
12	60	32
12	61	8
12	62	113
12	63	12
12	64	28
12	66	4
12	69	4
12	72	93
12	73	8
12	74	8
12	76	44
12	78	65
12	79	16
12	80	28
12	81	12
12	82	12
12	83	52
12	87	12
12	88	52
12	89	12
12	90	4
12	91	4
12	93	69
12	94	16
13	0	57
13	1	552
13	3	429
13	4	17
13	5	194
13	6	12
13	7	2
13	8	212
13	9	89
13	10	224
13	11	29
13	12	2
13	13	1234
13	14	809
13	15	67
13	16	64
13	17	104
13	18	32
13	19	87
13	20	57
13	21	372
13	22	9
13	23	42
13	25	262
13	26	394
13	27	4
13	28	4
13	30	4
13	32	814
13	33	124
13	34	7
13	35	647
13	36	407
13	37	59
13	38	334
13	39	2
13	40	72
13	41	164
13	42	54
13	43	619
13	44	64
13	46	107
13	47	309
13	48	1144
13	49	27
13	50	337
13	51	1136
13	52	22
13	53	72
13	54	2
13	55	552
13	56	1119
13	57	237
13	58	12
13	59	99
13	60	507
13	61	47
13	62	2081
13	63	7
13	64	87
13	65	14
13	66	69
13	67	27
13	68	7
13	69	14
13	70	99
13	71	37
13	72	132
13	74	152
13	75	72
13	76	537
13	77	129
13	78	2361
13	79	432
13	80	132
13	81	99
13	82	369
13	83	1169
13	84	54
13	85	17
13	86	4
13	87	132
13	88	1154
13	89	447
13	91	237
13	92	32
13	93	334
13	94	509
14	0	65
14	1	406
14	2	2
14	3	83
14	4	39
14	5	585
14	6	2
14	7	2
14	8	241
14	9	57
14	10	183
14	11	20
14	13	60
14	14	2382
14	15	52
14	16	81
14	17	173
14	18	49
14	19	55
14	20	91
14	21	120
14	22	31
14	23	162
14	24	2
14	25	543
14	26	362
14	27	5
14	30	2
14	32	997
14	33	78
14	34	10
14	35	288
14	36	120
14	37	36
14	38	228
14	39	2
14	40	41
14	41	76
14	42	68
14	43	299
14	44	18
14	46	183
14	47	57
14	48	1928
14	49	18
14	50	152
14	51	1338
14	52	34
14	53	44
14	54	7
14	55	230
14	56	388
14	57	317
14	58	26
14	59	545
14	60	304
14	61	55
14	62	1773
14	63	5
14	64	70
14	65	7
14	66	76
14	67	23
14	68	13
14	69	13
14	70	154
14	71	139
14	72	52
14	74	516
14	75	47
14	76	283
14	77	202
14	78	2868
14	79	1325
14	80	94
14	81	41
14	82	900
14	83	398
14	84	15
14	85	15
14	87	254
14	88	965
14	89	257
14	91	572
14	92	31
14	93	102
14	94	346
15	0	127
15	1	490
15	3	101
15	4	65
15	5	284
15	6	6
15	7	6
15	8	503
15	9	127
15	10	147
15	11	49
15	13	130
15	14	941
15	15	676
15	16	78
15	17	287
15	18	94
15	19	75
15	20	189
15	21	176
15	22	29
15	23	153
15	25	751
15	26	503
15	27	6
15	30	3
15	32	954
15	33	160
15	34	3
15	35	333
15	36	228
15	37	32
15	38	284
15	40	19
15	41	65
15	42	52
15	43	317
15	44	45
15	46	225
15	47	58
15	48	2765
15	49	42
15	50	281
15	51	1523
15	52	75
15	53	75
15	54	6
15	55	441
15	56	555
15	57	529
15	58	35
15	59	189
15	60	611
15	61	156
15	62	3380
15	63	13
15	64	111
15	65	6
15	66	104
15	67	29
15	68	13
15	69	29
15	70	107
15	71	107
15	72	84
15	74	539
15	75	68
15	76	601
15	77	117
15	78	2350
15	79	1369
15	80	127
15	81	78
15	82	477
15	83	660
15	84	22
15	85	19
15	86	3
15	87	500
15	88	1873
15	89	310
15	91	408
15	92	32
15	93	143
15	94	663
15	95	6
16	0	1828
16	1	212
16	3	59
16	4	212
16	5	62
16	7	156
16	8	153
16	9	15
16	10	40
16	11	294
16	13	46
16	14	347
16	15	28
16	16	5350
16	17	6458
16	18	1402
16	19	34
16	20	87
16	21	75
16	22	209
16	23	535
16	25	378
16	26	331
16	27	3
16	28	3
16	30	28
16	31	3
16	32	347
16	33	1211
16	34	3
16	35	62
16	36	75
16	37	9
16	38	59
16	40	15
16	41	15
16	42	25
16	43	100
16	44	6
16	46	2053
16	47	59
16	48	2122
16	49	1878
16	50	53
16	51	582
16	52	1230
16	53	37
16	54	3
16	55	162
16	56	187
16	57	472
16	58	1568
16	59	25
16	60	137
16	61	2419
16	62	1186
16	63	18
16	64	3243
16	65	28
16	66	1796
16	67	275
16	68	1145
16	69	203
16	70	40
16	71	363
16	72	21
16	74	738
16	75	3387
16	76	112
16	77	46
16	78	738
16	79	660
16	80	1195
16	81	50
16	82	172
16	83	159
16	84	6
16	85	1014
16	87	648
16	88	403
16	89	128
16	90	6
16	91	128
16	92	46
16	93	46
16	94	529
16	95	3
17	0	788
17	1	85
17	3	23
17	4	156
17	5	76
17	6	2
17	7	26
17	8	147
17	9	2
17	10	29
17	11	150
17	13	26
17	14	351
17	15	8
17	16	1083
17	17	5883
17	18	1042
17	19	14
17	20	79
17	21	26
17	22	135
17	23	395
17	25	324
17	26	221
17	27	2
17	30	2
17	32	236
17	33	386
17	34	2
17	35	64
17	36	20
17	37	5
17	38	29
17	41	5
17	42	14
17	43	41
17	44	5
17	46	1520
17	47	11
17	48	1408
17	49	380
17	50	53
17	51	363
17	52	566
17	53	20
17	55	85
17	56	97
17	57	301
17	58	239
17	59	50
17	60	76
17	61	1957
17	62	664
17	63	5
17	64	1036
17	65	8
17	66	631
17	67	123
17	68	389
17	69	53
17	70	11
17	71	250
17	72	11
17	74	519
17	75	1239
17	76	118
17	77	29
17	78	670
17	79	729
17	80	454
17	81	20
17	82	183
17	83	50
17	85	224
17	87	307
17	88	327
17	89	67
17	90	2
17	91	135
17	92	17
17	93	35
17	94	289
18	0	1165
18	1	119
18	3	23
18	4	320
18	5	134
18	7	44
18	8	371
18	9	5
18	10	47
18	11	167
18	13	35
18	14	347
18	15	14
18	16	991
18	17	4375
18	18	3137
18	19	26
18	20	218
18	21	59
18	22	302
18	23	973
18	24	2
18	25	973
18	26	356
18	30	5
18	32	458
18	33	461
18	34	2
18	35	59
18	36	35
18	37	2
18	38	29
18	40	8
18	41	11
18	42	11
18	43	86
18	44	2
18	46	3751
18	47	20
18	48	3784
18	49	362
18	50	41
18	51	437
18	52	848
18	53	23
18	55	137
18	56	128
18	57	647
18	58	269
18	59	35
18	60	92
18	61	2031
18	62	1171
18	63	11
18	64	1369
18	65	20
18	66	1303
18	67	137
18	68	194
18	69	47
18	70	32
18	71	551
18	72	23
18	74	1192
18	75	683
18	76	152
18	77	50
18	78	943
18	79	1549
18	80	509
18	81	11
18	82	284
18	83	116
18	84	8
18	85	152
18	86	2
18	87	644
18	88	620
18	89	110
18	90	2
18	91	191
18	92	38
18	93	29
18	94	560
19	0	79
19	1	1708
19	2	2
19	3	170
19	4	26
19	5	196
19	8	126
19	9	35
19	10	123
19	11	46
19	13	111
19	14	589
19	15	58
19	16	35
19	17	155
19	18	29
19	19	1074
19	20	49
19	21	132
19	23	35
19	25	208
19	26	181
19	27	2
19	28	11
19	32	733
19	33	114
19	35	493
19	36	205
19	37	126
19	38	237
19	39	2
19	40	46
19	41	82
19	42	237
19	43	956
19	44	52
19	46	96
19	47	105
19	48	1053
19	49	38
19	50	249
19	51	1053
19	52	20
19	53	481
19	54	11
19	55	220
19	56	387
19	57	196
19	58	44
19	59	61
19	60	305
19	61	64
19	62	2550
19	63	5
19	64	93
19	65	5
19	66	58
19	67	20
19	68	11
19	69	11
19	70	46
19	71	29
19	72	52
19	74	170
19	75	55
19	76	390
19	77	231
19	78	2239
19	79	598
19	80	99
19	81	578
19	82	240
19	83	554
19	84	46
19	85	11
19	86	2
19	87	161
19	88	989
19	89	1872
19	91	214
19	92	23
19	93	152
19	94	261
20	0	431
20	1	236
20	2	2
20	3	42
20	4	178
20	5	234
20	6	2
20	7	4
20	8	1213
20	9	56
20	10	150
20	11	150
20	13	51
20	14	926
20	15	91
20	16	201
20	17	919
20	18	319
20	19	39
20	20	2243
20	21	119
20	22	53
20	23	333
20	24	2
20	25	1511
20	26	1417
20	27	7
20	28	7
20	30	16
20	32	1109
20	33	581
20	34	7
20	35	192
20	36	168
20	37	14
20	38	190
20	40	21
20	41	28
20	42	37
20	43	164
20	44	9
20	46	753
20	47	53
20	48	8571
20	49	65
20	50	150
20	51	1403
20	52	215
20	53	18
20	54	4
20	55	340
20	56	499
20	57	3711
20	58	63
20	59	133
20	60	333
20	61	481
20	62	3489
20	63	18
20	64	377
20	65	30
20	66	328
20	67	126
20	68	44
20	69	89
20	70	96
20	71	328
20	72	65
20	74	1663
20	75	100
20	76	448
20	77	96
20	78	2071
20	79	2806
20	80	603
20	81	23
20	82	424
20	83	495
20	84	4
20	85	51
20	87	2456
20	88	1853
20	89	159
20	91	319
20	92	79
20	93	98
20	94	2484
20	95	9
21	0	143
21	1	703
21	2	10
21	3	718
21	4	28
21	5	197
21	6	2
21	7	5
21	8	387
21	9	130
21	10	246
21	11	48
21	12	7
21	13	349
21	14	1013
21	15	115
21	16	97
21	17	197
21	18	66
21	19	125
21	20	100
21	21	3205
21	22	25
21	23	66
21	24	5
21	25	374
21	26	518
21	27	41
21	28	17
21	30	2
21	31	5
21	32	841
21	33	225
21	35	551
21	36	1863
21	37	82
21	38	405
21	40	349
21	41	141
21	42	56
21	43	621
21	44	28
21	46	200
21	47	587
21	48	1614
21	49	38
21	50	459
21	51	1545
21	52	51
21	53	133
21	54	5
21	55	1678
21	56	4609
21	57	384
21	58	38
21	59	202
21	60	559
21	61	92
21	62	2759
21	63	12
21	64	171
21	65	12
21	66	125
21	67	61
21	68	25
21	69	38
21	70	174
21	71	84
21	72	718
21	74	305
21	75	115
21	76	705
21	77	133
21	78	2589
21	79	769
21	80	223
21	81	128
21	82	446
21	83	1973
21	84	205
21	85	25
21	86	2
21	87	292
21	88	1285
21	89	420
21	90	25
21	91	423
21	92	92
21	93	1188
21	94	728
22	0	143
22	1	38
22	4	74
22	5	35
22	8	50
22	10	14
22	11	35
22	13	8
22	14	110
22	15	11
22	16	205
22	17	670
22	18	241
22	20	59
22	21	11
22	22	608
22	23	533
22	24	2
22	25	214
22	26	83
22	30	5
22	32	122
22	33	140
22	34	2
22	35	8
22	36	17
22	38	20
22	42	2
22	43	11
22	46	1419
22	47	2
22	48	1043
22	49	38
22	50	14
22	51	140
22	52	104
22	53	2
22	55	32
22	56	26
22	57	211
22	58	50
22	59	11
22	60	20
22	61	316
22	62	378
22	63	2
22	64	184
22	65	2
22	66	205
22	67	38
22	68	62
22	69	17
22	70	5
22	71	286
22	72	5
22	74	450
22	75	110
22	76	62
22	77	26
22	78	268
22	79	560
22	80	116
22	81	5
22	82	80
22	83	23
22	85	38
22	87	205
22	88	158
22	89	11
22	91	23
22	92	5
22	93	8
22	94	149
23	0	119
23	1	54
23	3	12
23	4	135
23	5	32
23	7	9
23	8	93
23	10	6
23	11	32
23	13	19
23	14	103
23	15	6
23	16	158
23	17	407
23	18	206
23	19	3
23	20	93
23	21	19
23	22	168
23	23	1613
23	25	381
23	26	135
23	27	3
23	30	6
23	32	106
23	33	158
23	35	6
23	36	12
23	38	16
23	43	35
23	44	6
23	46	656
23	47	9
23	48	1532
23	49	48
23	50	25
23	51	161
23	52	109
23	55	45
23	56	25
23	57	210
23	58	74
23	59	12
23	60	22
23	61	197
23	62	475
23	64	171
23	65	16
23	66	142
23	67	25
23	68	42
23	69	32
23	70	6
23	71	504
23	72	9
23	74	811
23	75	113
23	76	71
23	77	25
23	78	307
23	79	856
23	80	122
23	82	135
23	83	19
23	85	42
23	87	297
23	88	219
23	89	22
23	90	3
23	91	61
23	92	12
23	93	9
23	94	197
24	0	16
24	1	5
24	4	5
24	5	10
24	11	27
24	13	5
24	14	10
24	16	10
24	17	5
24	21	5
24	23	10
24	24	137
24	25	5
24	26	10
24	27	5
24	30	5
24	32	21
24	33	27
24	35	5
24	36	10
24	38	5
24	41	5
24	43	16
24	46	5
24	48	38
24	49	5
24	50	10
24	51	10
24	52	5
24	53	5
24	55	16
24	57	16
24	58	16
24	60	16
24	61	5
24	62	54
24	63	213
24	64	16
24	66	16
24	67	5
24	69	38
24	72	10
24	74	27
24	76	16
24	77	5
24	78	32
24	79	43
24	80	21
24	82	10
24	83	32
24	87	5
24	88	16
24	89	5
24	91	5
24	92	54
24	93	32
24	94	49
25	0	88
25	1	347
25	3	50
25	4	88
25	5	262
25	7	9
25	8	537
25	9	56
25	10	151
25	11	47
25	13	44
25	14	939
25	15	107
25	16	101
25	17	512
25	18	113
25	19	47
25	20	297
25	21	88
25	22	72
25	23	284
25	24	3
25	25	3481
25	26	736
25	27	6
25	28	3
25	32	2191
25	33	142
25	34	3
25	35	271
25	36	66
25	37	15
25	38	237
25	40	3
25	41	60
25	42	34
25	43	287
25	44	15
25	46	376
25	47	44
25	48	9059
25	49	37
25	50	167
25	51	1293
25	52	79
25	53	31
25	55	271
25	56	294
25	57	603
25	58	53
25	59	107
25	60	350
25	61	218
25	62	2396
25	63	22
25	64	186
25	65	9
25	66	98
25	67	18
25	68	18
25	69	18
25	70	101
25	71	275
25	72	22
25	74	1211
25	75	47
25	76	439
25	77	132
25	78	2222
25	79	7117
25	80	94
25	81	31
25	82	648
25	83	313
25	84	12
25	85	34
25	87	664
25	88	1388
25	89	158
25	90	3
25	91	569
25	92	15
25	93	44
25	94	607
25	95	3
26	0	367
26	1	347
26	3	59
26	4	145
26	5	290
26	6	4
26	7	2
26	8	1901
26	9	78
26	10	224
26	11	145
26	13	73
26	14	1296
26	15	250
26	16	286
26	17	1060
26	18	307
26	19	54
26	20	774
26	21	143
26	22	121
26	23	431
26	24	4
26	25	2476
26	26	5226
26	27	9
26	28	9
26	30	11
26	32	1904
26	33	650
26	34	7
26	35	443
26	36	128
26	37	38
26	38	343
26	40	23
26	41	69
26	42	50
26	43	293
26	44	35
26	46	898
26	47	64
26	48	16269
26	49	73
26	50	288
26	51	2259
26	52	240
26	53	42
26	54	4
26	55	543
26	56	815
26	57	2404
26	58	88
26	59	173
26	60	614
26	61	495
26	62	5081
26	63	11
26	64	364
26	65	30
26	66	524
26	67	102
26	68	78
26	69	50
26	70	114
26	71	386
26	72	38
26	74	1911
26	75	171
26	76	715
26	77	164
26	78	2850
26	79	4118
26	80	679
26	81	59
26	82	767
26	83	746
26	84	21
26	85	40
26	86	7
26	87	2021
26	88	2650
26	89	281
26	91	805
26	92	92
26	93	188
26	94	2876
26	95	16
27	0	33
27	1	46
27	2	20
27	3	71
27	5	25
27	8	16
27	9	4
27	10	8
27	12	62
27	13	29
27	14	58
27	16	16
27	17	16
27	18	4
27	19	8
27	21	67
27	24	4
27	25	16
27	26	29
27	27	549
27	31	8
27	32	50
27	33	16
27	35	67
27	36	92
27	38	41
27	40	46
27	41	12
27	42	12
27	43	46
27	46	12
27	47	29
27	48	75
27	50	25
27	51	79
27	52	8
27	53	8
27	55	138
27	56	197
27	57	16
27	58	8
27	59	16
27	60	37
27	61	25
27	62	243
27	63	37
27	64	41
27	66	33
27	67	4
27	70	4
27	71	8
27	72	230
27	73	33
27	74	25
27	75	16
27	76	33
27	77	4
27	78	109
27	79	41
27	80	29
27	81	25
27	82	25
27	83	100
27	84	8
27	87	25
27	88	83
27	89	46
27	90	58
27	91	4
27	92	4
27	93	159
27	94	25
28	17	90
28	19	30
28	20	30
28	21	30
28	22	30
28	23	60
28	25	30
28	33	30
28	68	30
28	74	30
28	77	30
28	78	30
28	88	60
28	92	30
28	93	30
29	5	6
29	24	69
29	30	12
29	36	18
29	38	6
29	46	6
29	51	6
29	55	6
29	57	12
29	58	6
29	63	50
29	64	12
29	66	12
29	69	6
29	71	12
29	72	6
29	74	6
29	75	12
29	78	12
29	80	6
29	82	12
29	83	12
29	88	6
29	89	18
29	92	18
29	93	12
29	94	6
30	0	77
30	1	12
30	3	8
30	4	12
30	5	8
30	7	29
30	8	12
30	9	4
30	11	21
30	14	29
30	15	4
30	16	25
30	17	64
30	18	8
30	19	4
30	20	8
30	22	12
30	23	21
30	24	8
30	25	12
30	26	12
30	30	154
30	32	8
30	33	136
30	35	8
30	36	12
30	38	12
30	43	8
30	46	21
30	47	4
30	48	98
30	49	51
30	50	4
30	51	21
30	52	38
30	53	4
30	55	8
30	56	51
30	57	59
30	58	34
30	59	4
30	60	4
30	61	29
30	62	64
30	64	85
30	66	64
30	67	64
30	68	25
30	69	432
30	70	4
30	71	8
30	72	8
30	74	34
30	75	42
30	77	4
30	78	42
30	79	42
30	80	145
30	81	4
30	83	17
30	85	12
30	87	51
30	88	25
30	89	12
30	91	8
30	92	17
30	93	12
30	94	85
31	0	6
31	1	6
31	3	3
31	5	3
31	9	6
31	14	6
31	21	12
31	25	3
31	26	15
31	27	12
31	32	3
31	33	3
31	36	31
31	40	3
31	43	6
31	44	3
31	47	3
31	48	25
31	49	3
31	50	3
31	51	18
31	53	3
31	55	31
31	56	66
31	57	6
31	59	9
31	60	3
31	62	37
31	64	6
31	67	3
31	68	3
31	70	3
31	72	66
31	74	3
31	75	3
31	76	3
31	77	3
31	78	28
31	79	6
31	80	6
31	81	3
31	82	3
31	83	18
31	84	3
31	85	3
31	88	6
31	89	6
31	90	18
31	91	12
31	92	3
31	93	25
31	94	12
32	0	96
32	1	397
32	3	109
32	4	50
32	5	391
32	7	6
32	8	349
32	9	43
32	10	380
32	11	41
32	13	76
32	14	1551
32	15	70
32	16	43
32	17	180
32	18	63
32	19	63
32	20	136
32	21	87
32	22	15
32	23	118
32	24	2
32	25	758
32	26	309
32	27	6
32	28	6
32	32	3482
32	33	92
32	34	4
32	35	336
32	36	79
32	37	41
32	38	195
32	40	21
32	41	26
32	42	74
32	43	331
32	44	28
32	46	166
32	47	70
32	48	2496
32	49	37
32	50	239
32	51	1421
32	52	35
32	53	74
32	54	10
32	55	333
32	56	413
32	57	470
32	58	13
32	59	202
32	60	268
32	61	54
32	62	2199
32	63	2
32	64	68
32	65	24
32	66	52
32	67	21
32	68	8
32	69	19
32	70	230
32	71	138
32	72	46
32	74	606
32	75	50
32	76	698
32	77	208
32	78	4454
32	79	2036
32	80	90
32	81	41
32	82	683
32	83	395
32	84	10
32	85	15
32	86	8
32	87	188
32	88	1184
32	89	325
32	90	2
32	91	351
32	92	13
32	93	61
32	94	437
32	95	4
33	0	2398
33	1	196
33	2	3
33	3	54
33	4	302
33	5	120
33	7	63
33	8	471
33	9	21
33	10	39
33	11	2083
33	13	117
33	14	441
33	15	63
33	16	746
33	17	1524
33	18	411
33	19	66
33	20	332
33	21	66
33	22	157
33	23	378
33	24	12
33	25	574
33	26	716
33	27	6
33	28	9
33	30	84
33	31	3
33	32	335
33	33	6761
33	35	181
33	36	163
33	37	15
33	38	87
33	40	15
33	41	9
33	42	27
33	43	244
33	44	12
33	46	979
33	47	33
33	48	2361
33	49	656
33	50	127
33	51	550
33	52	414
33	53	39
33	55	308
33	56	281
33	57	1850
33	58	562
33	59	51
33	60	157
33	61	598
33	62	1738
33	63	27
33	64	1605
33	65	33
33	66	1744
33	67	1276
33	68	305
33	69	1070
33	70	54
33	71	257
33	72	36
33	74	768
33	75	625
33	76	142
33	77	54
33	78	822
33	79	855
33	80	4454
33	81	12
33	82	238
33	83	205
33	84	15
33	85	220
33	87	1620
33	88	849
33	89	102
33	90	12
33	91	181
33	92	308
33	93	166
33	94	1868
33	95	9
34	0	3
34	1	21
34	5	45
34	8	9
34	9	6
34	14	36
34	16	3
34	17	3
34	18	3
34	20	3
34	23	9
34	25	6
34	26	6
34	32	9
34	33	3
34	34	3
34	35	3
34	38	9
34	41	6
34	42	3
34	43	3
34	48	30
34	50	3
34	51	30
34	52	3
34	55	3
34	56	15
34	57	6
34	58	3
34	59	27
34	60	6
34	61	3
34	62	24
34	64	6
34	66	3
34	74	18
34	76	3
34	78	58
34	79	18
34	82	9
34	83	9
34	87	9
34	88	30
34	89	15
34	91	24
34	94	3
35	0	174
35	1	1543
35	3	611
35	4	74
35	5	608
35	6	3
35	7	3
35	8	436
35	9	187
35	10	498
35	11	90
35	13	585
35	14	2232
35	15	181
35	16	97
35	17	275
35	18	116
35	19	213
35	20	106
35	21	349
35	22	35
35	23	126
35	25	686
35	26	906
35	27	9
35	30	12
35	32	1857
35	33	294
35	34	16
35	35	3504
35	36	433
35	37	165
35	38	876
35	40	113
35	41	378
35	42	158
35	43	2161
35	44	213
35	46	339
35	47	333
35	48	2495
35	49	74
35	50	1621
35	51	2621
35	52	74
35	53	252
35	54	25
35	55	621
35	56	1336
35	57	313
35	58	51
35	59	333
35	60	750
35	61	145
35	62	3252
35	63	12
35	64	239
35	65	12
35	66	135
35	67	58
35	68	55
35	69	35
35	70	336
35	71	122
35	72	87
35	73	6
35	74	410
35	75	171
35	76	831
35	77	614
35	78	6724
35	79	1721
35	80	307
35	81	213
35	82	1495
35	83	1216
35	84	55
35	85	32
35	86	9
35	87	365
35	88	2346
35	89	1579
35	90	3
35	91	731
35	92	51
35	93	394
35	94	695
35	95	3
36	0	316
36	1	865
36	2	18
36	3	764
36	4	59
36	5	303
36	6	2
36	7	18
36	8	474
36	9	209
36	10	284
36	11	90
36	12	10
36	13	616
36	14	1414
36	15	139
36	16	194
36	17	398
36	18	85
36	19	202
36	20	158
36	21	2292
36	22	49
36	23	137
36	24	7
36	25	582
36	26	937
36	27	56
36	28	5
36	30	5
36	31	5
36	32	1007
36	33	375
36	35	901
36	36	4603
36	37	51
36	38	487
36	39	2
36	40	290
36	41	165
36	42	121
36	43	984
36	44	59
36	46	362
36	47	569
36	48	2771
36	49	69
36	50	590
36	51	2313
36	52	80
36	53	191
36	54	10
36	55	3302
36	56	7030
36	57	740
36	58	101
36	59	235
36	60	1031
36	61	173
36	62	4289
36	63	12
36	64	240
36	65	15
36	66	202
36	67	75
36	68	56
36	69	38
36	70	173
36	71	98
36	72	1147
36	74	564
36	75	202
36	76	1031
36	77	178
36	78	3152
36	79	1080
36	80	515
36	81	139
36	82	841
36	83	2580
36	84	178
36	85	82
36	86	5
36	87	489
36	88	2090
36	89	626
36	90	18
36	91	531
36	92	274
36	93	3194
36	94	1600
36	95	2
37	0	100
37	1	1240
37	2	6
37	3	182
37	4	30
37	5	231
37	7	6
37	8	121
37	9	42
37	10	155
37	11	57
37	13	192
37	14	810
37	15	42
37	16	70
37	17	131
37	18	33
37	19	158
37	20	30
37	21	170
37	22	12
37	23	48
37	25	182
37	26	268
37	28	3
37	32	621
37	33	121
37	34	6
37	35	759
37	36	182
37	37	1746
37	38	189
37	40	128
37	41	67
37	42	134
37	43	1121
37	44	82
37	46	100
37	47	64
37	48	1045
37	49	27
37	50	295
37	51	990
37	52	30
37	53	225
37	54	21
37	55	341
37	56	460
37	57	207
37	58	45
37	59	88
37	60	237
37	61	39
37	62	1542
37	63	3
37	64	179
37	65	6
37	66	112
37	67	12
37	68	33
37	69	24
37	70	76
37	71	42
37	72	70
37	74	201
37	75	91
37	76	231
37	77	1600
37	78	2429
37	79	524
37	80	149
37	81	124
37	82	420
37	83	411
37	84	33
37	85	15
37	86	6
37	87	143
37	88	981
37	89	1835
37	91	182
37	92	12
37	93	231
37	94	271
38	0	232
38	1	1422
38	2	2
38	3	535
38	4	74
38	5	547
38	6	14
38	7	8
38	8	669
38	9	148
38	10	1038
38	11	71
38	13	595
38	14	2538
38	15	229
38	16	190
38	17	419
38	18	157
38	19	324
38	20	166
38	21	541
38	22	44
38	23	172
38	25	907
38	26	1541
38	27	14
38	28	14
38	30	5
38	32	2586
38	33	315
38	34	2
38	35	1354
38	36	520
38	37	133
38	38	3473
38	39	5
38	40	124
38	41	333
38	42	190
38	43	1595
38	44	133
38	46	363
38	47	244
38	48	4288
38	49	86
38	50	1270
38	51	3574
38	52	98
38	53	142
38	54	5
38	55	996
38	56	1970
38	57	785
38	58	38
38	59	377
38	60	1261
38	61	199
38	62	4987
38	63	20
38	64	300
38	65	26
38	66	202
38	67	104
38	68	77
38	69	47
38	70	645
38	71	124
38	72	196
38	74	720
38	75	315
38	76	2220
38	77	502
38	78	5973
38	79	2437
38	80	270
38	81	136
38	82	1919
38	83	1675
38	84	71
38	85	29
38	86	2
38	87	497
38	88	3377
38	89	836
38	90	2
38	91	1038
38	92	47
38	93	562
38	94	1324
38	95	5
40	0	32
40	1	358
40	3	176
40	4	2
40	5	52
40	8	32
40	9	35
40	10	38
40	11	23
40	13	79
40	14	211
40	15	20
40	16	26
40	17	61
40	18	11
40	19	52
40	20	32
40	21	466
40	23	20
40	25	105
40	26	79
40	27	11
40	28	2
40	30	2
40	31	5
40	32	181
40	33	55
40	35	120
40	36	193
40	37	41
40	38	73
40	40	428
40	41	26
40	42	20
40	43	199
40	44	8
40	46	52
40	47	88
40	48	325
40	49	26
40	50	61
40	51	278
40	52	20
40	53	64
40	54	2
40	55	237
40	56	537
40	57	58
40	58	29
40	59	58
40	60	114
40	61	32
40	62	522
40	63	2
40	64	55
40	66	38
40	67	17
40	68	5
40	70	11
40	71	17
40	72	88
40	73	5
40	74	55
40	75	5
40	76	129
40	77	29
40	78	554
40	79	164
40	80	76
40	81	123
40	82	88
40	83	399
40	84	73
40	85	2
40	87	35
40	88	270
40	89	187
40	91	70
40	92	46
40	93	105
40	94	155
41	0	279
41	1	1742
41	2	2
41	3	889
41	4	34
41	5	387
41	6	13
41	7	10
41	8	497
41	9	201
41	10	510
41	11	77
41	13	1094
41	14	1855
41	15	188
41	16	123
41	17	333
41	18	104
41	19	276
41	20	88
41	21	776
41	22	40
41	23	96
41	24	5
41	25	736
41	26	879
41	27	5
41	28	2
41	32	2425
41	33	239
41	34	13
41	35	1927
41	36	602
41	37	115
41	38	1180
41	40	198
41	41	1943
41	42	333
41	43	2833
41	44	354
41	46	228
41	47	424
41	48	3984
41	49	64
41	50	1188
41	51	2812
41	52	51
41	53	333
41	54	26
41	55	779
41	56	2000
41	57	457
41	58	67
41	59	174
41	60	1037
41	61	142
41	62	5584
41	63	13
41	64	207
41	65	5
41	66	153
41	67	16
41	68	64
41	69	29
41	70	287
41	71	86
41	72	212
41	73	2
41	74	454
41	75	142
41	76	1285
41	77	518
41	78	6705
41	79	1570
41	80	263
41	81	236
41	82	1309
41	83	1806
41	84	129
41	85	26
41	86	10
41	87	341
41	88	2844
41	89	1758
41	90	2
41	91	833
41	92	61
41	93	467
41	94	803
42	0	64
42	1	1457
42	2	2
42	3	186
42	4	14
42	5	135
42	7	2
42	8	104
42	9	42
42	10	109
42	11	22
42	13	138
42	14	406
42	15	64
42	16	36
42	17	64
42	18	33
42	19	234
42	20	25
42	21	174
42	22	5
42	23	28
42	25	138
42	26	112
42	28	2
42	32	487
42	33	84
42	34	5
42	35	329
42	36	129
42	37	76
42	38	174
42	40	42
42	41	53
42	42	707
42	43	899
42	44	42
42	46	81
42	47	76
42	48	713
42	49	11
42	50	152
42	51	654
42	52	8
42	53	228
42	54	8
42	55	205
42	56	417
42	57	126
42	58	16
42	59	56
42	60	205
42	61	59
42	62	1463
42	63	5
42	64	70
42	65	2
42	66	62
42	67	11
42	68	14
42	69	5
42	70	39
42	71	28
42	72	53
42	74	90
42	75	50
42	76	236
42	77	239
42	78	1514
42	79	335
42	80	73
42	81	265
42	82	236
42	83	499
42	84	50
42	85	19
42	87	98
42	88	755
42	89	1257
42	91	191
42	92	19
42	93	95
42	94	194
42	95	2
43	0	258
43	1	2367
43	2	2
43	3	704
43	4	58
43	5	477
43	6	5
43	7	5
43	8	497
43	9	112
43	10	398
43	11	89
43	13	536
43	14	1898
43	15	89
43	16	151
43	17	261
43	18	106
43	19	370
43	20	78
43	21	598
43	22	42
43	23	81
43	24	2
43	25	598
43	26	932
43	27	2
43	28	5
43	30	5
43	32	1656
43	33	277
43	34	14
43	35	2392
43	36	527
43	37	235
43	38	640
43	39	2
43	40	131
43	41	311
43	42	401
43	43	7542
43	44	277
43	46	252
43	47	252
43	48	2743
43	49	95
43	50	957
43	51	2614
43	52	44
43	53	367
43	54	11
43	55	643
43	56	1395
43	57	426
43	58	64
43	59	176
43	60	772
43	61	182
43	62	4018
43	63	8
43	64	210
43	65	14
43	66	162
43	67	53
43	68	61
43	69	16
43	70	224
43	71	103
43	72	179
43	74	393
43	75	182
43	76	741
43	77	735
43	78	5228
43	79	1345
43	80	303
43	81	224
43	82	1095
43	83	1347
43	84	126
43	85	47
43	86	2
43	87	317
43	88	2308
43	89	2827
43	90	2
43	91	555
43	92	53
43	93	485
43	94	766
43	95	19
44	0	151
44	1	1414
44	2	5
44	3	441
44	4	31
44	5	214
44	6	2
44	7	5
44	8	261
44	9	73
44	10	271
44	11	23
44	13	391
44	14	866
44	15	83
44	16	57
44	17	146
44	18	39
44	19	180
44	20	54
44	21	472
44	22	13
44	23	62
44	25	475
44	26	527
44	27	10
44	28	10
44	30	2
44	32	1229
44	33	91
44	34	7
44	35	1049
44	36	255
44	37	96
44	38	462
44	40	73
44	41	253
44	42	224
44	43	2336
44	44	822
44	46	104
44	47	195
44	48	1973
44	49	54
44	50	527
44	51	1615
44	52	26
44	53	216
44	54	13
44	55	456
44	56	1010
44	57	294
44	58	23
44	59	156
44	60	496
44	61	96
44	62	3273
44	64	78
44	65	10
44	66	75
44	67	13
44	68	41
44	69	5
44	70	133
44	71	39
44	72	117
44	74	193
44	75	93
44	76	467
44	77	365
44	78	3009
44	79	864
44	80	148
44	81	177
44	82	545
44	83	958
44	84	70
44	85	26
44	87	201
44	88	1357
44	89	1347
44	91	373
44	92	28
44	93	234
44	94	420
45	0	6
45	1	3
45	3	3
45	12	3
45	16	3
45	36	3
45	47	3
45	48	3
45	56	13
45	62	6
45	63	6
45	72	3
45	83	9
45	88	3
45	90	6
46	0	994
46	1	156
46	3	37
46	4	556
46	5	133
46	7	49
46	8	446
46	9	14
46	10	46
46	11	162
46	13	20
46	14	513
46	15	26
46	16	947
46	17	3461
46	18	1600
46	19	23
46	20	298
46	21	17
46	22	837
46	23	1840
46	24	5
46	25	1092
46	26	576
46	27	2
46	28	2
46	30	17
46	32	443
46	33	579
46	35	95
46	36	40
46	37	14
46	38	60
46	40	17
46	41	14
46	42	23
46	43	75
46	44	14
46	46	8952
46	47	40
46	48	4441
46	49	368
46	50	75
46	51	478
46	52	527
46	53	20
46	55	127
46	56	144
46	57	846
46	58	342
46	59	60
46	60	75
46	61	1542
46	62	1687
46	63	17
46	64	1159
46	65	49
46	66	982
46	67	243
46	68	179
46	69	84
46	70	34
46	71	1046
46	72	5
46	74	1591
46	75	739
46	76	200
46	77	43
46	78	1153
46	79	2736
46	80	585
46	81	11
46	82	287
46	83	156
46	84	2
46	85	185
46	87	788
46	88	820
46	89	69
46	91	208
46	92	34
46	93	57
46	94	646
46	95	2
47	0	136
47	1	458
47	2	7
47	3	669
47	4	41
47	5	229
47	6	2
47	8	286
47	9	141
47	10	219
47	11	33
47	12	5
47	13	414
47	14	937
47	15	92
47	16	79
47	17	177
47	18	48
47	19	100
47	20	90
47	21	675
47	22	10
47	23	46
47	25	394
47	26	394
47	27	23
47	28	2
47	32	917
47	33	159
47	34	5
47	35	497
47	36	517
47	37	30
47	38	329
47	40	115
47	41	72
47	42	87
47	43	520
47	44	51
47	46	121
47	47	935
47	48	1613
47	49	25
47	50	309
47	51	1476
47	52	25
47	53	85
47	54	2
47	55	760
47	56	1777
47	57	365
47	58	33
47	59	79
47	60	533
47	61	95
47	62	2607
47	63	2
47	64	128
47	65	10
47	66	87
47	67	28
47	68	18
47	69	10
47	70	141
47	71	43
47	72	206
47	73	2
47	74	316
47	75	95
47	76	968
47	77	182
47	78	2602
47	79	711
47	80	172
47	81	95
47	82	479
47	83	2339
47	84	92
47	85	20
47	86	2
47	87	267
47	88	1185
47	89	355
47	90	10
47	91	347
47	92	72
47	93	430
47	94	474
48	0	16
48	1	28
48	3	2
48	4	28
48	5	21
48	8	40
48	9	4
48	10	23
48	11	4
48	13	14
48	14	71
48	15	4
48	16	7
48	17	47
48	18	16
48	19	4
48	20	16
48	21	11
48	22	7
48	23	7
48	25	210
48	26	135
48	32	135
48	33	28
48	35	28
48	38	28
48	41	4
48	43	21
48	46	52
48	47	2
48	48	1274
48	49	2
48	50	7
48	51	87
48	52	11
48	53	2
48	55	23
48	56	35
48	57	66
48	58	2
48	59	9
48	60	18
48	61	28
48	62	182
48	64	21
48	66	18
48	67	7
48	68	2
48	69	2
48	70	11
48	71	30
48	72	4
48	74	149
48	75	7
48	76	30
48	77	2
48	78	194
48	79	499
48	80	18
48	81	2
48	82	52
48	83	26
48	85	4
48	87	61
48	88	113
48	89	7
48	91	49
48	92	4
48	93	2
48	94	73
49	0	2589
49	1	163
49	3	55
49	4	141
49	5	153
49	7	181
49	8	212
49	9	12
49	10	24
49	11	406
49	13	61
49	14	237
49	15	21
49	16	3131
49	17	4317
49	18	856
49	19	33
49	20	144
49	21	76
49	22	129
49	23	449
49	24	3
49	25	335
49	26	329
49	27	3
49	30	49
49	32	274
49	33	1351
49	35	89
49	36	107
49	37	21
49	38	21
49	40	15
49	41	12
49	42	12
49	43	95
49	44	6
49	46	1398
49	47	27
49	48	1450
49	49	4797
49	50	67
49	51	440
49	52	1028
49	53	12
49	55	215
49	56	190
49	57	471
49	58	2174
49	59	73
49	60	110
49	61	1376
49	62	1034
49	63	3
49	64	4609
49	65	18
49	66	2238
49	67	418
49	68	822
49	69	292
49	70	21
49	71	175
49	72	43
49	73	3
49	74	468
49	75	1573
49	76	92
49	77	46
49	78	652
49	79	554
49	80	1431
49	81	12
49	82	163
49	83	135
49	84	15
49	85	760
49	87	477
49	88	520
49	89	157
49	91	135
49	92	132
49	93	83
49	94	594
50	0	116
50	1	934
50	3	281
50	4	66
50	5	562
50	6	5
50	7	2
50	8	376
50	9	100
50	10	761
50	11	47
50	13	289
50	14	1797
50	15	175
50	16	98
50	17	252
50	18	103
50	19	146
50	20	66
50	21	278
50	22	29
50	23	122
50	25	650
50	26	565
50	27	5
50	28	7
50	30	5
50	32	1839
50	33	172
50	34	10
50	35	1059
50	36	233
50	37	79
50	38	517
50	39	2
50	40	90
50	41	207
50	42	140
50	43	1027
50	44	74
50	46	191
50	47	215
50	48	2516
50	49	71
50	50	1807
50	51	2145
50	52	42
50	53	132
50	54	5
50	55	592
50	56	844
50	57	355
50	58	37
50	59	252
50	60	464
50	61	108
50	62	2670
50	63	2
50	64	127
50	65	21
50	66	122
50	67	23
50	68	21
50	69	26
50	70	289
50	71	103
50	72	76
50	74	422
50	75	82
50	76	708
50	77	568
50	78	6342
50	79	1635
50	80	167
50	81	140
50	82	1290
50	83	942
50	84	21
50	85	23
50	86	5
50	87	302
50	88	1749
50	89	876
50	90	2
50	91	493
50	92	21
50	93	249
50	94	647
51	0	56
51	1	291
51	2	4
51	3	42
51	4	16
51	5	195
51	6	2
51	7	2
51	8	237
51	9	21
51	10	138
51	11	32
51	13	32
51	14	780
51	15	89
51	16	61
51	17	112
51	18	35
51	19	39
51	20	91
51	21	103
51	22	23
51	23	89
51	25	441
51	26	230
51	28	7
51	32	719
51	33	86
51	34	7
51	35	237
51	36	72
51	37	30
51	38	117
51	40	21
51	41	39
51	42	44
51	43	162
51	44	16
51	46	124
51	47	56
51	48	1553
51	49	14
51	50	115
51	51	1642
51	52	28
51	53	44
51	54	2
51	55	192
51	56	331
51	57	378
51	58	11
51	59	122
51	60	298
51	61	42
51	62	1990
51	63	9
51	64	51
51	65	4
51	66	70
51	67	21
51	68	25
51	69	7
51	70	105
51	71	58
51	72	42
51	74	383
51	75	44
51	76	380
51	77	143
51	78	2056
51	79	820
51	80	65
51	81	46
51	82	465
51	83	310
51	84	14
51	85	7
51	86	2
51	87	284
51	88	864
51	89	199
51	90	2
51	91	209
51	92	30
51	93	63
51	94	383
52	0	344
52	1	38
52	3	8
52	4	76
52	5	40
52	7	5
52	8	65
52	9	10
52	11	71
52	13	16
52	14	142
52	15	10
52	16	663
52	17	2513
52	18	357
52	19	10
52	20	65
52	21	13
52	22	62
52	23	251
52	24	2
52	25	251
52	26	144
52	27	2
52	30	5
52	32	133
52	33	243
52	35	24
52	36	10
52	38	10
52	40	2
52	41	2
52	42	8
52	43	10
52	46	650
52	47	2
52	48	877
52	49	226
52	50	32
52	51	144
52	52	650
52	53	5
52	54	2
52	55	24
52	56	38
52	57	218
52	58	188
52	59	10
52	60	27
52	61	1071
52	62	478
52	63	5
52	64	721
52	65	8
52	66	338
52	67	62
52	68	150
52	69	38
52	70	8
52	71	87
52	72	10
52	74	215
52	75	505
52	76	57
52	77	10
52	78	284
52	79	448
52	80	284
52	81	5
52	82	71
52	83	38
52	84	8
52	85	133
52	87	136
52	88	218
52	89	19
52	91	49
52	92	13
52	93	19
52	94	155
53	0	113
53	1	3070
53	2	2
53	3	287
53	4	42
53	5	270
53	8	284
53	9	62
53	10	244
53	11	42
53	13	236
53	14	950
53	15	91
53	16	91
53	17	187
53	18	59
53	19	708
53	20	59
53	21	281
53	22	17
53	23	56
53	25	369
53	26	387
53	27	8
53	28	19
53	30	2
53	32	1300
53	33	133
53	34	2
53	35	876
53	36	270
53	37	247
53	38	415
53	40	119
53	41	102
53	42	398
53	43	1753
53	44	136
53	46	150
53	47	167
53	48	1838
53	49	36
53	50	384
53	51	1681
53	52	56
53	53	1206
53	54	14
53	55	392
53	56	799
53	57	307
53	58	45
53	59	128
53	60	517
53	61	73
53	62	4208
53	63	17
53	64	108
53	65	2
53	66	99
53	67	31
53	68	22
53	69	14
53	70	88
53	71	79
53	72	102
53	74	230
53	75	51
53	76	597
53	77	452
53	78	3514
53	79	853
53	80	193
53	81	768
53	82	426
53	83	1158
53	84	28
53	85	28
53	86	2
53	87	253
53	88	1704
53	89	3377
53	90	8
53	91	318
53	92	51
53	93	230
53	94	426
53	95	5
54	0	7
54	1	15
54	3	7
54	10	15
54	11	7
54	14	15
54	17	15
54	25	7
54	26	7
54	32	7
54	33	7
54	35	15
54	37	7
54	43	7
54	47	7
54	48	7
54	50	15
54	52	7
54	54	7
54	55	7
54	56	7
54	57	22
54	62	45
54	72	15
54	74	15
54	76	7
54	77	68
54	78	53
54	79	45
54	80	7
54	83	15
54	87	22
54	89	7
54	91	7
54	94	7
55	0	151
55	1	585
55	2	14
55	3	417
55	4	37
55	5	322
55	6	4
55	7	4
55	8	669
55	9	191
55	10	207
55	11	63
55	12	4
55	13	336
55	14	1306
55	15	149
55	16	109
55	17	333
55	18	56
55	19	116
55	20	170
55	21	1124
55	22	23
55	23	105
55	24	2
55	25	730
55	26	893
55	27	14
55	28	7
55	30	9
55	31	2
55	32	1108
55	33	217
55	34	2
55	35	597
55	36	1271
55	37	58
55	38	429
55	40	67
55	41	93
55	42	84
55	43	597
55	44	44
55	45	2
55	46	263
55	47	389
55	48	3451
55	49	63
55	50	431
55	51	2387
55	52	56
55	53	84
55	54	7
55	55	5198
55	56	3700
55	57	854
55	58	53
55	59	179
55	60	828
55	61	107
55	62	4781
55	63	16
55	64	123
55	65	23
55	66	147
55	67	44
55	68	25
55	69	35
55	70	163
55	71	112
55	72	532
55	74	555
55	75	133
55	76	732
55	77	205
55	78	3061
55	79	1353
55	80	282
55	81	119
55	82	723
55	83	2125
55	84	119
55	85	30
55	87	616
55	88	1990
55	89	487
55	90	18
55	91	571
55	92	133
55	93	1726
55	94	1633
55	95	4
56	0	213
56	1	696
56	2	10
56	3	837
56	4	62
56	5	325
56	6	2
56	7	2
56	8	377
56	9	221
56	10	369
56	11	96
56	12	2
56	13	561
56	14	1622
56	15	119
56	16	140
56	17	353
56	18	88
56	19	208
56	20	163
56	21	2147
56	22	26
56	23	98
56	24	10
56	25	694
56	26	858
56	27	28
56	28	15
56	30	7
56	31	2
56	32	980
56	33	296
56	34	2
56	35	907
56	36	2178
56	37	93
56	38	426
56	40	218
56	41	182
56	42	127
56	43	780
56	44	109
56	46	257
56	47	621
56	48	2371
56	49	75
56	50	543
56	51	2355
56	52	72
56	53	189
56	54	10
56	55	2446
56	56	7958
56	57	639
56	58	49
56	59	192
56	60	860
56	61	182
56	62	3775
56	63	10
56	64	166
56	65	15
56	66	148
56	67	62
56	68	28
56	69	36
56	70	249
56	71	98
56	72	681
56	74	478
56	75	130
56	76	1037
56	77	280
56	78	3291
56	79	1008
56	80	299
56	81	137
56	82	803
56	83	2792
56	84	182
56	85	33
56	86	2
56	87	413
56	88	2004
56	89	548
56	90	18
56	91	514
56	92	127
56	93	1705
56	94	1180
56	95	10
57	0	646
57	1	258
57	2	5
57	3	51
57	4	134
57	5	177
57	7	18
57	8	1232
57	9	51
57	10	123
57	11	255
57	13	45
57	14	901
57	15	113
57	16	226
57	17	750
57	18	191
57	19	26
57	20	791
57	21	99
57	22	78
57	23	314
57	24	2
57	25	1275
57	26	931
57	27	2
57	28	5
57	30	2
57	31	2
57	32	952
57	33	915
57	34	2
57	35	174
57	36	131
57	37	13
57	38	139
57	40	21
57	41	37
57	42	16
57	43	212
57	44	18
57	46	600
57	47	53
57	48	6373
57	49	99
57	50	123
57	51	1332
57	52	174
57	53	29
57	54	8
57	55	392
57	56	446
57	57	5243
57	58	51
57	59	118
57	60	325
57	61	363
57	62	2995
57	63	13
57	64	489
57	65	13
57	66	441
57	67	153
57	68	40
57	69	91
57	70	104
57	71	266
57	72	34
57	74	1262
57	75	104
57	76	387
57	77	99
57	78	1725
57	79	2040
57	80	697
57	81	32
57	82	347
57	83	495
57	84	10
57	85	45
57	87	2974
57	88	1512
57	89	218
57	90	2
57	91	401
57	92	166
57	93	161
57	94	3055
57	95	8
58	0	1831
58	1	125
58	3	39
58	4	156
58	5	48
58	7	94
58	8	168
58	9	17
58	10	45
58	11	299
58	13	56
58	14	216
58	15	31
58	16	2691
58	17	3654
58	18	837
58	19	28
58	20	74
58	21	34
58	22	156
58	23	364
58	25	307
58	26	199
58	27	5
58	29	5
58	30	37
58	32	165
58	33	971
58	35	56
58	36	94
58	37	8
58	38	31
58	40	2
58	41	11
58	42	8
58	43	94
58	46	1210
58	47	19
58	48	1170
58	49	2287
58	50	51
58	51	293
58	52	828
58	53	19
58	55	102
58	56	142
58	57	341
58	58	2278
58	59	22
58	60	82
58	61	1301
58	62	732
58	63	2
58	64	3748
58	65	11
58	66	1558
58	67	256
58	68	601
58	69	185
58	70	19
58	71	213
58	72	31
58	73	2
58	74	390
58	75	1512
58	76	54
58	77	28
58	78	438
58	79	472
58	80	1145
58	81	19
58	82	102
58	83	119
58	85	566
58	87	381
58	88	361
58	89	79
58	91	105
58	92	79
58	93	76
58	94	538
58	95	8
59	0	58
59	1	382
59	3	113
59	4	29
59	5	1163
59	6	2
59	7	7
59	8	235
59	9	36
59	10	210
59	11	43
59	12	2
59	13	77
59	14	1454
59	15	79
59	16	48
59	17	150
59	18	58
59	19	60
59	20	94
59	21	99
59	22	16
59	23	130
59	24	2
59	25	627
59	26	395
59	27	4
59	28	12
59	30	2
59	32	1160
59	33	63
59	34	9
59	35	276
59	36	104
59	37	55
59	38	232
59	39	2
59	40	29
59	41	67
59	42	31
59	43	269
59	44	29
59	46	191
59	47	101
59	48	2142
59	49	21
59	50	193
59	51	1255
59	52	50
59	53	46
59	54	7
59	55	278
59	56	426
59	57	334
59	58	9
59	59	2503
59	60	315
59	61	75
59	62	2021
59	63	2
59	64	84
59	65	4
59	66	79
59	67	14
59	68	14
59	69	9
59	70	147
59	71	79
59	72	36
59	74	491
59	75	53
59	76	363
59	77	244
59	78	3429
59	79	1580
59	80	70
59	81	36
59	82	1119
59	83	479
59	84	29
59	85	9
59	86	2
59	87	232
59	88	937
59	89	336
59	91	351
59	92	9
59	93	79
59	94	407
59	95	2
60	0	58
60	1	388
60	2	2
60	3	149
60	4	49
60	5	230
60	7	12
60	8	309
60	9	196
60	10	272
60	11	19
60	13	120
60	14	901
60	15	120
60	16	95
60	17	167
60	18	66
60	19	54
60	20	88
60	21	189
60	22	22
60	23	117
60	24	2
60	25	469
60	26	351
60	27	7
60	28	2
60	30	2
60	32	869
60	33	105
60	34	4
60	35	304
60	36	230
60	37	31
60	38	312
60	40	22
60	41	76
60	42	34
60	43	326
60	44	44
60	46	171
60	47	127
60	48	1882
60	49	27
60	50	253
60	51	1540
60	52	22
60	53	56
60	54	4
60	55	525
60	56	663
60	57	437
60	58	24
60	59	184
60	60	1334
60	61	83
60	62	2498
60	63	12
60	64	31
60	65	14
60	66	73
60	67	29
60	68	14
60	69	29
60	70	255
60	71	73
60	72	46
60	74	356
60	75	46
60	76	970
60	77	132
60	78	2176
60	79	889
60	80	98
60	81	54
60	82	606
60	83	791
60	84	19
60	85	9
60	87	336
60	88	1174
60	89	277
60	91	371
60	92	39
60	93	196
60	94	513
60	95	2
61	0	516
61	1	93
61	2	3
61	3	9
61	4	100
61	5	56
61	7	12
61	8	147
61	9	9
61	10	21
61	11	75
61	13	6
61	14	253
61	15	12
61	16	744
61	17	3903
61	18	882
61	19	18
61	20	100
61	21	25
61	22	175
61	23	422
61	24	3
61	25	438
61	26	172
61	30	9
61	32	209
61	33	316
61	34	3
61	35	50
61	36	18
61	38	40
61	40	6
61	41	3
61	42	12
61	43	34
61	46	1302
61	47	12
61	48	1759
61	49	178
61	50	37
61	51	287
61	52	431
61	53	15
61	55	103
61	56	65
61	57	322
61	58	184
61	59	28
61	60	43
61	61	2122
61	62	713
61	63	9
61	64	744
61	66	478
61	67	59
61	68	128
61	69	53
61	70	12
61	71	278
61	72	12
61	73	3
61	74	522
61	75	507
61	76	81
61	77	28
61	78	566
61	79	813
61	80	197
61	81	21
61	82	140
61	83	53
61	84	9
61	85	178
61	87	250
61	88	356
61	89	59
61	91	68
61	92	9
61	93	12
61	94	228
62	0	80
62	1	369
62	3	104
62	4	45
62	5	256
62	7	7
62	8	324
62	9	61
62	10	163
62	11	28
62	13	94
62	14	758
62	15	113
62	16	56
62	17	161
62	18	59
62	19	59
62	20	118
62	21	149
62	22	14
62	23	130
62	25	706
62	26	519
62	27	4
62	28	4
62	30	2
62	32	874
62	33	106
62	34	16
62	35	322
62	36	137
62	37	23
62	38	246
62	40	16
62	41	35
62	42	42
62	43	282
62	44	40
62	46	163
62	47	82
62	48	2394
62	49	23
62	50	246
62	51	1647
62	52	18
62	53	73
62	54	4
62	55	213
62	56	419
62	57	500
62	58	7
62	59	177
62	60	369
62	61	64
62	62	3784
62	63	7
62	64	73
62	65	7
62	66	66
62	67	18
62	68	14
62	69	18
62	70	173
62	71	101
62	72	42
62	74	493
62	75	64
62	76	412
62	77	149
62	78	2069
62	79	1270
62	80	85
62	81	30
62	82	649
62	83	457
62	84	16
62	85	16
62	86	4
62	87	419
62	88	2046
62	89	227
62	90	2
62	91	438
62	92	45
62	93	92
62	94	571
63	0	70
63	1	40
63	2	10
63	3	20
63	5	40
63	8	25
63	9	15
63	10	5
63	11	15
63	13	20
63	14	80
63	15	10
63	16	15
63	17	25
63	18	15
63	19	10
63	21	35
63	23	30
63	24	135
63	25	15
63	26	25
63	27	15
63	30	5
63	31	5
63	32	35
63	33	40
63	35	25
63	36	40
63	37	10
63	38	10
63	41	10
63	43	30
63	46	25
63	47	5
63	48	70
63	49	10
63	50	5
63	51	60
63	53	15
63	55	75
63	56	130
63	57	25
63	58	10
63	59	10
63	60	40
63	62	195
63	63	906
63	64	20
63	66	5
63	67	15
63	69	10
63	70	30
63	71	15
63	72	60
63	74	35
63	75	10
63	76	35
63	77	20
63	78	90
63	79	35
63	80	40
63	81	15
63	82	15
63	83	50
63	85	5
63	87	20
63	88	115
63	89	35
63	90	35
63	91	35
63	92	165
63	93	30
63	94	35
64	0	1012
64	1	73
64	3	32
64	4	174
64	5	43
64	7	40
64	8	174
64	9	8
64	10	19
64	11	152
64	13	13
64	14	133
64	15	16
64	16	1355
64	17	3403
64	18	740
64	19	29
64	20	81
64	21	13
64	22	125
64	23	324
64	24	5
64	25	356
64	26	196
64	27	2
64	30	2
64	32	185
64	33	683
64	35	46
64	36	57
64	37	5
64	38	13
64	40	8
64	41	10
64	42	13
64	43	62
64	44	2
64	46	1067
64	47	24
64	48	1238
64	49	879
64	50	40
64	51	223
64	52	792
64	53	2
64	54	5
64	55	68
64	56	100
64	57	500
64	58	822
64	59	40
64	60	49
64	61	1497
64	62	737
64	64	2894
64	65	10
64	66	1184
64	67	141
64	68	274
64	69	196
64	70	13
64	71	163
64	72	16
64	74	422
64	75	781
64	76	46
64	77	21
64	78	422
64	79	514
64	80	762
64	81	13
64	82	103
64	83	81
64	84	8
64	85	255
64	86	2
64	87	392
64	88	285
64	89	62
64	91	89
64	92	62
64	93	62
64	94	402
65	0	19
65	1	4
65	3	4
65	4	24
65	8	33
65	9	4
65	10	4
65	11	4
65	13	4
65	14	4
65	17	29
65	18	9
65	20	9
65	22	9
65	23	33
65	25	33
65	26	43
65	32	24
65	33	4
65	35	14
65	36	4
65	38	4
65	43	19
65	46	9
65	48	169
65	49	4
65	51	24
65	55	9
65	56	4
65	57	29
65	58	9
65	59	4
65	60	4
65	61	14
65	62	53
65	64	14
65	65	9
65	68	4
65	71	9
65	74	48
65	75	4
65	77	14
65	78	72
65	79	63
65	80	9
65	83	4
65	87	29
65	88	38
65	91	4
65	93	4
65	94	19
66	0	3094
66	1	163
66	3	39
66	4	342
66	5	96
66	7	69
66	8	275
66	9	15
66	10	30
66	11	345
66	13	48
66	14	314
66	15	15
66	16	1205
66	17	3697
66	18	1271
66	19	18
66	20	242
66	21	66
66	22	205
66	23	617
66	25	720
66	26	357
66	28	3
66	30	9
66	32	278
66	33	1308
66	34	3
66	35	105
66	36	63
66	37	12
66	38	69
66	40	18
66	41	15
66	42	21
66	43	118
66	44	15
66	46	1977
66	47	21
66	48	2703
66	49	714
66	50	69
66	51	460
66	52	793
66	53	9
66	54	3
66	55	172
66	56	202
66	57	862
66	58	469
66	59	63
66	60	69
66	61	1671
66	62	1205
66	63	15
66	64	2419
66	65	30
66	66	4217
66	67	317
66	68	230
66	69	224
66	70	21
66	71	336
66	72	42
66	74	862
66	75	723
66	76	139
66	77	48
66	78	729
66	79	1090
66	80	1520
66	81	27
66	82	172
66	83	145
66	84	21
66	85	248
66	86	3
66	87	808
66	88	517
66	89	102
66	90	3
66	91	166
66	92	87
66	93	27
66	94	841
67	0	3089
67	1	183
67	2	2
67	3	61
67	4	247
67	5	86
67	7	44
67	8	469
67	9	27
67	10	44
67	11	1760
67	13	47
67	14	372
67	15	52
67	16	1001
67	17	1918
67	18	439
67	19	55
67	20	211
67	21	44
67	22	94
67	23	303
67	24	2
67	25	517
67	26	514
67	27	5
67	30	102
67	32	280
67	33	4872
67	35	105
67	36	122
67	37	5
67	38	75
67	40	11
67	41	13
67	42	13
67	43	177
67	44	5
67	46	931
67	47	41
67	48	2369
67	49	678
67	50	94
67	51	520
67	52	578
67	53	5
67	54	5
67	55	255
67	56	269
67	57	1565
67	58	461
67	59	55
67	60	122
67	61	700
67	62	1707
67	63	19
67	64	1952
67	65	55
67	66	2316
67	67	2299
67	68	305
67	69	1473
67	70	22
67	71	264
67	72	36
67	74	645
67	75	672
67	76	150
67	77	47
67	78	759
67	79	736
67	80	4054
67	81	19
67	82	272
67	83	189
67	84	13
67	85	264
67	87	1498
67	88	823
67	89	91
67	90	2
67	91	150
67	92	166
67	93	161
67	94	1699
67	95	5
68	0	1192
68	1	227
68	3	41
68	4	134
68	5	77
68	7	103
68	8	206
68	9	20
68	10	20
68	11	247
68	13	67
68	14	340
68	15	36
68	16	2995
68	17	4518
68	18	1125
68	19	87
68	20	72
68	21	41
68	22	284
68	23	361
68	24	5
68	25	377
68	26	304
68	27	10
68	30	5
68	32	273
68	33	661
68	35	92
68	36	103
68	37	30
68	38	51
68	40	25
68	41	46
68	42	20
68	43	154
68	44	5
68	46	1678
68	47	51
68	48	1322
68	49	862
68	50	118
68	51	774
68	52	764
68	53	15
68	55	247
68	56	237
68	57	407
68	58	692
68	59	46
68	60	98
68	61	1523
68	62	1322
68	63	5
68	64	1993
68	65	5
68	66	1146
68	67	175
68	68	2881
68	69	170
68	70	15
68	71	247
68	72	30
68	74	537
68	75	4601
68	76	108
68	77	61
68	78	841
68	79	738
68	80	784
68	81	25
68	82	227
68	83	237
68	84	5
68	85	1223
68	87	423
68	88	547
68	89	139
68	91	118
68	92	61
68	93	72
68	94	464
68	95	5
69	0	789
69	1	80
69	2	3
69	3	16
69	4	41
69	5	41
69	7	96
69	8	128
69	9	9
69	10	41
69	11	580
69	13	6
69	14	174
69	15	19
69	16	341
69	17	535
69	18	106
69	19	16
69	20	58
69	21	22
69	22	16
69	23	99
69	24	16
69	25	167
69	26	199
69	30	274
69	32	151
69	33	1350
69	35	35
69	36	67
69	37	3
69	38	32
69	40	16
69	41	6
69	42	6
69	43	64
69	46	232
69	47	22
69	48	706
69	49	251
69	50	45
69	51	245
69	52	199
69	53	6
69	55	87
69	56	109
69	57	380
69	58	174
69	59	16
69	60	64
69	61	228
69	62	686
69	63	6
69	64	544
69	65	6
69	66	622
69	67	744
69	68	96
69	69	3642
69	70	19
69	71	54
69	72	3
69	74	199
69	75	209
69	76	54
69	77	16
69	78	306
69	79	309
69	80	1289
69	81	6
69	82	119
69	83	135
69	84	6
69	85	93
69	87	454
69	88	306
69	89	41
69	91	99
69	92	116
69	93	58
69	94	393
69	95	3
70	0	67
70	1	503
70	3	105
70	4	25
70	5	347
70	6	2
70	7	4
70	8	358
70	9	63
70	10	708
70	11	42
70	12	2
70	13	115
70	14	1322
70	15	101
70	16	67
70	17	164
70	18	54
70	19	80
70	20	132
70	21	137
70	22	12
70	23	132
70	25	790
70	26	554
70	27	6
70	30	4
70	32	1908
70	33	111
70	34	6
70	35	419
70	36	139
70	37	31
70	38	406
70	40	25
70	41	109
70	42	56
70	43	366
70	44	37
70	46	141
70	47	71
70	48	2517
70	49	33
70	50	362
70	51	1834
70	52	29
70	53	44
70	54	2
70	55	366
70	56	508
70	57	411
70	58	31
70	59	217
70	60	415
70	61	78
70	62	2412
70	63	12
70	64	69
70	65	4
70	66	54
70	67	35
70	68	12
70	69	12
70	70	1028
70	71	92
70	72	42
70	74	381
70	75	54
70	76	598
70	77	240
70	78	3860
70	79	1781
70	80	84
70	81	59
70	82	790
70	83	567
70	84	27
70	85	14
70	86	10
70	87	215
70	88	1267
70	89	322
70	91	392
70	92	10
70	93	126
70	94	499
70	95	2
71	0	89
71	1	67
71	3	3
71	4	102
71	5	67
71	7	9
71	8	105
71	9	9
71	10	22
71	11	35
71	13	6
71	14	236
71	15	9
71	16	95
71	17	361
71	18	57
71	19	6
71	20	131
71	21	25
71	22	89
71	23	482
71	25	517
71	26	249
71	32	380
71	33	118
71	35	54
71	36	35
71	37	3
71	38	22
71	40	3
71	41	19
71	42	6
71	43	19
71	46	453
71	47	12
71	48	1761
71	49	28
71	50	41
71	51	265
71	52	89
71	53	6
71	54	3
71	55	44
71	56	79
71	57	185
71	58	38
71	59	47
71	60	83
71	61	172
71	62	655
71	63	6
71	64	99
71	65	15
71	66	86
71	67	25
71	68	9
71	69	9
71	70	15
71	71	1026
71	72	19
71	74	827
71	75	54
71	76	131
71	77	25
71	78	600
71	79	1476
71	80	115
71	81	6
71	82	111
71	83	150
71	84	3
71	85	12
71	87	249
71	88	335
71	89	54
71	91	92
71	92	19
71	93	25
71	94	134
72	0	74
72	1	284
72	2	53
72	3	246
72	4	10
72	5	76
72	7	2
72	8	119
72	9	45
72	10	37
72	11	58
72	12	2
72	13	130
72	14	249
72	15	50
72	16	95
72	17	111
72	18	47
72	19	55
72	20	47
72	21	674
72	22	5
72	23	26
72	24	15
72	25	124
72	26	222
72	27	103
72	31	2
72	32	175
72	33	132
72	35	188
72	36	544
72	37	26
72	38	66
72	40	66
72	41	26
72	42	23
72	43	193
72	44	10
72	46	106
72	47	169
72	48	631
72	49	53
72	50	108
72	51	525
72	52	34
72	53	34
72	54	5
72	55	740
72	56	1661
72	57	140
72	58	23
72	59	39
72	60	230
72	61	42
72	62	1098
72	63	21
72	64	111
72	66	61
72	67	34
72	68	15
72	69	26
72	70	34
72	71	34
72	72	2269
72	73	7
72	74	106
72	75	50
72	76	207
72	77	53
72	78	923
72	79	299
72	80	116
72	81	47
72	82	145
72	83	759
72	84	47
72	85	7
72	87	90
72	88	411
72	89	177
72	90	26
72	91	148
72	92	50
72	93	732
72	94	302
73	0	10
73	1	10
73	3	35
73	4	3
73	5	7
73	8	7
73	11	3
73	12	10
73	13	21
73	14	3
73	16	10
73	17	7
73	18	7
73	21	31
73	25	10
73	26	14
73	27	140
73	32	17
73	35	24
73	36	38
73	38	7
73	40	7
73	42	3
73	43	21
73	47	17
73	48	35
73	50	14
73	51	14
73	53	3
73	55	14
73	56	63
73	57	7
73	59	7
73	60	7
73	61	3
73	62	70
73	63	3
73	64	21
73	66	7
73	67	7
73	71	7
73	72	59
73	73	7
73	74	3
73	76	3
73	78	56
73	79	17
73	80	31
73	81	7
73	83	28
73	84	14
73	85	7
73	87	3
73	88	24
73	89	28
73	91	7
73	92	7
73	93	42
73	94	17
74	0	290
74	1	298
74	3	45
74	4	277
74	5	258
74	6	2
74	7	5
74	8	765
74	9	61
74	10	74
74	11	58
74	13	37
74	14	797
74	15	42
74	16	234
74	17	1226
74	18	295
74	19	42
74	20	477
74	21	109
74	22	141
74	23	871
74	24	5
74	25	1967
74	26	693
74	27	2
74	30	2
74	32	1386
74	33	279
74	35	199
74	36	77
74	37	10
74	38	106
74	40	18
74	41	37
74	42	23
74	43	210
74	44	21
74	46	1039
74	47	39
74	48	11287
74	49	58
74	50	143
74	51	909
74	52	202
74	53	47
74	54	2
74	55	194
74	56	247
74	57	1082
74	58	77
74	59	79
74	60	255
74	61	703
74	62	2338
74	63	10
74	64	269
74	65	23
74	66	285
74	67	63
74	68	55
74	69	31
74	70	58
74	71	1111
74	72	23
74	74	5078
74	75	87
74	76	469
74	77	119
74	78	2031
74	79	4609
74	80	202
74	81	45
74	82	394
74	83	346
74	84	18
74	85	31
74	86	7
74	87	1074
74	88	1010
74	89	141
74	91	290
74	92	42
74	93	71
74	94	751
74	95	5
75	0	1130
75	1	121
75	2	3
75	3	65
75	4	194
75	5	52
75	7	148
75	8	161
75	9	3
75	10	19
75	11	240
75	13	23
75	14	247
75	15	19
75	16	2770
75	17	5254
75	18	1074
75	19	52
75	20	115
75	21	52
75	22	191
75	23	566
75	25	243
75	26	214
75	27	3
75	28	3
75	30	23
75	32	220
75	33	784
75	35	82
75	36	39
75	37	26
75	38	49
75	40	9
75	41	13
75	42	9
75	43	108
75	44	9
75	46	2164
75	47	32
75	48	1400
75	49	948
75	50	69
75	51	454
75	52	803
75	53	13
75	55	141
75	56	181
75	57	309
75	58	764
75	59	32
75	60	75
75	61	1686
75	62	853
75	63	9
75	64	2082
75	65	32
75	66	1113
75	67	177
75	68	1479
75	69	141
75	70	16
75	71	260
75	72	23
75	74	504
75	75	6094
75	76	88
75	77	36
75	78	553
75	79	438
75	80	751
75	81	13
75	82	128
75	83	128
75	84	9
75	85	800
75	87	359
75	88	329
75	89	79
75	91	108
75	92	52
75	93	39
75	94	230
75	95	6
76	0	187
76	1	1125
76	2	8
76	3	393
76	4	79
76	5	525
76	6	5
76	7	16
76	8	671
76	9	167
76	10	767
76	11	85
76	13	360
76	14	1920
76	15	181
76	16	178
76	17	349
76	18	140
76	19	178
76	20	154
76	21	396
76	22	46
76	23	192
76	24	2
76	25	954
76	26	987
76	27	2
76	30	5
76	32	2258
76	33	269
76	34	11
76	35	836
76	36	343
76	37	88
76	38	1284
76	40	79
76	41	242
76	42	145
76	43	929
76	44	101
76	46	277
76	47	349
76	48	3730
76	49	52
76	50	734
76	51	3135
76	52	121
76	53	112
76	54	22
76	55	894
76	56	1485
76	57	613
76	58	52
76	59	305
76	60	1083
76	61	206
76	62	4159
76	63	24
76	64	231
76	65	30
76	66	167
76	67	93
76	68	44
76	69	33
76	70	415
76	71	176
76	72	165
76	73	2
76	74	629
76	75	162
76	76	4368
76	77	371
76	78	5595
76	79	2109
76	80	294
76	81	110
76	82	1664
76	83	1837
76	84	85
76	85	30
76	86	8
76	87	464
76	88	2588
76	89	693
76	91	734
76	92	68
76	93	374
76	94	973
77	0	118
77	1	577
77	2	5
77	3	97
77	4	25
77	5	314
77	7	5
77	8	123
77	9	36
77	10	113
77	11	67
77	12	5
77	13	92
77	14	613
77	15	30
77	16	149
77	17	371
77	18	128
77	19	51
77	20	82
77	21	123
77	22	20
77	23	144
77	24	5
77	25	237
77	26	242
77	27	5
77	28	30
77	32	768
77	33	175
77	35	510
77	36	128
77	37	108
77	38	201
77	40	46
77	41	41
77	42	103
77	43	288
77	44	61
77	46	268
77	47	82
77	48	1000
77	49	51
77	50	226
77	51	922
77	52	67
77	53	87
77	54	72
77	55	206
77	56	247
77	57	330
77	58	25
77	59	165
77	60	232
77	61	139
77	62	1227
77	63	20
77	64	92
77	65	5
77	66	113
77	67	10
77	68	10
77	69	30
77	70	82
77	71	103
77	72	61
77	74	376
77	75	77
77	76	345
77	77	4723
77	78	2573
77	79	696
77	80	118
77	81	41
77	82	257
77	83	319
77	84	51
77	85	30
77	86	5
77	87	417
77	88	464
77	89	340
77	90	5
77	91	185
77	92	41
77	93	82
77	94	283
78	0	83
78	1	614
78	2	2
78	3	161
78	4	46
78	5	437
78	6	7
78	7	5
78	8	343
78	9	33
78	10	291
78	11	54
78	12	2
78	13	117
78	14	1221
78	15	59
78	16	83
78	17	250
78	18	83
78	19	93
78	20	184
78	21	140
78	22	28
78	23	158
78	25	940
78	26	450
78	27	2
78	28	2
78	32	1622
78	33	132
78	34	7
78	35	523
78	36	104
78	37	33
78	38	299
78	40	39
78	41	80
78	42	98
78	43	424
78	44	26
78	46	161
78	47	46
78	48	3117
78	49	44
78	50	408
78	51	1721
78	52	62
78	53	109
78	54	10
78	55	403
78	56	513
78	57	510
78	58	28
78	59	182
78	60	304
78	61	140
78	62	2352
78	63	18
78	64	91
78	65	15
78	66	91
78	67	20
78	68	13
78	69	15
78	70	140
78	71	101
78	72	44
78	74	708
78	75	59
78	76	474
78	77	328
78	78	9429
78	79	1706
78	80	85
78	81	67
78	82	867
78	83	479
78	84	23
78	85	23
78	86	5
78	87	330
78	88	1161
78	89	424
78	90	7
78	91	320
78	92	26
78	93	80
78	94	510
78	95	2
79	0	106
79	1	357
79	2	3
79	3	90
79	4	102
79	5	342
79	6	3
79	7	3
79	8	456
79	9	43
79	10	137
79	11	39
79	13	102
79	14	1069
79	15	74
79	16	125
79	17	668
79	18	184
79	19	31
79	20	232
79	21	125
79	22	70
79	23	342
79	24	3
79	25	1718
79	26	641
79	27	3
79	30	3
79	32	2225
79	33	200
79	34	11
79	35	283
79	36	98
79	37	23
79	38	255
79	40	11
79	41	39
79	42	51
79	43	334
79	44	27
79	46	452
79	47	82
79	48	5950
79	49	62
79	50	247
79	51	1514
79	52	129
79	53	55
79	55	279
79	56	428
79	57	774
79	58	47
79	59	196
79	60	283
79	61	251
79	62	2701
79	63	15
79	64	216
79	65	23
79	66	157
79	67	43
79	68	19
79	69	23
79	70	110
79	71	275
79	72	23
79	74	1317
79	75	90
79	76	601
79	77	173
79	78	3087
79	79	10646
79	80	165
79	81	51
79	82	1541
79	83	424
79	84	19
79	85	15
79	86	7
79	87	542
79	88	1293
79	89	377
79	91	629
79	92	47
79	93	90
79	94	637
79	95	3
80	0	870
80	1	69
80	2	2
80	3	19
80	4	130
80	5	47
80	7	19
80	8	288
80	9	11
80	10	22
80	11	443
80	13	16
80	14	160
80	15	16
80	16	257
80	17	659
80	18	252
80	19	11
80	20	149
80	21	33
80	22	63
80	23	196
80	24	2
80	25	324
80	26	255
80	27	2
80	30	30
80	32	105
80	33	1652
80	35	55
80	36	41
80	38	27
80	40	8
80	42	16
80	43	44
80	46	460
80	47	16
80	48	1394
80	49	166
80	50	44
80	51	224
80	52	169
80	53	8
80	54	2
80	55	110
80	56	108
80	57	781
80	58	138
80	59	5
80	60	72
80	61	279
80	62	978
80	63	8
80	64	521
80	65	16
80	66	712
80	67	316
80	68	85
80	69	238
80	70	19
80	71	130
80	72	11
80	74	318
80	75	194
80	76	66
80	77	8
80	78	335
80	79	471
80	80	1815
80	81	19
80	82	121
80	83	74
80	84	5
80	85	74
80	87	803
80	88	421
80	89	58
80	91	52
80	92	77
80	93	88
80	94	681
81	0	51
81	1	1065
81	3	154
81	4	22
81	5	105
81	7	2
81	8	114
81	9	14
81	10	57
81	11	22
81	13	71
81	14	280
81	15	17
81	16	40
81	17	94
81	18	22
81	19	277
81	20	20
81	21	214
81	22	8
81	23	22
81	25	191
81	26	114
81	27	8
81	32	394
81	33	62
81	35	220
81	36	134
81	37	80
81	38	165
81	40	77
81	41	77
81	42	174
81	43	565
81	44	42
81	46	60
81	47	62
81	48	648
81	49	22
81	50	128
81	51	662
81	52	22
81	53	271
81	54	8
81	55	174
81	56	331
81	57	122
81	58	20
81	59	48
81	60	214
81	61	62
81	62	1428
81	63	5
81	64	48
81	66	77
81	67	20
81	68	5
81	70	40
81	71	25
81	72	54
81	74	91
81	75	51
81	76	245
81	77	125
81	78	1371
81	79	368
81	80	51
81	81	582
81	82	185
81	83	540
81	84	51
81	85	28
81	87	105
81	88	648
81	89	997
81	91	128
81	92	14
81	93	94
81	94	205
82	0	84
82	1	233
82	3	54
82	4	111
82	5	693
82	6	2
82	7	7
82	8	477
82	9	74
82	10	285
82	11	42
82	13	59
82	14	1921
82	15	91
82	16	79
82	17	385
82	18	96
82	19	37
82	20	213
82	21	62
82	22	74
82	23	454
82	24	2
82	25	1511
82	26	606
82	27	2
82	28	2
82	32	1717
82	33	161
82	34	4
82	35	427
82	36	62
82	37	17
82	38	174
82	40	4
82	41	62
82	42	44
82	43	211
82	44	12
82	46	300
82	47	57
82	48	4822
82	49	47
82	50	231
82	51	1779
82	52	59
82	53	24
82	54	14
82	55	178
82	56	280
82	57	758
82	58	32
82	59	427
82	60	437
82	61	188
82	62	3025
82	63	14
82	64	171
82	65	17
82	66	101
82	67	17
82	68	42
82	69	4
82	70	206
82	71	372
82	72	22
82	74	1083
82	75	64
82	76	566
82	77	223
82	78	4797
82	79	4387
82	80	94
82	81	42
82	82	5866
82	83	405
82	84	9
82	85	12
82	86	7
82	87	671
82	88	1476
82	89	213
82	91	815
82	92	22
82	93	74
82	94	735
82	95	4
83	0	126
83	1	561
83	2	2
83	3	478
83	4	56
83	5	281
83	7	4
83	8	401
83	9	223
83	10	291
83	11	42
83	12	7
83	13	359
83	14	1070
83	15	79
83	16	91
83	17	213
83	18	51
83	19	96
83	20	82
83	21	633
83	22	16
83	23	65
83	25	500
83	26	530
83	27	37
83	28	18
83	30	7
83	31	2
83	32	1094
83	33	185
83	34	9
83	35	453
83	36	504
83	37	42
83	38	380
83	40	96
83	41	103
83	42	79
83	43	537
83	44	54
83	46	199
83	47	493
83	48	2117
83	49	44
83	50	464
83	51	1890
83	52	49
83	53	65
83	54	9
83	55	1070
83	56	1721
83	57	460
83	58	23
83	59	108
83	60	772
83	61	89
83	62	3193
83	63	7
83	64	112
83	65	11
83	66	75
83	67	42
83	68	23
83	69	18
83	70	192
83	71	68
83	72	260
83	74	464
83	75	79
83	76	1314
83	77	244
83	78	3136
83	79	1042
83	80	204
83	81	86
83	82	723
83	83	3373
83	84	70
83	85	16
83	86	2
83	87	363
83	88	1561
83	89	356
83	90	14
83	91	396
83	92	86
83	93	469
83	94	596
83	95	2
84	0	33
84	1	254
84	3	350
84	4	5
84	5	36
84	8	83
84	9	20
84	10	38
84	11	7
84	13	122
84	14	228
84	15	10
84	16	10
84	17	54
84	18	15
84	19	44
84	20	12
84	21	293
84	22	5
84	23	15
84	25	72
84	26	124
84	27	5
84	32	233
84	33	46
84	34	2
84	35	132
84	36	153
84	37	31
84	38	90
84	40	62
84	41	38
84	42	36
84	43	215
84	44	20
84	46	23
84	47	111
84	48	358
84	49	5
84	50	98
84	51	421
84	52	15
84	53	31
84	54	2
84	55	218
84	56	524
84	57	62
84	58	7
84	59	23
84	60	176
84	61	18
84	62	766
84	63	2
84	64	38
84	66	18
84	67	5
84	68	2
84	69	2
84	70	23
84	71	20
84	72	25
84	74	51
84	75	20
84	76	168
84	77	38
84	78	649
84	79	168
84	80	51
84	81	77
84	82	132
84	83	402
84	84	259
84	85	12
84	87	64
84	88	356
84	89	168
84	91	77
84	92	20
84	93	98
84	94	148
84	95	2
85	0	1760
85	1	206
85	2	3
85	3	45
85	4	174
85	5	78
85	7	246
85	8	180
85	9	13
85	10	39
85	11	262
85	13	52
85	14	295
85	15	36
85	16	4922
85	17	6183
85	18	1228
85	19	55
85	20	101
85	21	52
85	22	180
85	23	587
85	25	361
85	26	318
85	27	9
85	30	45
85	32	275
85	33	1192
85	35	49
85	36	82
85	37	19
85	38	78
85	40	6
85	41	19
85	42	36
85	43	111
85	44	6
85	46	1569
85	47	49
85	48	2213
85	49	1776
85	50	72
85	51	561
85	52	1123
85	53	13
85	54	3
85	55	151
85	56	206
85	57	436
85	58	1533
85	59	32
85	60	124
85	61	2256
85	62	1119
85	63	13
85	64	3457
85	65	22
85	66	1727
85	67	229
85	68	2502
85	69	252
85	70	36
85	71	364
85	72	19
85	74	666
85	75	4525
85	76	105
85	77	29
85	78	729
85	79	620
85	80	1044
85	81	55
85	82	187
85	83	167
85	84	36
85	85	2755
85	87	630
85	88	505
85	89	187
85	91	134
85	92	36
85	93	39
85	94	443
85	95	3
86	0	2
86	1	2
86	3	2
86	8	2
86	9	2
86	10	2
86	14	7
86	15	2
86	17	2
86	19	2
86	21	2
86	26	7
86	32	11
86	35	2
86	37	4
86	38	7
86	41	4
86	43	7
86	47	7
86	48	9
86	50	4
86	51	4
86	55	2
86	56	11
86	57	7
86	59	2
86	61	2
86	67	2
86	70	2
86	71	4
86	74	9
86	75	2
86	76	2
86	78	9
86	79	4
86	81	7
86	82	4
86	83	4
86	88	2
86	89	9
86	91	2
86	94	2
87	0	422
87	1	264
87	3	44
87	4	223
87	5	137
87	7	7
87	8	920
87	9	15
87	10	64
87	11	186
87	13	54
87	14	487
87	15	38
87	16	171
87	17	619
87	18	155
87	19	33
87	20	770
87	21	72
87	22	62
87	23	262
87	25	1022
87	26	677
87	27	5
87	28	7
87	30	5
87	32	671
87	33	630
87	35	160
87	36	95
87	37	12
87	38	103
87	40	12
87	41	31
87	42	18
87	43	181
87	44	10
87	46	438
87	47	31
87	48	7017
87	49	70
87	50	106
87	51	754
87	52	160
87	53	25
87	54	2
87	55	223
87	56	293
87	57	3227
87	58	46
87	59	72
87	60	194
87	61	290
87	62	2326
87	63	7
87	64	453
87	65	31
87	66	365
87	67	140
87	68	18
87	69	83
87	70	54
87	71	264
87	72	15
87	74	1328
87	75	75
87	76	249
87	77	80
87	78	1393
87	79	1634
87	80	658
87	81	36
87	82	277
87	83	230
87	84	18
87	85	18
87	86	2
87	87	4378
87	88	1177
87	89	140
87	91	238
87	92	98
87	93	111
87	94	1800
87	95	7
88	0	144
88	1	682
88	2	5
88	3	159
88	4	118
88	5	476
88	6	2
88	7	2
88	8	602
88	9	82
88	10	303
88	11	69
88	13	182
88	14	2184
88	15	139
88	16	110
88	17	293
88	18	118
88	19	108
88	20	133
88	21	211
88	22	54
88	23	231
88	24	2
88	25	1156
88	26	909
88	27	10
88	28	2
88	30	2
88	32	1573
88	33	159
88	34	10
88	35	497
88	36	260
88	37	54
88	38	391
88	39	2
88	40	61
88	41	79
88	42	66
88	43	525
88	44	38
88	46	316
88	47	108
88	48	3773
88	49	38
88	50	340
88	51	2264
88	52	51
88	53	82
88	55	510
88	56	770
88	57	808
88	58	33
88	59	270
88	60	533
88	61	159
88	62	4415
88	63	10
88	64	154
88	65	10
88	66	131
88	67	59
88	68	25
88	69	18
88	70	146
88	71	193
88	72	87
88	74	881
88	75	118
88	76	631
88	77	180
88	78	3549
88	79	2478
88	80	154
88	81	54
88	82	1543
88	83	587
88	84	25
88	85	23
88	87	592
88	88	4003
88	89	435
88	91	1110
88	92	38
88	93	213
88	94	929
88	95	5
89	0	233
89	1	6852
89	2	2
89	3	690
89	4	71
89	5	577
89	6	22
89	7	16
89	8	448
89	9	93
89	10	443
89	11	66
89	13	632
89	14	2325
89	15	162
89	16	203
89	17	374
89	18	101
89	19	820
89	20	118
89	21	555
89	22	33
89	23	68
89	24	2
89	25	671
89	26	734
89	27	11
89	28	13
89	30	5
89	32	2039
89	33	297
89	34	5
89	35	2897
89	36	569
89	37	619
89	38	740
89	40	195
89	41	242
89	42	594
89	43	4570
89	44	231
89	46	321
89	47	305
89	48	3002
89	49	85
89	50	1279
89	51	3393
89	52	49
89	53	1183
89	54	13
89	55	866
89	56	1587
89	57	481
89	58	99
89	59	244
89	60	1065
89	61	145
89	62	6131
89	63	8
89	64	302
89	65	11
89	66	233
89	67	68
89	68	49
89	69	35
89	70	330
89	71	129
89	72	184
89	74	467
89	75	162
89	76	1023
89	77	1120
89	78	7047
89	79	1403
89	80	332
89	81	792
89	82	1084
89	83	1841
89	84	222
89	85	46
89	86	13
89	87	426
89	88	3428
89	89	10515
89	91	704
89	92	104
89	93	443
89	94	847
90	0	33
90	1	33
90	2	4
90	3	23
90	4	4
90	5	4
90	8	4
90	10	23
90	11	23
90	12	4
90	13	4
90	14	47
90	15	4
90	16	33
90	17	28
90	18	14
90	19	4
90	21	28
90	25	14
90	26	4
90	27	37
90	31	4
90	32	23
90	33	9
90	35	28
90	36	47
90	37	14
90	40	4
90	43	4
90	45	4
90	46	14
90	47	4
90	48	28
90	49	14
90	50	18
90	51	18
90	55	28
90	56	94
90	57	23
90	58	4
90	60	14
90	61	14
90	62	127
90	63	42
90	64	14
90	66	33
90	67	9
90	68	4
90	72	113
90	73	4
90	74	4
90	76	18
90	78	70
90	79	42
90	80	9
90	81	4
90	82	9
90	83	52
90	84	4
90	87	18
90	88	89
90	89	9
90	90	61
90	91	18
90	92	9
90	93	37
90	94	28
91	0	143
91	1	595
91	2	2
91	3	138
91	4	121
91	5	751
91	6	2
91	7	19
91	8	618
91	9	74
91	10	299
91	11	54
91	13	155
91	14	2237
91	15	173
91	16	143
91	17	338
91	18	106
91	19	74
91	20	182
91	21	224
91	22	69
91	23	313
91	24	4
91	25	1641
91	26	959
91	27	7
91	28	4
91	29	2
91	30	2
91	32	1948
91	33	252
91	34	4
91	35	484
91	36	215
91	37	59
91	38	338
91	40	34
91	41	81
91	42	51
91	43	472
91	44	66
91	46	373
91	47	111
91	48	5201
91	49	34
91	50	294
91	51	2116
91	52	51
91	53	121
91	54	2
91	55	558
91	56	699
91	57	855
91	58	44
91	59	425
91	60	553
91	61	140
91	62	4304
91	63	12
91	64	153
91	65	9
91	66	138
91	67	54
91	68	24
91	69	19
91	70	200
91	71	309
91	72	84
91	74	1033
91	75	111
91	76	672
91	77	306
91	78	3936
91	79	4257
91	80	212
91	81	69
91	82	1960
91	83	642
91	84	29
91	85	14
91	86	4
91	87	729
91	88	2895
91	89	407
91	91	2549
91	92	69
91	93	150
91	94	907
92	0	474
92	1	266
92	2	5
92	3	109
92	4	45
92	5	106
92	6	5
92	7	25
92	8	497
92	9	30
92	10	86
92	11	360
92	12	2
92	13	172
92	14	555
92	15	58
92	16	195
92	17	345
92	18	114
92	19	50
92	20	192
92	21	258
92	22	20
92	23	131
92	24	55
92	25	395
92	26	487
92	27	17
92	28	7
92	29	2
92	30	22
92	31	2
92	32	365
92	33	847
92	34	10
92	35	243
92	36	365
92	37	27
92	38	76
92	40	35
92	41	32
92	42	71
92	43	258
92	44	10
92	46	299
92	47	111
92	48	1966
92	49	134
92	50	106
92	51	685
92	52	121
92	53	53
92	54	10
92	55	662
92	56	944
92	57	964
92	58	93
92	59	45
92	60	291
92	61	175
92	62	2017
92	63	208
92	64	406
92	65	7
92	66	337
92	67	175
92	68	22
92	69	114
92	70	55
92	71	98
92	72	177
92	73	2
92	74	347
92	75	147
92	76	236
92	77	65
92	78	1360
92	79	634
92	80	870
92	81	32
92	82	236
92	83	441
92	84	38
92	85	50
92	87	933
92	88	796
92	89	271
92	90	2
92	91	159
92	92	7125
92	93	1319
92	94	2603
93	0	242
93	1	488
93	2	37
93	3	403
93	4	32
93	5	183
93	7	12
93	8	446
93	9	156
93	10	136
93	11	131
93	12	4
93	13	351
93	14	850
93	15	106
93	16	161
93	17	257
93	18	126
93	19	128
93	20	101
93	21	1040
93	22	12
93	23	109
93	24	22
93	25	394
93	26	579
93	27	47
93	28	2
93	29	2
93	30	2
93	32	520
93	33	364
93	34	2
93	35	399
93	36	1653
93	37	49
93	38	208
93	40	123
93	41	59
93	42	69
93	43	451
93	44	24
93	46	223
93	47	349
93	48	1871
93	49	59
93	50	285
93	51	1439
93	52	42
93	53	104
93	55	2490
93	56	3407
93	57	468
93	58	79
93	59	123
93	60	614
93	61	94
93	62	2669
93	63	34
93	64	156
93	65	2
93	66	148
93	67	64
93	68	32
93	69	24
93	70	126
93	71	91
93	72	783
93	73	2
93	74	406
93	75	158
93	76	480
93	77	138
93	78	1990
93	79	696
93	80	423
93	81	84
93	82	403
93	83	1372
93	84	109
93	85	49
93	87	441
93	88	1372
93	89	399
93	90	32
93	91	339
93	92	215
93	93	4555
93	94	1323
94	0	568
94	1	226
94	3	45
94	4	99
94	5	165
94	6	2
94	7	5
94	8	1023
94	9	48
94	10	129
94	11	327
94	13	60
94	14	871
94	15	104
94	16	177
94	17	670
94	18	190
94	19	17
94	20	695
94	21	126
94	22	58
94	23	279
94	24	10
94	25	822
94	26	1015
94	27	5
94	30	5
94	32	782
94	33	1021
94	34	2
94	35	175
94	36	256
94	37	12
94	38	124
94	40	27
94	41	35
94	42	25
94	43	210
94	44	5
94	46	614
94	47	76
94	48	4749
94	49	91
94	50	99
94	51	1181
94	52	134
94	53	43
94	54	5
94	55	469
94	56	607
94	57	4155
94	58	83
94	59	124
94	60	424
94	61	332
94	62	3174
94	63	7
94	64	462
94	65	17
94	66	452
94	67	152
94	68	38
94	69	78
94	70	104
94	71	264
94	72	58
94	74	1036
94	75	124
94	76	467
94	77	93
94	78	1747
94	79	1678
94	80	876
94	81	33
94	82	441
94	83	548
94	84	12
94	85	48
94	86	2
94	87	2369
94	88	1653
94	89	134
94	90	2
94	91	330
94	92	464
94	93	274
94	94	7114
94	95	10
95	1	21
95	3	3
95	4	3
95	5	6
95	8	118
95	10	3
95	11	3
95	14	36
95	16	9
95	17	12
95	18	3
95	20	12
95	21	9
95	23	3
95	25	48
95	26	45
95	32	36
95	35	6
95	36	6
95	41	3
95	43	12
95	46	12
95	47	6
95	48	233
95	50	12
95	51	27
95	53	3
95	55	15
95	56	39
95	57	75
95	60	18
95	61	9
95	62	87
95	64	9
95	65	3
95	66	3
95	68	3
95	71	6
95	74	24
95	75	3
95	76	27
95	78	103
95	79	78
95	80	6
95	81	3
95	82	9
95	83	18
95	87	36
95	88	69
95	89	9
95	91	12
95	93	3
95	94	72
95	95	9
