0 4.14952e-23
0.0117188 7.89167e-23
0.0234375 2.31812e-20
0.0351562 5.2263e-16
0.046875 6.3937e-13
0.0585938 5.7343e-10
0.0703125 4.05631e-07
0.0820312 9.97888e-05
0.09375 0.000344301
0.105469 0.000674469
0.117188 0.00111379
0.128906 0.00153926
0.140625 0.00214851
0.152344 0.00295035
0.164062 0.0036609
0.175781 0.00433771
0.1875 0.0050697
0.199219 0.00586876
0.210938 0.00673398
0.222656 0.00768538
0.234375 0.00860971
0.246094 0.009471
0.257812 0.0103125
0.269531 0.0111797
0.28125 0.0121151
0.292969 0.0131464
0.304688 0.0142681
0.316406 0.015456
0.328125 0.016703
0.339844 0.0180287
0.351562 0.0194684
0.363281 0.0210603
0.375 0.0228343
0.386719 0.0248009
0.398438 0.0269463
0.410156 0.0292407
0.421875 0.0316526
0.433594 0.03416
0.445312 0.0367524
0.457031 0.0394268
0.46875 0.0421836
0.480469 0.0450229
0.492188 0.0479428
0.503906 0.0509386
0.515625 0.0540037
0.527344 0.0571294
0.539062 0.0603065
0.550781 0.0635257
0.5625 0.0667783
0.574219 0.0700565
0.585938 0.0733537
0.597656 0.0766641
0.609375 0.0799829
0.621094 0.0833062
0.632812 0.0866306
0.644531 0.0899532
0.65625 0.0932718
0.667969 0.0965841
0.679688 0.0998884
0.691406 0.103183
0.703125 0.106467
0.714844 0.109738
0.726562 0.112996
0.738281 0.11624
0.75 0.119469
0.761719 0.122682
0.773438 0.125879
0.785156 0.129058
0.796875 0.13222
0.808594 0.135364
0.820312 0.13849
0.832031 0.141597
0.84375 0.144686
0.855469 0.147755
0.867188 0.150806
0.878906 0.153837
0.890625 0.15685
0.902344 0.159843
0.914062 0.162817
0.925781 0.165772
0.9375 0.168707
0.949219 0.171624
0.960938 0.174522
0.972656 0.177402
0.984375 0.180262
0.996094 0.183105
1.00781 0.185929
1.01953 0.188735
1.03125 0.191523
1.04297 0.194294
1.05469 0.197047
1.06641 0.199783
1.07812 0.202501
1.08984 0.205203
1.10156 0.207888
1.11328 0.210557
1.125 0.21321
1.13672 0.215846
1.14844 0.218467
1.16016 0.221072
1.17188 0.223661
1.18359 0.226236
1.19531 0.228795
1.20703 0.23134
1.21875 0.23387
1.23047 0.236386
1.24219 0.238887
1.25391 0.241374
1.26562 0.243848
1.27734 0.246308
1.28906 0.248754
1.30078 0.251187
1.3125 0.253607
1.32422 0.256015
1.33594 0.258409
1.34766 0.26079
1.35938 0.26316
1.37109 0.265516
1.38281 0.267861
1.39453 0.270194
1.40625 0.272514
1.41797 0.274823
1.42969 0.277121
1.44141 0.279407
1.45312 0.281681
1.46484 0.283944
1.47656 0.286197
1.48828 0.288438
1.5 0.290668
1.51172 0.292887
1.52344 0.295096
1.53516 0.297295
1.54688 0.299482
1.55859 0.30166
1.57031 0.303827
1.58203 0.305984
1.59375 0.308131
1.60547 0.310268
1.61719 0.312395
1.62891 0.314512
1.64062 0.31662
1.65234 0.318717
1.66406 0.320806
1.67578 0.322884
1.6875 0.324954
1.69922 0.327013
1.71094 0.329064
1.72266 0.331105
1.73438 0.333137
1.74609 0.33516
1.75781 0.337174
1.76953 0.339179
1.78125 0.341175
1.79297 0.343162
1.80469 0.34514
1.81641 0.34711
1.82812 0.34907
1.83984 0.351022
1.85156 0.352965
1.86328 0.3549
1.875 0.356826
1.88672 0.358743
1.89844 0.360652
1.91016 0.362553
1.92188 0.364445
1.93359 0.366328
1.94531 0.368204
1.95703 0.37007
1.96875 0.371929
1.98047 0.37378
1.99219 0.375622
2.00391 0.377456
2.01562 0.379281
2.02734 0.381099
2.03906 0.382908
2.05078 0.38471
2.0625 0.386503
2.07422 0.388288
2.08594 0.390065
2.09766 0.391835
2.10938 0.393596
2.12109 0.395349
2.13281 0.397094
2.14453 0.398832
2.15625 0.400561
2.16797 0.402283
2.17969 0.403997
2.19141 0.405703
2.20312 0.407401
2.21484 0.409091
2.22656 0.410774
2.23828 0.412448
2.25 0.414115
2.26172 0.415774
2.27344 0.417426
2.28516 0.41907
2.29688 0.420706
2.30859 0.422335
2.32031 0.423955
2.33203 0.425569
2.34375 0.427174
2.35547 0.428772
2.36719 0.430363
2.37891 0.431946
2.39062 0.433521
2.40234 0.435089
2.41406 0.43665
2.42578 0.438203
2.4375 0.439748
2.44922 0.441286
2.46094 0.442817
2.47266 0.44434
2.48438 0.445856
2.49609 0.447364
2.50781 0.448865
2.51953 0.450359
2.53125 0.451846
2.54297 0.453325
2.55469 0.454797
2.56641 0.456262
2.57812 0.457719
2.58984 0.45917
2.60156 0.460613
2.61328 0.462049
2.625 0.463478
2.63672 0.4649
2.64844 0.466314
2.66016 0.467722
2.67188 0.469123
2.68359 0.470516
2.69531 0.471903
2.70703 0.473283
2.71875 0.474656
2.73047 0.476022
2.74219 0.477381
2.75391 0.478733
2.76562 0.480078
2.77734 0.481417
2.78906 0.482749
2.80078 0.484074
2.8125 0.485392
2.82422 0.486704
2.83594 0.488009
2.84766 0.489307
2.85938 0.490599
2.87109 0.491884
2.88281 0.493163
2.89453 0.494435
2.90625 0.4957
2.91797 0.49696
2.92969 0.498212
2.94141 0.499459
2.95312 0.500699
2.96484 0.501932
2.97656 0.50316
2.98828 0.504381
3 0.505596
