0 4.14952e-23
0.0117188 6.38351e-23
0.0234375 2.24977e-22
0.0351562 3.31515e-21
0.046875 1.39597e-19
0.0585938 1.66541e-17
0.0703125 2.56174e-15
0.0820312 7.4012e-14
0.09375 1.9873e-12
0.105469 5.06305e-11
0.117188 1.22669e-09
0.128906 2.82887e-08
0.140625 6.20484e-07
0.152344 1.27996e-05
0.164062 0.00022439
0.175781 0.00193295
0.1875 0.00487581
0.199219 0.00681497
0.210938 0.00837622
0.222656 0.0099278
0.234375 0.0117023
0.246094 0.0136992
0.257812 0.0155877
0.269531 0.0172862
0.28125 0.0188896
0.292969 0.0204785
0.304688 0.0221193
0.316406 0.0238612
0.328125 0.0257063
0.339844 0.0276037
0.351562 0.0294924
0.363281 0.0313396
0.375 0.0331425
0.386719 0.0349137
0.398438 0.0366703
0.410156 0.0384306
0.421875 0.0402131
0.433594 0.0420354
0.445312 0.043913
0.457031 0.0458571
0.46875 0.0478737
0.480469 0.0499624
0.492188 0.0521176
0.503906 0.0543294
0.515625 0.0565848
0.527344 0.0588693
0.539062 0.0611688
0.550781 0.0634705
0.5625 0.0657638
0.574219 0.0680406
0.585938 0.0702952
0.597656 0.0725235
0.609375 0.0747232
0.621094 0.0768931
0.632812 0.0790327
0.644531 0.0811422
0.65625 0.0832223
0.667969 0.0852738
0.679688 0.0872978
0.691406 0.0892954
0.703125 0.0912678
0.714844 0.0932162
0.726562 0.0951418
0.738281 0.0970457
0.75 0.0989287
0.761719 0.100792
0.773438 0.102636
0.785156 0.104461
0.796875 0.106269
0.808594 0.108059
0.820312 0.109833
0.832031 0.11159
0.84375 0.113331
0.855469 0.115056
0.867188 0.116766
0.878906 0.11846
0.890625 0.120139
0.902344 0.121804
0.914062 0.123453
0.925781 0.125089
0.9375 0.12671
0.949219 0.128318
0.960938 0.129912
0.972656 0.131493
0.984375 0.133061
0.996094 0.134615
1.00781 0.136158
1.01953 0.137688
1.03125 0.139206
1.04297 0.140713
1.05469 0.142208
1.06641 0.143693
1.07812 0.145166
1.08984 0.146629
1.10156 0.148082
1.11328 0.149526
1.125 0.150959
1.13672 0.152384
1.14844 0.153799
1.16016 0.155206
1.17188 0.156605
1.18359 0.157995
1.19531 0.159377
1.20703 0.160752
1.21875 0.16212
1.23047 0.16348
1.24219 0.164833
1.25391 0.16618
1.26562 0.16752
1.27734 0.168855
1.28906 0.170183
1.30078 0.171505
1.3125 0.172822
1.32422 0.174133
1.33594 0.175439
1.34766 0.17674
1.35938 0.178037
1.37109 0.179328
1.38281 0.180615
1.39453 0.181897
1.40625 0.183176
1.41797 0.18445
1.42969 0.18572
1.44141 0.186986
1.45312 0.188249
1.46484 0.189508
1.47656 0.190764
1.48828 0.192016
1.5 0.193265
1.51172 0.194511
1.52344 0.195753
1.53516 0.196993
1.54688 0.19823
1.55859 0.199464
1.57031 0.200696
1.58203 0.201925
1.59375 0.203151
1.60547 0.204375
1.61719 0.205597
1.62891 0.206816
1.64062 0.208034
1.65234 0.209249
1.66406 0.210462
1.67578 0.211673
1.6875 0.212881
1.69922 0.214089
1.71094 0.215294
1.72266 0.216497
1.73438 0.217699
1.74609 0.218899
1.75781 0.220097
1.76953 0.221294
1.78125 0.222489
1.79297 0.223683
1.80469 0.224875
1.81641 0.226066
1.82812 0.227255
1.83984 0.228443
1.85156 0.22963
1.86328 0.230815
1.875 0.231999
1.88672 0.233182
1.89844 0.234364
1.91016 0.235544
1.92188 0.236724
1.93359 0.237902
1.94531 0.239079
1.95703 0.240256
1.96875 0.241431
1.98047 0.242605
1.99219 0.243778
2.00391 0.244951
2.01562 0.246122
2.02734 0.247292
2.03906 0.248462
2.05078 0.24963
2.0625 0.250798
2.07422 0.251965
2.08594 0.253131
2.09766 0.254296
2.10938 0.25546
2.12109 0.256624
2.13281 0.257787
2.14453 0.258949
2.15625 0.26011
2.16797 0.261271
2.17969 0.262431
2.19141 0.26359
2.20312 0.264748
2.21484 0.265906
2.22656 0.267063
2.23828 0.268219
2.25 0.269374
2.26172 0.270529
2.27344 0.271683
2.28516 0.272837
2.29688 0.27399
2.30859 0.275142
2.32031 0.276293
2.33203 0.277444
2.34375 0.278594
2.35547 0.279744
2.36719 0.280892
2.37891 0.28204
2.39062 0.283188
2.40234 0.284334
2.41406 0.285481
2.42578 0.286626
2.4375 0.287771
2.44922 0.288915
2.46094 0.290058
2.47266 0.291201
2.48438 0.292342
2.49609 0.293484
2.50781 0.294624
2.51953 0.295764
2.53125 0.296903
2.54297 0.298041
2.55469 0.299179
2.56641 0.300316
2.57812 0.301452
2.58984 0.302587
2.60156 0.303722
2.61328 0.304855
2.625 0.305988
2.63672 0.307121
2.64844 0.308252
2.66016 0.309383
2.67188 0.310512
2.68359 0.311641
2.69531 0.312769
2.70703 0.313896
2.71875 0.315022
2.73047 0.316148
2.74219 0.317272
2.75391 0.318396
2.76562 0.319518
2.77734 0.32064
2.78906 0.321761
2.80078 0.32288
2.8125 0.323999
2.82422 0.325117
2.83594 0.326234
2.84766 0.327349
2.85938 0.328464
2.87109 0.329577
2.88281 0.33069
2.89453 0.331801
2.90625 0.332911
2.91797 0.334021
2.92969 0.335129
2.94141 0.336235
2.95312 0.337341
2.96484 0.338446
2.97656 0.339549
2.98828 0.340651
3 0.341752
