0 4.14952e-23
0.0117188 4.97602e-23
0.0234375 6.33276e-23
0.0351562 8.80221e-23
0.046875 1.37813e-22
0.0585938 2.57638e-22
0.0703125 5.63984e-22
0.0820312 1.52694e-21
0.09375 4.62062e-21
0.105469 1.74179e-20
0.117188 7.34795e-20
0.128906 3.43707e-19
0.140625 1.85238e-18
0.152344 1.24749e-17
0.164062 1.0666e-16
0.175781 6.86638e-16
0.1875 1.97902e-15
0.199219 7.41393e-15
0.210938 2.68229e-14
0.222656 9.07296e-14
0.234375 3.05842e-13
0.246094 1.02384e-12
0.257812 3.40333e-12
0.269531 1.12377e-11
0.28125 3.68558e-11
0.292969 1.20067e-10
0.304688 3.88549e-10
0.316406 1.24908e-09
0.328125 3.98903e-09
0.339844 1.26555e-08
0.351562 3.9885e-08
0.363281 1.24857e-07
0.375 3.88136e-07
0.386719 1.19752e-06
0.398438 3.66268e-06
0.410156 1.10762e-05
0.421875 3.29242e-05
0.433594 9.49673e-05
0.445312 0.00025897
0.457031 0.000639618
0.46875 0.00136557
0.480469 0.0024586
0.492188 0.00375009
0.503906 0.00499926
0.515625 0.00609623
0.527344 0.0070646
0.539062 0.00796181
0.550781 0.00883194
0.5625 0.00970143
0.574219 0.0105846
0.585938 0.0114881
0.597656 0.012413
0.609375 0.013357
0.621094 0.014316
0.632812 0.0152857
0.644531 0.016263
0.65625 0.0172464
0.667969 0.0182359
0.679688 0.0192323
0.691406 0.0202372
0.703125 0.0212521
0.714844 0.0222784
0.726562 0.0233174
0.738281 0.0243701
0.75 0.0254372
0.761719 0.0265189
0.773438 0.0276155
0.785156 0.0287269
0.796875 0.0298529
0.808594 0.0309933
0.820312 0.0321477
0.832031 0.0333158
0.84375 0.0344973
0.855469 0.035692
0.867188 0.0368995
0.878906 0.0381197
0.890625 0.0393524
0.902344 0.0405974
0.914062 0.0418545
0.925781 0.0431236
0.9375 0.0444044
0.949219 0.0456968
0.960938 0.0470006
0.972656 0.0483154
0.984375 0.0496409
0.996094 0.0509769
1.00781 0.0523228
1.01953 0.0536784
1.03125 0.0550431
1.04297 0.0564165
1.05469 0.0577982
1.06641 0.0591875
1.07812 0.060584
1.08984 0.0619872
1.10156 0.0633965
1.11328 0.0648114
1.125 0.0662315
1.13672 0.0676561
1.14844 0.0690848
1.16016 0.0705172
1.17188 0.0719528
1.18359 0.0733911
1.19531 0.0748318
1.20703 0.0762744
1.21875 0.0777186
1.23047 0.079164
1.24219 0.0806104
1.25391 0.0820573
1.26562 0.0835047
1.27734 0.0849521
1.28906 0.0863993
1.30078 0.0878462
1.3125 0.0892925
1.32422 0.0907381
1.33594 0.0921828
1.34766 0.0936264
1.35938 0.0950689
1.37109 0.0965101
1.38281 0.0979498
1.39453 0.0993881
1.40625 0.100825
1.41797 0.10226
1.42969 0.103693
1.44141 0.105125
1.45312 0.106554
1.46484 0.107982
1.47656 0.109408
1.48828 0.110832
1.5 0.112254
1.51172 0.113674
1.52344 0.115093
1.53516 0.116509
1.54688 0.117923
1.55859 0.119335
1.57031 0.120746
1.58203 0.122154
1.59375 0.123561
1.60547 0.124965
1.61719 0.126367
1.62891 0.127768
1.64062 0.129167
1.65234 0.130564
1.66406 0.131958
1.67578 0.133352
1.6875 0.134743
1.69922 0.136132
1.71094 0.13752
1.72266 0.138906
1.73438 0.14029
1.74609 0.141672
1.75781 0.143053
1.76953 0.144432
1.78125 0.145809
1.79297 0.147185
1.80469 0.148559
1.81641 0.149932
1.82812 0.151303
1.83984 0.152672
1.85156 0.15404
1.86328 0.155407
1.875 0.156772
1.88672 0.158136
1.89844 0.159498
1.91016 0.160859
1.92188 0.162218
1.93359 0.163576
1.94531 0.164933
1.95703 0.166288
1.96875 0.167642
1.98047 0.168995
1.99219 0.170347
2.00391 0.171697
2.01562 0.173046
2.02734 0.174395
2.03906 0.175741
2.05078 0.177087
2.0625 0.178432
2.07422 0.179775
2.08594 0.181117
2.09766 0.182459
2.10938 0.183799
2.12109 0.185138
2.13281 0.186476
2.14453 0.187813
2.15625 0.189149
2.16797 0.190484
2.17969 0.191818
2.19141 0.193151
2.20312 0.194483
2.21484 0.195815
2.22656 0.197145
2.23828 0.198474
2.25 0.199803
2.26172 0.20113
2.27344 0.202457
2.28516 0.203782
2.29688 0.205107
2.30859 0.206431
2.32031 0.207754
2.33203 0.209076
2.34375 0.210398
2.35547 0.211718
2.36719 0.213038
2.37891 0.214356
2.39062 0.215674
2.40234 0.216991
2.41406 0.218308
2.42578 0.219623
2.4375 0.220938
2.44922 0.222251
2.46094 0.223564
2.47266 0.224876
2.48438 0.226187
2.49609 0.227498
2.50781 0.228807
2.51953 0.230116
2.53125 0.231424
2.54297 0.232731
2.55469 0.234037
2.56641 0.235342
2.57812 0.236647
2.58984 0.23795
2.60156 0.239253
2.61328 0.240554
2.625 0.241855
2.63672 0.243155
2.64844 0.244454
2.66016 0.245752
2.67188 0.24705
2.68359 0.248346
2.69531 0.249641
2.70703 0.250936
2.71875 0.252229
2.73047 0.253521
2.74219 0.254813
2.75391 0.256103
2.76562 0.257393
2.77734 0.258681
2.78906 0.259968
2.80078 0.261255
2.8125 0.26254
2.82422 0.263824
2.83594 0.265107
2.84766 0.266389
2.85938 0.267669
2.87109 0.268949
2.88281 0.270227
2.89453 0.271505
2.90625 0.272781
2.91797 0.274055
2.92969 0.275329
2.94141 0.276601
2.95312 0.277872
2.96484 0.279142
2.97656 0.28041
2.98828 0.281677
3 0.282943
