0 4.14952e-23
0.0117188 4.62034e-23
0.0234375 5.18807e-23
0.0351562 5.86651e-23
0.046875 6.6659e-23
0.0585938 7.61604e-23
0.0703125 8.76063e-23
0.0820312 1.01087e-22
0.09375 1.17285e-22
0.105469 1.37047e-22
0.117188 1.61272e-22
0.128906 1.9114e-22
0.140625 2.27663e-22
0.152344 2.73386e-22
0.164062 3.30416e-22
0.175781 4.04204e-22
0.1875 4.96734e-22
0.199219 6.17149e-22
0.210938 7.75251e-22
0.222656 9.8015e-22
0.234375 1.25174e-21
0.246094 1.6112e-21
0.257812 2.10462e-21
0.269531 2.76148e-21
0.28125 3.65995e-21
0.292969 4.95126e-21
0.304688 6.68248e-21
0.316406 9.25673e-21
0.328125 1.30243e-20
0.339844 1.83775e-20
0.351562 2.62615e-20
0.363281 3.90194e-20
0.375 5.61892e-20
0.386719 8.54688e-20
0.398438 1.33548e-19
0.410156 2.00944e-19
0.421875 3.28781e-19
0.433594 5.43607e-19
0.445312 9.21043e-19
0.457031 1.45109e-18
0.46875 2.55129e-18
0.480469 4.51829e-18
0.492188 9.19863e-18
0.503906 1.63347e-17
0.515625 2.15698e-17
0.527344 3.15792e-17
0.539062 5.22008e-17
0.550781 7.94844e-17
0.5625 1.28603e-16
0.574219 2.05681e-16
0.585938 3.39251e-16
0.597656 5.63157e-16
0.609375 8.63582e-16
0.621094 1.28202e-15
0.632812 1.89107e-15
0.644531 2.86533e-15
0.65625 4.32859e-15
0.667969 6.3684e-15
0.679688 9.25078e-15
0.691406 1.34968e-14
0.703125 1.9614e-14
0.714844 2.84789e-14
0.726562 4.12915e-14
0.738281 5.97651e-14
0.75 8.67298e-14
0.761719 1.25835e-13
0.773438 1.82513e-13
0.785156 2.64808e-13
0.796875 3.84072e-13
0.808594 5.57005e-13
0.820312 8.0749e-13
0.832031 1.17058e-12
0.84375 1.69655e-12
0.855469 2.45826e-12
0.867188 3.56104e-12
0.878906 5.15711e-12
0.890625 7.46626e-12
0.902344 1.08059e-11
0.914062 1.5634e-11
0.925781 2.26112e-11
0.9375 3.26898e-11
0.949219 4.72423e-11
0.960938 6.82452e-11
0.972656 9.85437e-11
0.984375 1.42231e-10
0.996094 2.05194e-10
1.00781 2.95892e-10
1.01953 4.26474e-10
1.03125 6.14383e-10
1.04297 8.84642e-10
1.05469 1.27313e-09
1.06641 1.83125e-09
1.07812 2.63263e-09
1.08984 3.78262e-09
1.10156 5.43189e-09
1.11328 7.79577e-09
1.125 1.11818e-08
1.13672 1.60287e-08
1.14844 2.29623e-08
1.16016 3.28739e-08
1.17188 4.70327e-08
1.18359 6.72429e-08
1.19531 9.60678e-08
1.20703 1.37144e-07
1.21875 1.95625e-07
1.23047 2.788e-07
1.24219 3.96964e-07
1.25391 5.64625e-07
1.26562 8.02173e-07
1.27734 1.13818e-06
1.28906 1.61254e-06
1.30078 2.28066e-06
1.3125 3.21906e-06
1.32422 4.53265e-06
1.33594 6.36381e-06
1.34766 8.90344e-06
1.35938 1.24034e-05
1.37109 1.71893e-05
1.38281 2.36708e-05
1.39453 3.23458e-05
1.40625 4.37927e-05
1.41797 5.86441e-05
1.42969 7.75389e-05
1.44141 0.000101054
1.45312 0.000129628
1.46484 0.000163499
1.47656 0.000202686
1.48828 0.000247024
1.5 0.000296252
1.51172 0.000350138
1.52344 0.000408592
1.53516 0.000471756
1.54688 0.000540063
1.55859 0.000614258
1.57031 0.000695407
1.58203 0.0007849
1.59375 0.000884455
1.60547 0.000996128
1.61719 0.00112232
1.62891 0.00126578
1.64062 0.00142961
1.65234 0.00161723
1.66406 0.00183231
1.67578 0.00207868
1.6875 0.00236017
1.69922 0.00268046
1.71094 0.00304282
1.72266 0.00344991
1.73438 0.00390355
1.74609 0.00440459
1.75781 0.00495278
1.76953 0.00554684
1.78125 0.0061845
1.79297 0.00686268
1.80469 0.00757776
1.81641 0.00832575
1.82812 0.00910261
1.83984 0.00990439
1.85156 0.0107274
1.86328 0.0115684
1.875 0.0124246
1.88672 0.0132936
1.89844 0.0141735
1.91016 0.015063
1.92188 0.015961
1.93359 0.0168668
1.94531 0.01778
1.95703 0.0187003
1.96875 0.0196278
1.98047 0.0205624
1.99219 0.0215043
2.00391 0.0224539
2.01562 0.0234112
2.02734 0.0243765
2.03906 0.0253502
2.05078 0.0263325
2.0625 0.0273235
2.07422 0.0283236
2.08594 0.0293329
2.09766 0.0303516
2.10938 0.0313799
2.12109 0.0324177
2.13281 0.0334654
2.14453 0.0345228
2.15625 0.0355902
2.16797 0.0366675
2.17969 0.0377548
2.19141 0.038852
2.20312 0.0399592
2.21484 0.0410764
2.22656 0.0422036
2.23828 0.0433406
2.25 0.0444875
2.26172 0.0456442
2.27344 0.0468106
2.28516 0.0479867
2.29688 0.0491725
2.30859 0.0503678
2.32031 0.0515725
2.33203 0.0527867
2.34375 0.0540101
2.35547 0.0552427
2.36719 0.0564844
2.37891 0.0577351
2.39062 0.0589948
2.40234 0.0602632
2.41406 0.0615404
2.42578 0.0628262
2.4375 0.0641205
2.44922 0.0654232
2.46094 0.0667342
2.47266 0.0680534
2.48438 0.0693807
2.49609 0.070716
2.50781 0.0720592
2.51953 0.0734102
2.53125 0.0747689
2.54297 0.0761351
2.55469 0.0775089
2.56641 0.07889
2.57812 0.0802783
2.58984 0.0816739
2.60156 0.0830765
2.61328 0.084486
2.625 0.0859024
2.63672 0.0873255
2.64844 0.0887553
2.66016 0.0901916
2.67188 0.0916344
2.68359 0.0930835
2.69531 0.0945387
2.70703 0.0960002
2.71875 0.0974676
2.73047 0.0989409
2.74219 0.10042
2.75391 0.101905
2.76562 0.103395
2.77734 0.104891
2.78906 0.106392
2.80078 0.107899
2.8125 0.109411
2.82422 0.110928
2.83594 0.112449
2.84766 0.113976
2.85938 0.115507
2.87109 0.117044
2.88281 0.118584
2.89453 0.120129
2.90625 0.121679
2.91797 0.123232
2.92969 0.12479
2.94141 0.126352
2.95312 0.127918
2.96484 0.129488
2.97656 0.131061
2.98828 0.132638
3 0.134219
