0 4.14952e-23
0.0117188 4.57026e-23
0.0234375 5.07129e-23
0.0351562 5.64798e-23
0.046875 6.32277e-23
0.0585938 7.08315e-23
0.0703125 7.97623e-23
0.0820312 9.01749e-23
0.09375 1.02229e-22
0.105469 1.16518e-22
0.117188 1.33197e-22
0.128906 1.53477e-22
0.140625 1.78622e-22
0.152344 2.08215e-22
0.164062 2.45073e-22
0.175781 2.94543e-22
0.1875 3.60591e-22
0.199219 4.4612e-22
0.210938 5.75165e-22
0.222656 7.72327e-22
0.234375 1.03085e-21
0.246094 1.51438e-21
0.257812 2.35921e-21
0.269531 3.78695e-21
0.28125 7.17231e-21
0.292969 1.28121e-20
0.304688 2.35863e-20
0.316406 5.14953e-20
0.328125 9.83044e-20
0.339844 2.26656e-19
0.351562 5.34348e-19
0.363281 1.23942e-18
0.375 2.97658e-18
0.386719 8.60845e-18
0.398438 1.46339e-17
0.410156 2.02176e-17
0.421875 3.67304e-17
0.433594 5.82576e-17
0.445312 1.00048e-16
0.457031 1.68393e-16
0.46875 2.86214e-16
0.480469 4.84026e-16
0.492188 8.13036e-16
0.503906 1.37042e-15
0.515625 2.3083e-15
0.527344 3.87656e-15
0.539062 6.49968e-15
0.550781 1.0896e-14
0.5625 1.8213e-14
0.574219 3.03983e-14
0.585938 5.06958e-14
0.597656 8.44367e-14
0.609375 1.40457e-13
0.621094 2.33323e-13
0.632812 3.87097e-13
0.644531 6.41407e-13
0.65625 1.06149e-12
0.667969 1.75448e-12
0.679688 2.89624e-12
0.691406 4.77507e-12
0.703125 7.8629e-12
0.714844 1.29314e-11
0.726562 2.12408e-11
0.738281 3.48464e-11
0.75 5.70965e-11
0.761719 9.34386e-11
0.773438 1.52725e-10
0.785156 2.49322e-10
0.796875 4.06517e-10
0.808594 6.62009e-10
0.820312 1.07676e-09
0.832031 1.74918e-09
0.84375 2.83803e-09
0.855469 4.59896e-09
0.867188 7.44314e-09
0.878906 1.20309e-08
0.890625 1.94213e-08
0.902344 3.13096e-08
0.914062 5.04051e-08
0.925781 8.10288e-08
0.9375 1.30056e-07
0.949219 2.08392e-07
0.960938 3.33283e-07
0.972656 5.31864e-07
0.984375 8.46594e-07
0.996094 1.34336e-06
1.00781 2.12329e-06
1.01953 3.3392e-06
1.03125 5.21695e-06
1.04297 8.07987e-06
1.05469 1.23696e-05
1.06641 1.86486e-05
1.07812 2.75595e-05
1.08984 3.97119e-05
1.10156 5.54893e-05
1.11328 7.48246e-05
1.125 9.70661e-05
1.13672 0.000121059
1.14844 0.000145449
1.16016 0.000169047
1.17188 0.000191076
1.18359 0.000211201
1.19531 0.00022943
1.20703 0.000245967
1.21875 0.000261089
1.23047 0.000275073
1.24219 0.000288159
1.25391 0.000300541
1.26562 0.00031237
1.27734 0.000323758
1.28906 0.000334788
1.30078 0.000345522
1.3125 0.000356009
1.32422 0.000366287
1.33594 0.000376388
1.34766 0.000386343
1.35938 0.000396185
1.37109 0.00040595
1.38281 0.000415683
1.39453 0.000425442
1.40625 0.000435302
1.41797 0.000445362
1.42969 0.000455755
1.44141 0.000466655
1.45312 0.000478295
1.46484 0.000490979
1.47656 0.000505103
1.48828 0.000521171
1.5 0.00053981
1.51172 0.000561783
1.52344 0.000587975
1.53516 0.000619361
1.54688 0.000656932
1.55859 0.000701586
1.57031 0.00075397
1.58203 0.000814323
1.59375 0.000882352
1.60547 0.000957194
1.61719 0.00103751
1.62891 0.00112172
1.64062 0.00120825
1.65234 0.00129585
1.66406 0.00138379
1.67578 0.00147189
1.6875 0.00156056
1.69922 0.00165066
1.71094 0.00174333
1.72266 0.00183986
1.73438 0.00194146
1.74609 0.0020491
1.75781 0.0021634
1.76953 0.0022845
1.78125 0.00241201
1.79297 0.00254509
1.80469 0.00268251
1.81641 0.00282278
1.82812 0.00296434
1.83984 0.00310569
1.85156 0.00324551
1.86328 0.00338279
1.875 0.00351685
1.88672 0.00364742
1.89844 0.00377455
1.91016 0.00389864
1.92188 0.00402035
1.93359 0.00414054
1.94531 0.00426026
1.95703 0.00438063
1.96875 0.00450287
1.98047 0.00462823
1.99219 0.00475795
2.00391 0.00489324
2.01562 0.00503525
2.02734 0.00518506
2.03906 0.00534364
2.05078 0.00551188
2.0625 0.00569061
2.07422 0.00588059
2.08594 0.00608258
2.09766 0.00629724
2.10938 0.00652518
2.12109 0.00676686
2.13281 0.00702253
2.14453 0.00729213
2.15625 0.00757527
2.16797 0.00787115
2.17969 0.00817864
2.19141 0.00849622
2.20312 0.00882216
2.21484 0.00915457
2.22656 0.00949152
2.23828 0.00983117
2.25 0.0101719
2.26172 0.0105123
2.27344 0.0108515
2.28516 0.0111889
2.29688 0.0115244
2.30859 0.0118583
2.32031 0.0121915
2.33203 0.0125251
2.34375 0.0128604
2.35547 0.0131992
2.36719 0.0135432
2.37891 0.0138944
2.39062 0.0142546
2.40234 0.0146255
2.41406 0.0150089
2.42578 0.0154062
2.4375 0.015819
2.44922 0.0162484
2.46094 0.0166958
2.47266 0.0171625
2.48438 0.0176498
2.49609 0.0181591
2.50781 0.018692
2.51953 0.01925
2.53125 0.0198343
2.54297 0.0204462
2.55469 0.0210863
2.56641 0.021755
2.57812 0.0224517
2.58984 0.0231752
2.60156 0.0239235
2.61328 0.0246939
2.625 0.0254831
2.63672 0.0262874
2.64844 0.0271027
2.66016 0.0279251
2.67188 0.028751
2.68359 0.029577
2.69531 0.0304004
2.70703 0.0312193
2.71875 0.0320323
2.73047 0.0328387
2.74219 0.0336387
2.75391 0.0344327
2.76562 0.035222
2.77734 0.0360078
2.78906 0.0367918
2.80078 0.0375758
2.8125 0.0383614
2.82422 0.0391503
2.83594 0.039944
2.84766 0.0407436
2.85938 0.0415501
2.87109 0.042364
2.88281 0.0431856
2.89453 0.0440147
2.90625 0.0448511
2.91797 0.0456938
2.92969 0.0465423
2.94141 0.0473953
2.95312 0.0482519
2.96484 0.0491111
2.97656 0.049972
2.98828 0.0508339
3 0.0516962
