0  1
0.0078125  1.01296
0.015625  1.02615
0.0234375  1.03959
0.03125  1.05327
0.0390625  1.0672
0.046875  1.08139
0.0546875  1.09584
0.0625  1.11056
0.0703125  1.12555
0.078125  1.14083
0.0859375  1.15639
0.09375  1.17224
0.101562  1.18839
0.109375  1.20485
0.117188  1.22162
0.125  1.2387
0.132812  1.25612
0.140625  1.27386
0.148438  1.29194
0.15625  1.31035
0.164062  1.32908
0.171875  1.34805
0.179688  1.36644
0.1875  1.38145
0.195312  1.39513
0.203125  1.40848
0.210938  1.42158
0.21875  1.43443
0.226562  1.44701
0.234375  1.4593
0.242188  1.47128
0.25  1.48294
0.257812  1.49425
0.265625  1.5052
0.273438  1.51579
0.28125  1.52601
0.289062  1.53586
0.296875  1.54534
0.304688  1.55444
0.3125  1.56318
0.320312  1.57155
0.328125  1.57955
0.335938  1.58721
0.34375  1.59451
0.351562  1.60147
0.359375  1.60809
0.367188  1.61438
0.375  1.62035
0.382812  1.626
0.390625  1.63134
0.398438  1.63637
0.40625  1.64109
0.414062  1.64553
0.421875  1.64967
0.429688  1.65352
0.4375  1.65709
0.445312  1.66038
0.453125  1.6634
0.460938  1.66616
0.46875  1.66864
0.476562  1.67087
0.484375  1.67284
0.492188  1.67455
0.5  1.67602
0.507812  1.67724
0.515625  1.67821
0.523438  1.67895
0.53125  1.67945
0.539062  1.67973
0.546875  1.67977
0.554688  1.67958
0.5625  1.67918
0.570312  1.67855
0.578125  1.67771
0.585938  1.67666
0.59375  1.6754
0.601562  1.67393
0.609375  1.67226
0.617188  1.67039
0.625  1.66833
0.632812  1.66608
0.640625  1.66363
0.648438  1.661
0.65625  1.65819
0.664062  1.65519
0.671875  1.65202
0.679688  1.64868
0.6875  1.64517
0.695312  1.64149
0.703125  1.63765
0.710938  1.63365
0.71875  1.6295
0.726562  1.62519
0.734375  1.62073
0.742188  1.61612
0.75  1.61137
0.757812  1.60648
0.765625  1.60145
0.773438  1.59628
0.78125  1.59099
0.789062  1.58557
0.796875  1.58002
0.804688  1.57436
0.8125  1.56857
0.820312  1.56267
0.828125  1.55666
0.835938  1.55053
0.84375  1.54431
0.851562  1.53797
0.859375  1.53154
0.867188  1.52502
0.875  1.5184
0.882812  1.51168
0.890625  1.50488
0.898438  1.498
0.90625  1.49103
0.914062  1.48399
0.921875  1.47686
0.929688  1.46967
0.9375  1.4624
0.945312  1.45507
0.953125  1.44767
0.960938  1.44021
0.96875  1.43269
0.976562  1.42511
0.984375  1.41748
0.992188  1.4098
1  1.40207
