0  1
0.0078125  1.01348
0.015625  1.02714
0.0234375  1.041
0.03125  1.05504
0.0390625  1.06927
0.046875  1.0837
0.0546875  1.09832
0.0625  1.11312
0.0703125  1.12812
0.078125  1.14331
0.0859375  1.15869
0.09375  1.17427
0.101562  1.19003
0.109375  1.20598
0.117188  1.22212
0.125  1.23845
0.132812  1.25496
0.140625  1.27166
0.148438  1.28854
0.15625  1.3056
0.164062  1.32284
0.171875  1.34026
0.179688  1.35784
0.1875  1.3756
0.195312  1.39351
0.203125  1.41159
0.210938  1.42983
0.21875  1.44822
0.226562  1.46676
0.234375  1.48543
0.242188  1.50425
0.25  1.52319
0.257812  1.54225
0.265625  1.56144
0.273438  1.58072
0.28125  1.60011
0.289062  1.61959
0.296875  1.63916
0.304688  1.65879
0.3125  1.67849
0.320312  1.69824
0.328125  1.71803
0.335938  1.73785
0.34375  1.75768
0.351562  1.77752
0.359375  1.79734
0.367188  1.81715
0.375  1.83691
0.382812  1.85661
0.390625  1.87624
0.398438  1.89578
0.40625  1.9152
0.414062  1.9345
0.421875  1.95365
0.429688  1.97262
0.4375  1.9914
0.445312  2.00996
0.453125  2.02827
0.460938  2.04631
0.46875  2.06405
0.476562  2.08144
0.484375  2.09846
0.492188  2.11504
0.5  2.13115
0.507812  2.14669
0.515625  2.16156
0.523438  2.17554
0.53125  2.18824
0.539062  2.19872
0.546875  2.2042
0.554688  2.19768
0.5625  2.17494
0.570312  2.14347
0.578125  2.10904
0.585938  2.07366
0.59375  2.03805
0.601562  2.00254
0.609375  1.96728
0.617188  1.93238
0.625  1.8979
0.632812  1.86389
0.640625  1.83037
0.648438  1.79738
0.65625  1.76493
0.664062  1.73304
0.671875  1.70171
0.679688  1.67096
0.6875  1.64078
0.695312  1.61119
0.703125  1.58217
0.710938  1.55374
0.71875  1.52588
0.726562  1.4986
0.734375  1.47189
0.742188  1.44574
0.75  1.42014
0.757812  1.39509
0.765625  1.37059
0.773438  1.34661
0.78125  1.32316
0.789062  1.30022
0.796875  1.27779
0.804688  1.25585
0.8125  1.2344
0.820312  1.21342
0.828125  1.1929
0.835938  1.17284
0.84375  1.15322
0.851562  1.13404
0.859375  1.11528
0.867188  1.09693
0.875  1.07899
0.882812  1.06145
0.890625  1.04429
0.898438  1.02751
0.90625  1.01109
0.914062  0.995032
0.921875  0.979324
0.929688  0.963956
0.9375  0.94892
0.945312  0.934208
0.953125  0.919812
0.960938  0.905724
0.96875  0.891936
0.976562  0.87844
0.984375  0.86523
0.992188  0.852297
1  0.839636
