0  1
0.0078125  1.01138
0.015625  1.02289
0.0234375  1.03453
0.03125  1.0463
0.0390625  1.0582
0.046875  1.07024
0.0546875  1.08241
0.0625  1.09471
0.0703125  1.10715
0.078125  1.11972
0.0859375  1.13242
0.09375  1.14525
0.101562  1.15821
0.109375  1.1713
0.117188  1.18453
0.125  1.19788
0.132812  1.21136
0.140625  1.22496
0.148438  1.23868
0.15625  1.25252
0.164062  1.26647
0.171875  1.28053
0.179688  1.29469
0.1875  1.30894
0.195312  1.32327
0.203125  1.33764
0.210938  1.35205
0.21875  1.36644
0.226562  1.38074
0.234375  1.39483
0.242188  1.40848
0.25  1.42119
0.257812  1.43172
0.265625  1.43642
0.273438  1.42709
0.28125  1.40157
0.289062  1.36775
0.296875  1.33051
0.304688  1.29186
0.3125  1.25279
0.320312  1.21387
0.328125  1.17547
0.335938  1.13783
0.34375  1.10111
0.351562  1.06541
0.359375  1.03081
0.367188  0.997343
0.375  0.965029
0.382812  0.933871
0.390625  0.90386
0.398438  0.87498
0.40625  0.847205
0.414062  0.820508
0.421875  0.794857
0.429688  0.770216
0.4375  0.746551
0.445312  0.723825
0.453125  0.702002
0.460938  0.681044
0.46875  0.660916
0.476562  0.641584
0.484375  0.623011
0.492188  0.605166
0.5  0.588017
0.507812  0.571531
0.515625  0.555681
0.523438  0.540436
0.53125  0.52577
0.539062  0.511657
0.546875  0.498072
0.554688  0.484992
0.5625  0.472392
0.570312  0.460253
0.578125  0.448553
0.585938  0.437273
0.59375  0.426395
0.601562  0.4159
0.609375  0.405772
0.617188  0.395996
0.625  0.386555
0.632812  0.377435
0.640625  0.368623
0.648438  0.360106
0.65625  0.351871
0.664062  0.343906
0.671875  0.336201
0.679688  0.328744
0.6875  0.321525
0.695312  0.314535
0.703125  0.307764
0.710938  0.301204
0.71875  0.294846
0.726562  0.288683
0.734375  0.282706
0.742188  0.276908
0.75  0.271283
0.757812  0.265824
0.765625  0.260525
0.773438  0.255379
0.78125  0.250382
0.789062  0.245526
0.796875  0.240808
0.804688  0.236222
0.8125  0.231763
0.820312  0.227428
0.828125  0.22321
0.835938  0.219107
0.84375  0.215114
0.851562  0.211228
0.859375  0.207444
0.867188  0.203759
0.875  0.200171
0.882812  0.196675
0.890625  0.193268
0.898438  0.189948
0.90625  0.186711
0.914062  0.183556
0.921875  0.180478
0.929688  0.177477
0.9375  0.174548
0.945312  0.171691
0.953125  0.168903
0.960938  0.166181
0.96875  0.163523
0.976562  0.160928
0.984375  0.158394
0.992188  0.155918
1  0.153499
