0  1
0.00390625  1.00523
0.0078125  1.01056
0.0117188  1.016
0.015625  1.02155
0.0195312  1.0272
0.0234375  1.03297
0.0273438  1.03884
0.03125  1.04482
0.0351562  1.05091
0.0390625  1.05711
0.0429688  1.06341
0.046875  1.06982
0.0507812  1.07634
0.0546875  1.08297
0.0585938  1.0897
0.0625  1.09653
0.0664062  1.10347
0.0703125  1.1105
0.0742188  1.11763
0.078125  1.12485
0.0820312  1.13216
0.0859375  1.13956
0.0898438  1.14704
0.09375  1.15459
0.0976562  1.16222
0.101562  1.1699
0.105469  1.17764
0.109375  1.18543
0.113281  1.19325
0.117188  1.2011
0.121094  1.20897
0.125  1.21683
0.128906  1.22468
0.132812  1.23251
0.136719  1.2403
0.140625  1.24803
0.144531  1.25569
0.148438  1.26326
0.152344  1.27073
0.15625  1.27808
0.160156  1.2853
0.164062  1.29238
0.167969  1.2993
0.171875  1.30606
0.175781  1.31264
0.179688  1.31905
0.183594  1.32528
0.1875  1.33132
0.191406  1.33719
0.195312  1.34287
0.199219  1.34837
0.203125  1.3537
0.207031  1.35885
0.210938  1.36384
0.214844  1.36867
0.21875  1.37334
0.222656  1.37787
0.226562  1.38225
0.230469  1.3865
0.234375  1.39061
0.238281  1.3946
0.242188  1.39847
0.246094  1.40223
0.25  1.40588
0.253906  1.40942
0.257812  1.41286
0.261719  1.41621
0.265625  1.41947
0.269531  1.42265
0.273438  1.42574
0.277344  1.42875
0.28125  1.43169
0.285156  1.43455
0.289062  1.43735
0.292969  1.44008
0.296875  1.44275
0.300781  1.44536
0.304688  1.44791
0.308594  1.4504
0.3125  1.45285
0.316406  1.45524
0.320312  1.45758
0.324219  1.45988
0.328125  1.46213
0.332031  1.46434
0.335938  1.4665
0.339844  1.46863
0.34375  1.47072
0.347656  1.47277
0.351562  1.47479
0.355469  1.47677
0.359375  1.47872
0.363281  1.48063
0.367188  1.48252
0.371094  1.48437
0.375  1.4862
0.378906  1.48799
0.382812  1.48977
0.386719  1.49151
0.390625  1.49323
0.394531  1.49492
0.398438  1.49659
0.402344  1.49824
0.40625  1.49986
0.410156  1.50146
0.414062  1.50304
0.417969  1.5046
0.421875  1.50614
0.425781  1.50766
0.429688  1.50915
0.433594  1.51063
0.4375  1.51209
0.441406  1.51354
0.445312  1.51496
0.449219  1.51637
0.453125  1.51776
0.457031  1.51913
0.460938  1.52048
0.464844  1.52182
0.46875  1.52315
0.472656  1.52445
0.476562  1.52575
0.480469  1.52702
0.484375  1.52828
0.488281  1.52953
0.492188  1.53076
0.496094  1.53198
0.5  1.53319
0.503906  1.53438
0.507812  1.53555
0.511719  1.53671
0.515625  1.53786
0.519531  1.539
0.523438  1.54012
0.527344  1.54123
0.53125  1.54233
0.535156  1.54341
0.539062  1.54448
0.542969  1.54554
0.546875  1.54659
0.550781  1.54762
0.554688  1.54864
0.558594  1.54965
0.5625  1.55065
0.566406  1.55163
0.570312  1.55261
0.574219  1.55357
0.578125  1.55452
0.582031  1.55546
0.585938  1.55638
0.589844  1.5573
0.59375  1.5582
0.597656  1.5591
0.601562  1.55998
0.605469  1.56085
0.609375  1.56171
0.613281  1.56256
0.617188  1.5634
0.621094  1.56423
0.625  1.56505
0.628906  1.56585
0.632812  1.56665
0.636719  1.56743
0.640625  1.56821
0.644531  1.56897
0.648438  1.56973
0.652344  1.57047
0.65625  1.57121
0.660156  1.57193
0.664062  1.57265
0.667969  1.57335
0.671875  1.57405
0.675781  1.57473
0.679688  1.57541
0.683594  1.57607
0.6875  1.57673
0.691406  1.57738
0.695312  1.57801
0.699219  1.57864
0.703125  1.57926
0.707031  1.57987
0.710938  1.58047
0.714844  1.58106
0.71875  1.58165
0.722656  1.58222
0.726562  1.58278
0.730469  1.58334
0.734375  1.58389
0.738281  1.58442
0.742188  1.58495
0.746094  1.58548
0.75  1.58599
0.753906  1.58649
0.757812  1.58699
0.761719  1.58748
0.765625  1.58796
0.769531  1.58843
0.773438  1.58889
0.777344  1.58935
0.78125  1.58979
0.785156  1.59023
0.789062  1.59066
0.792969  1.59109
0.796875  1.5915
0.800781  1.59191
0.804688  1.59231
0.808594  1.59271
0.8125  1.59309
0.816406  1.59347
0.820312  1.59384
0.824219  1.59421
0.828125  1.59457
0.832031  1.59492
0.835938  1.59526
0.839844  1.5956
0.84375  1.59593
0.847656  1.59625
0.851562  1.59656
0.855469  1.59687
0.859375  1.59718
0.863281  1.59747
0.867188  1.59776
0.871094  1.59804
0.875  1.59832
0.878906  1.59859
0.882812  1.59886
0.886719  1.59911
0.890625  1.59937
0.894531  1.59961
0.898438  1.59985
0.902344  1.60009
0.90625  1.60031
0.910156  1.60054
0.914062  1.60075
0.917969  1.60096
0.921875  1.60117
0.925781  1.60137
0.929688  1.60156
0.933594  1.60175
0.9375  1.60193
0.941406  1.60211
0.945312  1.60228
0.949219  1.60245
0.953125  1.60261
0.957031  1.60277
0.960938  1.60292
0.964844  1.60307
0.96875  1.60321
0.972656  1.60335
0.976562  1.60348
0.980469  1.60361
0.984375  1.60374
0.988281  1.60385
0.992188  1.60397
0.996094  1.60408
1  1.60418
