0  1
0.00390625  1.00758
0.0078125  1.0154
0.0117188  1.02345
0.015625  1.03175
0.0195312  1.04028
0.0234375  1.04907
0.0273438  1.05811
0.03125  1.0674
0.0351562  1.07695
0.0390625  1.08676
0.0429688  1.09685
0.046875  1.1072
0.0507812  1.11783
0.0546875  1.12873
0.0585938  1.13992
0.0625  1.15139
0.0664062  1.16315
0.0703125  1.1752
0.0742188  1.18755
0.078125  1.20019
0.0820312  1.21314
0.0859375  1.2264
0.0898438  1.23996
0.09375  1.25383
0.0976562  1.26801
0.101562  1.28251
0.105469  1.29732
0.109375  1.31244
0.113281  1.32789
0.117188  1.34365
0.121094  1.35973
0.125  1.37612
0.128906  1.39282
0.132812  1.40983
0.136719  1.42714
0.140625  1.44474
0.144531  1.46263
0.148438  1.4808
0.152344  1.49922
0.15625  1.51788
0.160156  1.53677
0.164062  1.55585
0.167969  1.5751
0.171875  1.59448
0.175781  1.61395
0.179688  1.63347
0.183594  1.65299
0.1875  1.67244
0.191406  1.69177
0.195312  1.71091
0.199219  1.72981
0.203125  1.74841
0.207031  1.76664
0.210938  1.78447
0.214844  1.80185
0.21875  1.81877
0.222656  1.8352
0.226562  1.85114
0.230469  1.8666
0.234375  1.88158
0.238281  1.89611
0.242188  1.91019
0.246094  1.92386
0.25  1.93713
0.253906  1.95003
0.257812  1.96257
0.261719  1.97479
0.265625  1.98669
0.269531  1.9983
0.273438  2.00964
0.277344  2.02071
0.28125  2.03155
0.285156  2.04215
0.289062  2.05253
0.292969  2.06271
0.296875  2.07269
0.300781  2.08248
0.304688  2.0921
0.308594  2.10155
0.3125  2.11083
0.316406  2.11997
0.320312  2.12895
0.324219  2.13779
0.328125  2.1465
0.332031  2.15507
0.335938  2.16352
0.339844  2.17184
0.34375  2.18004
0.347656  2.18813
0.351562  2.19611
0.355469  2.20398
0.359375  2.21175
0.363281  2.21941
0.367188  2.22697
0.371094  2.23444
0.375  2.24181
0.378906  2.24909
0.382812  2.25628
0.386719  2.26338
0.390625  2.27039
0.394531  2.27732
0.398438  2.28417
0.402344  2.29094
0.40625  2.29762
0.410156  2.30423
0.414062  2.31076
0.417969  2.31722
0.421875  2.3236
0.425781  2.3299
0.429688  2.33614
0.433594  2.3423
0.4375  2.3484
0.441406  2.35442
0.445312  2.36038
0.449219  2.36627
0.453125  2.37209
0.457031  2.37785
0.460938  2.38354
0.464844  2.38917
0.46875  2.39474
0.472656  2.40025
0.476562  2.40569
0.480469  2.41108
0.484375  2.4164
0.488281  2.42167
0.492188  2.42688
0.496094  2.43203
0.5  2.43712
0.503906  2.44216
0.507812  2.44714
0.511719  2.45206
0.515625  2.45693
0.519531  2.46175
0.523438  2.46652
0.527344  2.47123
0.53125  2.47589
0.535156  2.4805
0.539062  2.48505
0.542969  2.48956
0.546875  2.49402
0.550781  2.49842
0.554688  2.50278
0.558594  2.50709
0.5625  2.51135
0.566406  2.51557
0.570312  2.51974
0.574219  2.52386
0.578125  2.52793
0.582031  2.53196
0.585938  2.53595
0.589844  2.53989
0.59375  2.54379
0.597656  2.54764
0.601562  2.55145
0.605469  2.55522
0.609375  2.55894
0.613281  2.56262
0.617188  2.56627
0.621094  2.56987
0.625  2.57343
0.628906  2.57695
0.632812  2.58043
0.636719  2.58387
0.640625  2.58727
0.644531  2.59064
0.648438  2.59396
0.652344  2.59725
0.65625  2.6005
0.660156  2.60372
0.664062  2.60689
0.667969  2.61004
0.671875  2.61314
0.675781  2.61621
0.679688  2.61925
0.683594  2.62225
0.6875  2.62522
0.691406  2.62815
0.695312  2.63105
0.699219  2.63392
0.703125  2.63675
0.707031  2.63955
0.710938  2.64232
0.714844  2.64506
0.71875  2.64777
0.722656  2.65044
0.726562  2.65309
0.730469  2.6557
0.734375  2.65829
0.738281  2.66084
0.742188  2.66337
0.746094  2.66586
0.75  2.66833
0.753906  2.67077
0.757812  2.67318
0.761719  2.67556
0.765625  2.67792
0.769531  2.68024
0.773438  2.68255
0.777344  2.68482
0.78125  2.68707
0.785156  2.68929
0.789062  2.69149
0.792969  2.69366
0.796875  2.6958
0.800781  2.69792
0.804688  2.70002
0.808594  2.70209
0.8125  2.70414
0.816406  2.70616
0.820312  2.70816
0.824219  2.71014
0.828125  2.71209
0.832031  2.71402
0.835938  2.71593
0.839844  2.71782
0.84375  2.71968
0.847656  2.72152
0.851562  2.72334
0.855469  2.72514
0.859375  2.72692
0.863281  2.72868
0.867188  2.73042
0.871094  2.73213
0.875  2.73383
0.878906  2.7355
0.882812  2.73716
0.886719  2.7388
0.890625  2.74041
0.894531  2.74201
0.898438  2.74359
0.902344  2.74515
0.90625  2.7467
0.910156  2.74822
0.914062  2.74973
0.917969  2.75122
0.921875  2.75269
0.925781  2.75414
0.929688  2.75558
0.933594  2.757
0.9375  2.7584
0.941406  2.75978
0.945312  2.76115
0.949219  2.76251
0.953125  2.76384
0.957031  2.76516
0.960938  2.76647
0.964844  2.76776
0.96875  2.76903
0.972656  2.77029
0.976562  2.77154
0.980469  2.77277
0.984375  2.77398
0.988281  2.77518
0.992188  2.77637
0.996094  2.77754
1  2.7787
