0 4.14952e-23
0.0117188 4.95724e-23
0.0234375 6.02854e-23
0.0351562 7.39661e-23
0.046875 9.17052e-23
0.0585938 1.1503e-22
0.0703125 1.45581e-22
0.0820312 1.8626e-22
0.09375 2.4112e-22
0.105469 3.15555e-22
0.117188 4.17129e-22
0.128906 5.5867e-22
0.140625 7.57197e-22
0.152344 1.03878e-21
0.164062 1.44575e-21
0.175781 2.04992e-21
0.1875 2.95249e-21
0.199219 4.25726e-21
0.210938 6.27731e-21
0.222656 9.35991e-21
0.234375 1.42062e-20
0.246094 2.20083e-20
0.257812 3.46964e-20
0.269531 5.48927e-20
0.28125 8.8928e-20
0.292969 1.47295e-19
0.304688 2.4618e-19
0.316406 4.20367e-19
0.328125 7.35207e-19
0.339844 1.31167e-18
0.351562 2.38643e-18
0.363281 4.36789e-18
0.375 8.5356e-18
0.386719 1.68021e-17
0.398438 3.29691e-17
0.410156 6.23946e-17
0.421875 1.23665e-16
0.433594 2.48551e-16
0.445312 4.75671e-16
0.457031 8.54134e-16
0.46875 1.47462e-15
0.480469 2.45863e-15
0.492188 4.08757e-15
0.503906 6.4786e-15
0.515625 1.00599e-14
0.527344 1.57442e-14
0.539062 2.4743e-14
0.550781 3.87392e-14
0.5625 6.06255e-14
0.574219 9.48231e-14
0.585938 1.48258e-13
0.597656 2.31574e-13
0.609375 3.61401e-13
0.621094 5.63629e-13
0.632812 8.78201e-13
0.644531 1.36738e-12
0.65625 2.12729e-12
0.667969 3.30685e-12
0.679688 5.1363e-12
0.691406 7.97137e-12
0.703125 1.23612e-11
0.714844 1.91528e-11
0.726562 2.96515e-11
0.738281 4.58673e-11
0.75 7.08925e-11
0.761719 1.0948e-10
0.773438 1.68932e-10
0.785156 2.60449e-10
0.796875 4.01209e-10
0.808594 6.17525e-10
0.820312 9.49666e-10
0.832031 1.45922e-09
0.84375 2.24026e-09
0.855469 3.43643e-09
0.867188 5.26675e-09
0.878906 8.06496e-09
0.890625 1.23391e-08
0.902344 1.88617e-08
0.914062 2.88068e-08
0.925781 4.39557e-08
0.9375 6.70099e-08
0.949219 1.0206e-07
0.960938 1.55296e-07
0.972656 2.36067e-07
0.984375 3.58483e-07
0.996094 5.43801e-07
1.00781 8.23995e-07
1.01953 1.24707e-06
1.03125 1.88495e-06
1.04297 2.8451e-06
1.05469 4.28763e-06
1.06641 6.45022e-06
1.07812 9.68402e-06
1.08984 1.4505e-05
1.10156 2.1666e-05
1.11328 3.22555e-05
1.125 4.78303e-05
1.13672 7.05861e-05
1.14844 0.000103569
1.16016 0.000150919
1.17188 0.000218143
1.18359 0.000312382
1.19531 0.00044268
1.20703 0.000620227
1.21875 0.000858593
1.23047 0.0011739
1.24219 0.00158484
1.25391 0.00211233
1.26562 0.00277858
1.27734 0.00360551
1.28906 0.00461251
1.30078 0.00581394
1.3125 0.00721707
1.32422 0.0088207
1.33594 0.0106152
1.34766 0.0125836
1.35938 0.0147039
1.37109 0.0169517
1.38281 0.0193026
1.39453 0.0217339
1.40625 0.0242262
1.41797 0.0267636
1.42969 0.0293337
1.44141 0.0319276
1.45312 0.0345387
1.46484 0.0371628
1.47656 0.0397971
1.48828 0.0424403
1.5 0.0450914
1.51172 0.0477504
1.52344 0.0504173
1.53516 0.0530923
1.54688 0.0557758
1.55859 0.0584681
1.57031 0.0611695
1.58203 0.06388
1.59375 0.0665999
1.60547 0.0693291
1.61719 0.0720677
1.62891 0.0748154
1.64062 0.0775721
1.65234 0.0803376
1.66406 0.0831116
1.67578 0.0858937
1.6875 0.0886836
1.69922 0.0914808
1.71094 0.094285
1.72266 0.0970957
1.73438 0.0999126
1.74609 0.102735
1.75781 0.105563
1.76953 0.108395
1.78125 0.111232
1.79297 0.114073
1.80469 0.116917
1.81641 0.119764
1.82812 0.122613
1.83984 0.125465
1.85156 0.128319
1.86328 0.131173
1.875 0.134029
1.88672 0.136886
1.89844 0.139742
1.91016 0.142599
1.92188 0.145455
1.93359 0.14831
1.94531 0.151165
1.95703 0.154017
1.96875 0.156869
1.98047 0.159718
1.99219 0.162564
2.00391 0.165409
2.01562 0.16825
2.02734 0.171088
2.03906 0.173923
2.05078 0.176755
2.0625 0.179582
2.07422 0.182405
2.08594 0.185225
2.09766 0.188039
2.10938 0.190849
2.12109 0.193654
2.13281 0.196453
2.14453 0.199247
2.15625 0.202035
2.16797 0.204818
2.17969 0.207594
2.19141 0.210364
2.20312 0.213127
2.21484 0.215883
2.22656 0.218633
2.23828 0.221375
2.25 0.224109
2.26172 0.226836
2.27344 0.229555
2.28516 0.232265
2.29688 0.234967
2.30859 0.237661
2.32031 0.240345
2.33203 0.243021
2.34375 0.245687
2.35547 0.248343
2.36719 0.25099
2.37891 0.253627
2.39062 0.256253
2.40234 0.258869
2.41406 0.261475
2.42578 0.26407
2.4375 0.266653
2.44922 0.269226
2.46094 0.271787
2.47266 0.274336
2.48438 0.276874
2.49609 0.2794
2.50781 0.281914
2.51953 0.284415
2.53125 0.286905
2.54297 0.289382
2.55469 0.291846
2.56641 0.294298
2.57812 0.296737
2.58984 0.299163
2.60156 0.301576
2.61328 0.303977
2.625 0.306364
2.63672 0.308738
2.64844 0.311098
2.66016 0.313446
2.67188 0.31578
2.68359 0.318101
2.69531 0.320409
2.70703 0.322703
2.71875 0.324984
2.73047 0.327251
2.74219 0.329505
2.75391 0.331746
2.76562 0.333973
2.77734 0.336187
2.78906 0.338387
2.80078 0.340574
2.8125 0.342748
2.82422 0.344909
2.83594 0.347056
2.84766 0.34919
2.85938 0.351311
2.87109 0.353419
2.88281 0.355514
2.89453 0.357595
2.90625 0.359664
2.91797 0.36172
2.92969 0.363763
2.94141 0.365793
2.95312 0.36781
2.96484 0.369815
2.97656 0.371807
2.98828 0.373787
3 0.375754
