0  1
0.0078125  1.01295
0.015625  1.02609
0.0234375  1.03945
0.03125  1.05302
0.0390625  1.0668
0.046875  1.0808
0.0546875  1.09502
0.0625  1.10947
0.0703125  1.12414
0.078125  1.13904
0.0859375  1.15417
0.09375  1.16953
0.101562  1.18514
0.109375  1.20097
0.117188  1.21621
0.125  1.22414
0.132812  1.23131
0.140625  1.23799
0.148438  1.24417
0.15625  1.24985
0.164062  1.25498
0.171875  1.25957
0.179688  1.26357
0.1875  1.26698
0.195312  1.26978
0.203125  1.27195
0.210938  1.27347
0.21875  1.27432
0.226562  1.2745
0.234375  1.274
0.242188  1.27279
0.25  1.27088
0.257812  1.26826
0.265625  1.26493
0.273438  1.2609
0.28125  1.25616
0.289062  1.25073
0.296875  1.24462
0.304688  1.23784
0.3125  1.23042
0.320312  1.22237
0.328125  1.21371
0.335938  1.20448
0.34375  1.1947
0.351562  1.1844
0.359375  1.1736
0.367188  1.16235
0.375  1.15067
0.382812  1.13859
0.390625  1.12614
0.398438  1.11336
0.40625  1.10027
0.414062  1.08692
0.421875  1.07332
0.429688  1.05951
0.4375  1.04551
0.445312  1.03136
0.453125  1.01708
0.460938  1.0027
0.46875  0.98824
0.476562  0.973724
0.484375  0.959176
0.492188  0.944618
0.5  0.930069
0.507812  0.915548
0.515625  0.901074
0.523438  0.886664
0.53125  0.872332
0.539062  0.858094
0.546875  0.843963
0.554688  0.82995
0.5625  0.816068
0.570312  0.802327
0.578125  0.788734
0.585938  0.7753
0.59375  0.762031
0.601562  0.748934
0.609375  0.736015
0.617188  0.723278
0.625  0.710728
0.632812  0.698367
0.640625  0.686201
0.648438  0.674229
0.65625  0.662455
0.664062  0.65088
0.671875  0.639503
0.679688  0.628327
0.6875  0.61735
0.695312  0.606573
0.703125  0.595994
0.710938  0.585613
0.71875  0.575427
0.726562  0.565437
0.734375  0.555639
0.742188  0.546033
0.75  0.536615
0.757812  0.527384
0.765625  0.518336
0.773438  0.509471
0.78125  0.500784
0.789062  0.492273
0.796875  0.483936
0.804688  0.475769
0.8125  0.467769
0.820312  0.459934
0.828125  0.452261
0.835938  0.444747
0.84375  0.437388
0.851562  0.430181
0.859375  0.423124
0.867188  0.416214
0.875  0.409447
0.882812  0.402821
0.890625  0.396333
0.898438  0.389979
0.90625  0.383757
0.914062  0.377665
0.921875  0.371698
0.929688  0.365855
0.9375  0.360133
0.945312  0.354528
0.953125  0.349039
0.960938  0.343663
0.96875  0.338397
0.976562  0.333239
0.984375  0.328186
0.992188  0.323236
1  0.318387
