0  1
0.0078125  1.01092
0.015625  1.02199
0.0234375  1.0332
0.03125  1.04455
0.0390625  1.05605
0.046875  1.06768
0.0546875  1.07945
0.0625  1.09136
0.0703125  1.10339
0.078125  1.11555
0.0859375  1.12782
0.09375  1.14018
0.101562  1.15261
0.109375  1.16508
0.117188  1.17755
0.125  1.18996
0.132812  1.20225
0.140625  1.21433
0.148438  1.22612
0.15625  1.23755
0.164062  1.24857
0.171875  1.25912
0.179688  1.26918
0.1875  1.27872
0.195312  1.28769
0.203125  1.29606
0.210938  1.30378
0.21875  1.31082
0.226562  1.31715
0.234375  1.32273
0.242188  1.32755
0.25  1.33161
0.257812  1.33491
0.265625  1.33748
0.273438  1.33933
0.28125  1.3405
0.289062  1.34104
0.296875  1.34096
0.304688  1.34033
0.3125  1.33916
0.320312  1.33751
0.328125  1.33539
0.335938  1.33286
0.34375  1.32992
0.351562  1.32662
0.359375  1.32297
0.367188  1.31901
0.375  1.31474
0.382812  1.31018
0.390625  1.30537
0.398438  1.3003
0.40625  1.295
0.414062  1.28948
0.421875  1.28376
0.429688  1.27784
0.4375  1.27173
0.445312  1.26545
0.453125  1.25901
0.460938  1.25241
0.46875  1.24566
0.476562  1.23878
0.484375  1.23177
0.492188  1.22464
0.5  1.21739
0.507812  1.21003
0.515625  1.20258
0.523438  1.19503
0.53125  1.18739
0.539062  1.17967
0.546875  1.17187
0.554688  1.164
0.5625  1.15607
0.570312  1.14807
0.578125  1.14002
0.585938  1.13192
0.59375  1.12378
0.601562  1.11559
0.609375  1.10736
0.617188  1.09911
0.625  1.09082
0.632812  1.08251
0.640625  1.07418
0.648438  1.06583
0.65625  1.05747
0.664062  1.04909
0.671875  1.04071
0.679688  1.03233
0.6875  1.02395
0.695312  1.01557
0.703125  1.0072
0.710938  0.998834
0.71875  0.990482
0.726562  0.982143
0.734375  0.973821
0.742188  0.965519
0.75  0.957238
0.757812  0.948981
0.765625  0.94075
0.773438  0.932547
0.78125  0.924375
0.789062  0.916235
0.796875  0.908128
0.804688  0.900058
0.8125  0.892025
0.820312  0.88403
0.828125  0.876077
0.835938  0.868166
0.84375  0.860298
0.851562  0.852474
0.859375  0.844697
0.867188  0.836967
0.875  0.829285
0.882812  0.821653
0.890625  0.814071
0.898438  0.80654
0.90625  0.799061
0.914062  0.791635
0.921875  0.784263
0.929688  0.776946
0.9375  0.769683
0.945312  0.762476
0.953125  0.755326
0.960938  0.748232
0.96875  0.741195
0.976562  0.734215
0.984375  0.727294
0.992188  0.720431
1  0.713626
