0  1
0.0078125  1.01351
0.015625  1.02728
0.0234375  1.04132
0.03125  1.05563
0.0390625  1.07022
0.046875  1.08509
0.0546875  1.10025
0.0625  1.11572
0.0703125  1.13149
0.078125  1.14757
0.0859375  1.16398
0.09375  1.18072
0.101562  1.19779
0.109375  1.21521
0.117188  1.23299
0.125  1.25112
0.132812  1.26964
0.140625  1.28853
0.148438  1.30781
0.15625  1.3275
0.164062  1.34759
0.171875  1.36811
0.179688  1.38906
0.1875  1.41045
0.195312  1.43229
0.203125  1.4546
0.210938  1.47739
0.21875  1.50066
0.226562  1.52444
0.234375  1.54873
0.242188  1.57354
0.25  1.5989
0.257812  1.6248
0.265625  1.65128
0.273438  1.67833
0.28125  1.70598
0.289062  1.73424
0.296875  1.76312
0.304688  1.79264
0.3125  1.82281
0.320312  1.85366
0.328125  1.88519
0.335938  1.91742
0.34375  1.95038
0.351562  1.98406
0.359375  2.0185
0.367188  2.0537
0.375  2.08969
0.382812  2.12647
0.390625  2.16407
0.398438  2.2025
0.40625  2.24177
0.414062  2.2819
0.421875  2.32289
0.429688  2.36476
0.4375  2.40751
0.445312  2.45114
0.453125  2.49564
0.460938  2.54098
0.46875  2.58714
0.476562  2.63402
0.484375  2.6815
0.492188  2.72933
0.5  2.77705
0.507812  2.82371
0.515625  2.86729
0.523438  2.90347
0.53125  2.92564
0.539062  2.93113
0.546875  2.92495
0.554688  2.91265
0.5625  2.89723
0.570312  2.8801
0.578125  2.86195
0.585938  2.84315
0.59375  2.82391
0.601562  2.80436
0.609375  2.78459
0.617188  2.76466
0.625  2.74461
0.632812  2.72448
0.640625  2.70429
0.648438  2.68405
0.65625  2.6638
0.664062  2.64354
0.671875  2.62328
0.679688  2.60303
0.6875  2.58281
0.695312  2.56262
0.703125  2.54247
0.710938  2.52237
0.71875  2.50232
0.726562  2.48233
0.734375  2.46241
0.742188  2.44255
0.75  2.42277
0.757812  2.40306
0.765625  2.38344
0.773438  2.36391
0.78125  2.34446
0.789062  2.32511
0.796875  2.30586
0.804688  2.2867
0.8125  2.26765
0.820312  2.2487
0.828125  2.22986
0.835938  2.21113
0.84375  2.19251
0.851562  2.17401
0.859375  2.15562
0.867188  2.13735
0.875  2.1192
0.882812  2.10117
0.890625  2.08326
0.898438  2.06548
0.90625  2.04782
0.914062  2.03029
0.921875  2.01289
0.929688  1.99562
0.9375  1.97847
0.945312  1.96145
0.953125  1.94457
0.960938  1.92781
0.96875  1.91119
0.976562  1.8947
0.984375  1.87835
0.992188  1.86212
1  1.84603
