0  1
0.0078125  1.01083
0.015625  1.02166
0.0234375  1.0325
0.03125  1.04334
0.0390625  1.05416
0.046875  1.06497
0.0546875  1.07576
0.0625  1.08652
0.0703125  1.09724
0.078125  1.10791
0.0859375  1.11852
0.09375  1.12908
0.101562  1.13955
0.109375  1.14995
0.117188  1.16025
0.125  1.17045
0.132812  1.18054
0.140625  1.1905
0.148438  1.20032
0.15625  1.20999
0.164062  1.21949
0.171875  1.22881
0.179688  1.23793
0.1875  1.24684
0.195312  1.25551
0.203125  1.26392
0.210938  1.27205
0.21875  1.27986
0.226562  1.28732
0.234375  1.29439
0.242188  1.30102
0.25  1.30714
0.257812  1.31267
0.265625  1.31752
0.273438  1.32154
0.28125  1.32454
0.289062  1.3263
0.296875  1.32647
0.304688  1.32464
0.3125  1.32028
0.320312  1.31286
0.328125  1.30192
0.335938  1.28731
0.34375  1.26928
0.351562  1.24838
0.359375  1.22529
0.367188  1.20069
0.375  1.17513
0.382812  1.14901
0.390625  1.12267
0.398438  1.09632
0.40625  1.07015
0.414062  1.04428
0.421875  1.01879
0.429688  0.993754
0.4375  0.969223
0.445312  0.94523
0.453125  0.921799
0.460938  0.898945
0.46875  0.876678
0.476562  0.855002
0.484375  0.833916
0.492188  0.813417
0.5  0.793498
0.507812  0.774153
0.515625  0.75537
0.523438  0.737138
0.53125  0.719447
0.539062  0.702282
0.546875  0.68563
0.554688  0.669478
0.5625  0.653812
0.570312  0.638618
0.578125  0.623881
0.585938  0.609589
0.59375  0.595727
0.601562  0.582281
0.609375  0.569238
0.617188  0.556585
0.625  0.54431
0.632812  0.532399
0.640625  0.520841
0.648438  0.509623
0.65625  0.498735
0.664062  0.488165
0.671875  0.477903
0.679688  0.467937
0.6875  0.458258
0.695312  0.448856
0.703125  0.439721
0.710938  0.430845
0.71875  0.422219
0.726562  0.413834
0.734375  0.405682
0.742188  0.397755
0.75  0.390046
0.757812  0.382547
0.765625  0.375251
0.773438  0.368152
0.78125  0.361243
0.789062  0.354517
0.796875  0.34797
0.804688  0.341594
0.8125  0.335384
0.820312  0.329335
0.828125  0.323441
0.835938  0.317698
0.84375  0.312101
0.851562  0.306645
0.859375  0.301325
0.867188  0.296138
0.875  0.291079
0.882812  0.286144
0.890625  0.281329
0.898438  0.276631
0.90625  0.272045
0.914062  0.26757
0.921875  0.2632
0.929688  0.258934
0.9375  0.254767
0.945312  0.250697
0.953125  0.246722
0.960938  0.242837
0.96875  0.239041
0.976562  0.235331
0.984375  0.231705
0.992188  0.22816
1  0.224693
