0  1
0.0078125  1.01304
0.015625  1.02627
0.0234375  1.03968
0.03125  1.05328
0.0390625  1.06706
0.046875  1.08104
0.0546875  1.0952
0.0625  1.10956
0.0703125  1.1241
0.078125  1.13884
0.0859375  1.15377
0.09375  1.1689
0.101562  1.18421
0.109375  1.19972
0.117188  1.21542
0.125  1.23131
0.132812  1.24739
0.140625  1.26366
0.148438  1.28011
0.15625  1.29674
0.164062  1.31355
0.171875  1.33054
0.179688  1.34769
0.1875  1.36499
0.195312  1.38244
0.203125  1.4
0.210938  1.41764
0.21875  1.43529
0.226562  1.45278
0.234375  1.46961
0.242188  1.48236
0.25  1.44625
0.257812  1.36776
0.265625  1.29139
0.273438  1.22029
0.28125  1.15452
0.289062  1.09374
0.296875  1.03752
0.304688  0.985446
0.3125  0.937152
0.320312  0.892289
0.328125  0.850546
0.335938  0.811648
0.34375  0.775343
0.351562  0.74141
0.359375  0.709648
0.367188  0.679877
0.375  0.651935
0.382812  0.625677
0.390625  0.600969
0.398438  0.577694
0.40625  0.555742
0.414062  0.535016
0.421875  0.515426
0.429688  0.496891
0.4375  0.479337
0.445312  0.462696
0.453125  0.446905
0.460938  0.431908
0.46875  0.417653
0.476562  0.404091
0.484375  0.391179
0.492188  0.378875
0.5  0.367142
0.507812  0.355946
0.515625  0.345254
0.523438  0.335035
0.53125  0.325264
0.539062  0.315914
0.546875  0.306961
0.554688  0.298382
0.5625  0.290159
0.570312  0.28227
0.578125  0.274699
0.585938  0.267428
0.59375  0.260442
0.601562  0.253726
0.609375  0.247266
0.617188  0.24105
0.625  0.235065
0.632812  0.229301
0.640625  0.223745
0.648438  0.21839
0.65625  0.213224
0.664062  0.208239
0.671875  0.203427
0.679688  0.198779
0.6875  0.194289
0.695312  0.18995
0.703125  0.185754
0.710938  0.181696
0.71875  0.177769
0.726562  0.173968
0.734375  0.170288
0.742188  0.166723
0.75  0.163269
0.757812  0.159921
0.765625  0.156675
0.773438  0.153527
0.78125  0.150473
0.789062  0.147509
0.796875  0.144632
0.804688  0.141838
0.8125  0.139124
0.820312  0.136487
0.828125  0.133925
0.835938  0.131434
0.84375  0.129012
0.851562  0.126656
0.859375  0.124364
0.867188  0.122134
0.875  0.119963
0.882812  0.11785
0.890625  0.115792
0.898438  0.113787
0.90625  0.111834
0.914062  0.109931
0.921875  0.108076
0.929688  0.106268
0.9375  0.104504
0.945312  0.102784
0.953125  0.101106
0.960938  0.0994694
0.96875  0.0978718
0.976562  0.0963124
0.984375  0.0947899
0.992188  0.0933032
1  0.0918512
