0  1
0.0078125  1.01542
0.015625  1.03183
0.0234375  1.04923
0.03125  1.06767
0.0390625  1.08716
0.046875  1.10772
0.0546875  1.12938
0.0625  1.15216
0.0703125  1.17606
0.078125  1.20112
0.0859375  1.22733
0.09375  1.25469
0.101562  1.2832
0.109375  1.31283
0.117188  1.34352
0.125  1.37517
0.132812  1.40757
0.140625  1.44015
0.148438  1.47036
0.15625  1.446
0.164062  1.34032
0.171875  1.24236
0.179688  1.15582
0.1875  1.07947
0.195312  1.01189
0.203125  0.951845
0.210938  0.898265
0.21875  0.850263
0.226562  0.807097
0.234375  0.76814
0.242188  0.732862
0.25  0.700815
0.257812  0.671616
0.265625  0.644937
0.273438  0.620496
0.28125  0.598049
0.289062  0.577384
0.296875  0.558318
0.304688  0.540689
0.3125  0.524355
0.320312  0.509194
0.328125  0.495095
0.335938  0.48196
0.34375  0.469704
0.351562  0.458249
0.359375  0.447528
0.367188  0.437478
0.375  0.428044
0.382812  0.419177
0.390625  0.410833
0.398438  0.40297
0.40625  0.395553
0.414062  0.388547
0.421875  0.381924
0.429688  0.375655
0.4375  0.369717
0.445312  0.364085
0.453125  0.358739
0.460938  0.353659
0.46875  0.34883
0.476562  0.344233
0.484375  0.339855
0.492188  0.335681
0.5  0.331699
0.507812  0.327898
0.515625  0.324267
0.523438  0.320795
0.53125  0.317473
0.539062  0.314293
0.546875  0.311247
0.554688  0.308327
0.5625  0.305526
0.570312  0.302839
0.578125  0.300258
0.585938  0.297779
0.59375  0.295395
0.601562  0.293103
0.609375  0.290897
0.617188  0.288774
0.625  0.286728
0.632812  0.284757
0.640625  0.282856
0.648438  0.281023
0.65625  0.279254
0.664062  0.277546
0.671875  0.275897
0.679688  0.274303
0.6875  0.272762
0.695312  0.271273
0.703125  0.269832
0.710938  0.268438
0.71875  0.267088
0.726562  0.265781
0.734375  0.264514
0.742188  0.263287
0.75  0.262098
0.757812  0.260944
0.765625  0.259825
0.773438  0.258739
0.78125  0.257685
0.789062  0.256662
0.796875  0.255668
0.804688  0.254702
0.8125  0.253764
0.820312  0.252852
0.828125  0.251965
0.835938  0.251103
0.84375  0.250264
0.851562  0.249447
0.859375  0.248653
0.867188  0.247879
0.875  0.247125
0.882812  0.246392
0.890625  0.245677
0.898438  0.24498
0.90625  0.244301
0.914062  0.243638
0.921875  0.242993
0.929688  0.242363
0.9375  0.241748
0.945312  0.241149
0.953125  0.240564
0.960938  0.239992
0.96875  0.239435
0.976562  0.23889
0.984375  0.238358
0.992188  0.237838
1  0.23733
