0  1
0.0078125  1.00904
0.015625  1.01813
0.0234375  1.02725
0.03125  1.0364
0.0390625  1.04559
0.046875  1.05481
0.0546875  1.06405
0.0625  1.07332
0.0703125  1.0826
0.078125  1.09188
0.0859375  1.10117
0.09375  1.11044
0.101562  1.11969
0.109375  1.12891
0.117188  1.13805
0.125  1.1471
0.132812  1.156
0.140625  1.16469
0.148438  1.17306
0.15625  1.18094
0.164062  1.18805
0.171875  1.19387
0.179688  1.19737
0.1875  1.19584
0.195312  1.17669
0.203125  1.11521
0.210938  1.04058
0.21875  0.969984
0.226562  0.905449
0.234375  0.8468
0.242188  0.793504
0.25  0.744998
0.257812  0.700755
0.265625  0.660307
0.273438  0.623241
0.28125  0.589196
0.289062  0.557857
0.296875  0.528945
0.304688  0.502219
0.3125  0.477465
0.320312  0.454493
0.328125  0.433138
0.335938  0.413251
0.34375  0.394702
0.351562  0.377373
0.359375  0.36116
0.367188  0.345969
0.375  0.331715
0.382812  0.318325
0.390625  0.305728
0.398438  0.293864
0.40625  0.282678
0.414062  0.272118
0.421875  0.262138
0.429688  0.252698
0.4375  0.243758
0.445312  0.235284
0.453125  0.227244
0.460938  0.21961
0.46875  0.212354
0.476562  0.205451
0.484375  0.198879
0.492188  0.192618
0.5  0.186648
0.507812  0.180951
0.515625  0.175511
0.523438  0.170312
0.53125  0.165341
0.539062  0.160585
0.546875  0.156031
0.554688  0.151668
0.5625  0.147485
0.570312  0.143473
0.578125  0.139622
0.585938  0.135925
0.59375  0.132372
0.601562  0.128957
0.609375  0.125672
0.617188  0.122511
0.625  0.119468
0.632812  0.116537
0.640625  0.113712
0.648438  0.110989
0.65625  0.108363
0.664062  0.105829
0.671875  0.103382
0.679688  0.10102
0.6875  0.0987371
0.695312  0.096531
0.703125  0.0943981
0.710938  0.0923351
0.71875  0.090339
0.726562  0.0884069
0.734375  0.0865361
0.742188  0.0847241
0.75  0.0829684
0.757812  0.0812667
0.765625  0.0796169
0.773438  0.0780167
0.78125  0.0764644
0.789062  0.0749579
0.796875  0.0734954
0.804688  0.0720754
0.8125  0.0706961
0.820312  0.0693561
0.828125  0.0680538
0.835938  0.0667878
0.84375  0.0655568
0.851562  0.0643595
0.859375  0.0631948
0.867188  0.0620613
0.875  0.0609581
0.882812  0.0598841
0.890625  0.0588382
0.898438  0.0578194
0.90625  0.0568269
0.914062  0.0558597
0.921875  0.054917
0.929688  0.053998
0.9375  0.0531018
0.945312  0.0522278
0.953125  0.0513752
0.960938  0.0505432
0.96875  0.0497314
0.976562  0.0489389
0.984375  0.0481652
0.992188  0.0474097
1  0.0466719
