0  1
0.0078125  1.01307
0.015625  1.02638
0.0234375  1.03994
0.03125  1.05374
0.0390625  1.06781
0.046875  1.08214
0.0546875  1.09674
0.0625  1.11161
0.0703125  1.12677
0.078125  1.14221
0.0859375  1.15795
0.09375  1.17399
0.101562  1.19034
0.109375  1.207
0.117188  1.22399
0.125  1.2413
0.132812  1.25895
0.140625  1.27694
0.148438  1.29529
0.15625  1.31399
0.164062  1.33306
0.171875  1.3525
0.179688  1.37232
0.1875  1.39253
0.195312  1.41314
0.203125  1.43416
0.210938  1.45558
0.21875  1.47743
0.226562  1.4997
0.234375  1.52241
0.242188  1.54556
0.25  1.56915
0.257812  1.59319
0.265625  1.61769
0.273438  1.64266
0.28125  1.66808
0.289062  1.69396
0.296875  1.72031
0.304688  1.74711
0.3125  1.77435
0.320312  1.80203
0.328125  1.83013
0.335938  1.85861
0.34375  1.88745
0.351562  1.91659
0.359375  1.94596
0.367188  1.97548
0.375  2.00503
0.382812  2.03446
0.390625  2.06357
0.398438  2.0921
0.40625  2.11973
0.414062  2.1461
0.421875  2.17077
0.429688  2.19333
0.4375  2.21343
0.445312  2.2308
0.453125  2.24538
0.460938  2.25724
0.46875  2.26656
0.476562  2.27359
0.484375  2.2786
0.492188  2.28184
0.5  2.28354
0.507812  2.28388
0.515625  2.28304
0.523438  2.28114
0.53125  2.27831
0.539062  2.27463
0.546875  2.2702
0.554688  2.26509
0.5625  2.25935
0.570312  2.25304
0.578125  2.24621
0.585938  2.2389
0.59375  2.23114
0.601562  2.22298
0.609375  2.21443
0.617188  2.20554
0.625  2.19632
0.632812  2.1868
0.640625  2.177
0.648438  2.16693
0.65625  2.15663
0.664062  2.14609
0.671875  2.13535
0.679688  2.12442
0.6875  2.1133
0.695312  2.10201
0.703125  2.09057
0.710938  2.07899
0.71875  2.06728
0.726562  2.05544
0.734375  2.04349
0.742188  2.03143
0.75  2.01928
0.757812  2.00705
0.765625  1.99474
0.773438  1.98236
0.78125  1.96991
0.789062  1.95741
0.796875  1.94486
0.804688  1.93227
0.8125  1.91964
0.820312  1.90697
0.828125  1.89429
0.835938  1.88158
0.84375  1.86885
0.851562  1.85611
0.859375  1.84337
0.867188  1.83063
0.875  1.81788
0.882812  1.80515
0.890625  1.79242
0.898438  1.77971
0.90625  1.76701
0.914062  1.75433
0.921875  1.74168
0.929688  1.72905
0.9375  1.71646
0.945312  1.70389
0.953125  1.69136
0.960938  1.67887
0.96875  1.66641
0.976562  1.654
0.984375  1.64164
0.992188  1.62932
1  1.61705
