0  1
0.0078125  1.01028
0.015625  1.02002
0.0234375  1.0292
0.03125  1.03777
0.0390625  1.04572
0.046875  1.053
0.0546875  1.05959
0.0625  1.06546
0.0703125  1.07059
0.078125  1.07495
0.0859375  1.07854
0.09375  1.08132
0.101562  1.0833
0.109375  1.08445
0.117188  1.08477
0.125  1.08427
0.132812  1.08293
0.140625  1.08077
0.148438  1.07778
0.15625  1.07399
0.164062  1.06939
0.171875  1.06402
0.179688  1.05789
0.1875  1.05102
0.195312  1.04343
0.203125  1.03516
0.210938  1.02624
0.21875  1.01669
0.226562  1.00656
0.234375  0.995869
0.242188  0.984664
0.25  0.97298
0.257812  0.960856
0.265625  0.948331
0.273438  0.935443
0.28125  0.922233
0.289062  0.908738
0.296875  0.894996
0.304688  0.881045
0.3125  0.866921
0.320312  0.852659
0.328125  0.838292
0.335938  0.823853
0.34375  0.809372
0.351562  0.794878
0.359375  0.780398
0.367188  0.765959
0.375  0.751583
0.382812  0.737292
0.390625  0.723107
0.398438  0.709046
0.40625  0.695125
0.414062  0.681361
0.421875  0.667766
0.429688  0.654352
0.4375  0.641129
0.445312  0.628108
0.453125  0.615295
0.460938  0.602697
0.46875  0.59032
0.476562  0.578169
0.484375  0.566245
0.492188  0.554553
0.5  0.543094
0.507812  0.531869
0.515625  0.520877
0.523438  0.51012
0.53125  0.499595
0.539062  0.489302
0.546875  0.479238
0.554688  0.469402
0.5625  0.459791
0.570312  0.450401
0.578125  0.441231
0.585938  0.432276
0.59375  0.423533
0.601562  0.414998
0.609375  0.406667
0.617188  0.398537
0.625  0.390603
0.632812  0.382862
0.640625  0.375308
0.648438  0.367939
0.65625  0.360749
0.664062  0.353735
0.671875  0.346893
0.679688  0.340218
0.6875  0.333707
0.695312  0.327354
0.703125  0.321157
0.710938  0.315111
0.71875  0.309213
0.726562  0.303458
0.734375  0.297843
0.742188  0.292365
0.75  0.287019
0.757812  0.281802
0.765625  0.27671
0.773438  0.271741
0.78125  0.266891
0.789062  0.262157
0.796875  0.257535
0.804688  0.253023
0.8125  0.248617
0.820312  0.244315
0.828125  0.240114
0.835938  0.23601
0.84375  0.232003
0.851562  0.228088
0.859375  0.224263
0.867188  0.220526
0.875  0.216875
0.882812  0.213307
0.890625  0.209819
0.898438  0.20641
0.90625  0.203078
0.914062  0.19982
0.921875  0.196635
0.929688  0.19352
0.9375  0.190474
0.945312  0.187495
0.953125  0.18458
0.960938  0.181729
0.96875  0.178939
0.976562  0.17621
0.984375  0.173538
0.992188  0.170924
1  0.168365
