0	0	8.16451e-07
0	1	7.56442e-07
0	2	8.46306e-07
0	3	5.48283e-07
0	4	9.10644e-18
0	5	1.48861e-06
0	6	6.62919e-07
0	7	1.1906e-06
0	8	2.37013e-05
0	9	1.18597e-06
0	10	1.81356e-06
0	11	5.38998e-18
0	12	7.21142e-07
0	13	5.7642e-07
0	14	2.4414e-06
0	15	8.24977e-18
0	16	2.03555e-06
0	17	9.63193e-07
0	18	5.61495e-07
0	19	6.37052e-07
0	20	6.86272e-07
0	21	1.22179e-06
0	22	1.63281e-06
0	23	1.66402e-06
0	24	1.03113e-06
0	25	6.48209e-07
0	26	9.23731e-07
0	27	5.7635e-07
0	28	4.14561e-06
0	29	1.06196e-06
0	30	1.59234e-06
0	31	6.86002e-07
0	32	1.45131e-06
0	33	1.25668e-16
0	34	6.55144e-17
0	35	7.75854e-07
0	36	1.13395e-06
0	37	5.76116e-07
0	38	5.49182e-07
0	39	0.12709
0	40	6.91215e-07
0	41	6.33744e-07
0	42	1.43329e-06
0	43	7.33936e-05
0	44	5.48604e-07
0	45	3.6792e-06
0	46	6.76436e-07
0	47	6.0735e-07
0	48	6.8449e-07
0	49	5.53265e-07
0	50	1.9352e-06
0	51	7.0471e-07
0	52	3.27938e-06
0	53	1.33565e-06
0	54	1.016e-06
0	55	5.28668e-05
0	56	4.1327e-06
0	57	1.1031e-16
0	58	1.13699e-16
0	59	1.22064e-16
0	60	1.12396e-16
0	61	1.51195e-06
0	62	4.52504e-18
0	63	5.03327e-17
0	64	2.38272e-06
0	65	1.56413e-06
0	66	3.17151e-06
0	67	2.36561e-06
0	68	9.65101e-07
0	69	2.4098e-06
0	70	8.2822e-06
0	71	8.09509e-06
1	0	1.08053e-06
1	1	1.02052e-06
1	2	8.26554e-18
1	3	8.12365e-07
1	4	8.29565e-07
1	5	1.75269e-06
1	6	9.27001e-07
1	7	1.45469e-06
1	8	2.39654e-05
1	9	1.45005e-06
1	10	2.07764e-06
1	11	5.23247e-17
1	12	9.85223e-07
1	13	8.40502e-07
1	14	2.70549e-06
1	15	6.25648e-17
1	16	2.29963e-06
1	17	1.22727e-06
1	18	8.25576e-07
1	19	9.01133e-07
1	20	9.50353e-07
1	21	1.48587e-06
1	22	1.89689e-06
1	23	9.61049e-17
1	24	1.29521e-06
1	25	9.1229e-07
1	26	1.18781e-06
1	27	8.40431e-07
1	28	4.40969e-06
1	29	1.32605e-06
1	30	1.85642e-06
1	31	8.93565e-17
1	32	1.7154e-06
1	33	1.99011e-17
1	34	8.39518e-17
1	35	1.03994e-06
1	36	1.39803e-06
1	37	8.40198e-07
1	38	8.13263e-07
1	39	0.12709
1	40	9.55297e-07
1	41	8.97826e-07
1	42	1.69737e-06
1	43	7.36577e-05
1	44	9.45726e-17
1	45	3.94328e-06
1	46	9.40517e-07
1	47	8.71431e-07
1	48	9.48572e-07
1	49	8.17347e-07
1	50	2.19928e-06
1	51	9.68791e-07
1	52	3.54346e-06
1	53	1.59974e-06
1	54	1.28008e-06
1	55	5.31309e-05
1	56	4.39678e-06
1	57	8.12614e-07
1	58	1.07599e-16
1	59	4.22248e-17
1	60	1.10732e-06
1	61	1.77603e-06
1	62	3.17189e-17
1	63	3.11491e-17
1	64	2.64681e-06
1	65	1.82822e-06
1	66	3.43559e-06
1	67	2.62969e-06
1	68	2.50373e-17
1	69	2.67389e-06
1	70	8.54628e-06
1	71	8.35917e-06
2	0	1.6147e-05
2	1	1.6087e-05
2	2	1.61769e-05
2	3	1.80323e-17
2	4	6.87013e-17
2	5	1.68192e-05
2	6	1.59935e-05
2	7	1.65212e-05
2	8	3.90319e-05
2	9	1.65165e-05
2	10	1.71441e-05
2	11	1.59268e-05
2	12	1.60517e-05
2	13	1.5907e-05
2	14	1.7772e-05
2	15	8.4118e-17
2	16	1.73661e-05
2	17	1.62938e-05
2	18	3.07513e-17
2	19	1.59676e-05
2	20	1.60168e-05
2	21	1.65524e-05
2	22	1.69634e-05
2	23	1.69946e-05
2	24	1.63617e-05
2	25	1.59788e-05
2	26	1.62543e-05
2	27	1.07075e-16
2	28	1.94762e-05
2	29	1.63925e-05
2	30	1.69229e-05
2	31	1.60166e-05
2	32	1.67819e-05
2	33	1.0127e-16
2	34	7.88211e-17
2	35	1.61064e-05
2	36	1.64645e-05
2	37	1.59067e-05
2	38	8.5712e-17
2	39	0.127105
2	40	1.60218e-05
2	41	1.59643e-05
2	42	1.67639e-05
2	43	8.87242e-05
2	44	6.94829e-17
2	45	1.90098e-05
2	46	1.6007e-05
2	47	1.59379e-05
2	48	1.60151e-05
2	49	8.83356e-17
2	50	1.72658e-05
2	51	1.60353e-05
2	52	1.86099e-05
2	53	1.66662e-05
2	54	1.63466e-05
2	55	6.81974e-05
2	56	1.94633e-05
2	57	5.60837e-17
2	58	1.35372e-16
2	59	1.5918e-05
2	60	1.61738e-05
2	61	1.68425e-05
2	62	1.0395e-17
2	63	1.70116e-05
2	64	1.77133e-05
2	65	1.68947e-05
2	66	1.85021e-05
2	67	1.76962e-05
2	68	1.62957e-05
2	69	1.77404e-05
2	70	2.36128e-05
2	71	2.34257e-05
3	0	3.28934e-07
3	1	2.68925e-07
3	2	6.71632e-17
3	3	6.07666e-08
3	4	7.79665e-08
3	5	1.0011e-06
3	6	1.75403e-07
3	7	7.03088e-07
3	8	2.32138e-05
3	9	6.98456e-07
3	10	1.32604e-06
3	11	5.05203e-17
3	12	2.33625e-07
3	13	8.89036e-08
3	14	1.95389e-06
3	15	1.0833e-16
3	16	1.54803e-06
3	17	4.75676e-07
3	18	7.39779e-08
3	19	1.49535e-07
3	20	1.98755e-07
3	21	7.34273e-07
3	22	5.1159e-17
3	23	1.17651e-06
3	24	5.43615e-07
3	25	1.67296e-17
3	26	4.36214e-07
3	27	8.51833e-17
3	28	3.6581e-06
3	29	5.74448e-07
3	30	1.10482e-06
3	31	9.60989e-17
3	32	9.63798e-07
3	33	3.23904e-17
3	34	1.38542e-16
3	35	2.88337e-07
3	36	6.4643e-07
3	37	8.85995e-08
3	38	6.16653e-08
3	39	2.2863e-17
3	40	2.03699e-07
3	41	1.46228e-07
3	42	9.4577e-07
3	43	7.29061e-05
3	44	5.81054e-17
3	45	3.19169e-06
3	46	1.88919e-07
3	47	1.19833e-07
3	48	1.96974e-07
3	49	6.57485e-08
3	50	1.44768e-06
3	51	2.17193e-07
3	52	2.79186e-06
3	53	8.48137e-07
3	54	5.28481e-07
3	55	5.23793e-05
3	56	3.64519e-06
3	57	6.42356e-17
3	58	5.33691e-17
3	59	6.00181e-17
3	60	7.68809e-17
3	61	1.02444e-06
3	62	1.72991e-07
3	63	6.05294e-17
3	64	1.89521e-06
3	65	1.07662e-06
3	66	2.68399e-06
3	67	1.8781e-06
3	68	7.09868e-17
3	69	1.92229e-06
3	70	7.79468e-06
3	71	7.60758e-06
4	0	2.6173e-06
4	1	2.55729e-06
4	2	9.13186e-17
4	3	2.34913e-06
4	4	2.36633e-06
4	5	3.28946e-06
4	6	2.46377e-06
4	7	2.99145e-06
4	8	2.55021e-05
4	9	3.73962e-17
4	10	3.61441e-06
4	11	8.19372e-17
4	12	2.52199e-06
4	13	2.37727e-06
4	14	4.24225e-06
4	15	2.34805e-06
4	16	3.8364e-06
4	17	2.76404e-06
4	18	2.36234e-06
4	19	5.0315e-17
4	20	2.48712e-06
4	21	3.02264e-06
4	22	3.43366e-06
4	23	7.2402e-18
4	24	2.83198e-06
4	25	2.44906e-06
4	26	2.72458e-06
4	27	2.3772e-06
4	28	5.94646e-06
4	29	2.86281e-06
4	30	3.39319e-06
4	31	1.00084e-16
4	32	3.25216e-06
4	33	2.34945e-06
4	34	6.6364e-17
4	35	2.5767e-06
4	36	2.9348e-06
4	37	2.37697e-06
4	38	2.35003e-06
4	39	0.127092
4	40	2.49207e-06
4	41	2.43459e-06
4	42	3.23414e-06
4	43	7.51945e-05
4	44	2.96971e-17
4	45	5.48005e-06
4	46	2.47729e-06
4	47	2.4082e-06
4	48	2.48534e-06
4	49	2.35412e-06
4	50	3.73605e-06
4	51	2.50556e-06
4	52	5.08023e-06
4	53	3.1365e-06
4	54	3.87093e-18
4	55	5.46677e-05
4	56	5.93355e-06
4	57	1.23667e-16
4	58	1.0889e-17
4	59	1.22057e-16
4	60	4.95716e-17
4	61	3.3128e-06
4	62	4.76127e-18
4	63	4.47807e-17
4	64	4.18357e-06
4	65	3.36498e-06
4	66	4.97236e-06
4	67	4.16646e-06
4	68	4.72576e-17
4	69	4.21065e-06
4	70	1.0083e-05
4	71	9.89594e-06
5	0	1.80921e-06
5	1	1.7492e-06
5	2	6.2654e-17
5	3	3.97014e-17
5	4	1.28212e-17
5	5	2.48137e-06
5	6	1.65568e-06
5	7	2.18336e-06
5	8	2.4694e-05
5	9	2.17873e-06
5	10	2.80632e-06
5	11	1.23049e-17
5	12	1.7139e-06
5	13	1.56918e-06
5	14	3.43416e-06
5	15	5.75219e-17
5	16	3.02831e-06
5	17	1.95595e-06
5	18	2.28809e-17
5	19	1.62981e-06
5	20	1.67903e-06
5	21	2.21455e-06
5	22	2.62557e-06
5	23	7.04542e-17
5	24	2.02389e-06
5	25	1.64097e-06
5	26	1.91649e-06
5	27	1.16527e-16
5	28	5.13837e-06
5	29	2.05472e-06
5	30	2.5851e-06
5	31	6.85414e-17
5	32	2.44407e-06
5	33	1.36988e-16
5	34	2.35947e-17
5	35	1.76861e-06
5	36	2.12671e-06
5	37	1.56888e-06
5	38	1.54194e-06
5	39	0.127091
5	40	1.68398e-06
5	41	1.6265e-06
5	42	2.42605e-06
5	43	7.43864e-05
5	44	1.07347e-17
5	45	4.67196e-06
5	46	1.6692e-06
5	47	1.60011e-06
5	48	1.67725e-06
5	49	1.54603e-06
5	50	2.92796e-06
5	51	1.69747e-06
5	52	4.27214e-06
5	53	2.32841e-06
5	54	2.00876e-06
5	55	5.38596e-05
5	56	5.12546e-06
5	57	9.43057e-17
5	58	6.22832e-17
5	59	5.6291e-17
5	60	1.24808e-16
5	61	2.50471e-06
5	62	1.1883e-17
5	63	5.54952e-18
5	64	3.37548e-06
5	65	2.5569e-06
5	66	4.16427e-06
5	67	3.35837e-06
5	68	5.43169e-17
5	69	3.40257e-06
5	70	9.27496e-06
5	71	9.08785e-06
6	0	1.34112e-06
6	1	1.28111e-06
6	2	1.37098e-06
6	3	1.07295e-06
6	4	1.09015e-06
6	5	2.01328e-06
6	6	1.18759e-06
6	7	1.71527e-06
6	8	2.4226e-05
6	9	1.71064e-06
6	10	2.33823e-06
6	11	1.00712e-17
6	12	1.24581e-06
6	13	1.10109e-06
6	14	2.96607e-06
6	15	8.66885e-17
6	16	2.56022e-06
6	17	1.48786e-06
6	18	1.08616e-06
6	19	1.16172e-06
6	20	1.21094e-06
6	21	1.74646e-06
6	22	2.15748e-06
6	23	2.1887e-06
6	24	1.5558e-06
6	25	1.17288e-06
6	26	1.4484e-06
6	27	1.10102e-06
6	28	4.67028e-06
6	29	1.58663e-06
6	30	2.11701e-06
6	31	1.21067e-06
6	32	1.97598e-06
6	33	1.33717e-17
6	34	6.56182e-17
6	35	1.30052e-06
6	36	1.65862e-06
6	37	1.10079e-06
6	38	1.07315e-16
6	39	0.127091
6	40	1.21589e-06
6	41	1.15841e-06
6	42	1.95796e-06
6	43	7.39183e-05
6	44	1.07327e-06
6	45	4.20387e-06
6	46	1.20111e-06
6	47	1.13202e-06
6	48	1.20916e-06
6	49	1.07794e-06
6	50	2.45987e-06
6	51	1.22938e-06
6	52	3.80405e-06
6	53	1.86032e-06
6	54	1.54067e-06
6	55	5.33915e-05
6	56	4.65737e-06
6	57	7.4858e-17
6	58	1.24061e-20
6	59	1.1121e-06
6	60	1.3679e-06
6	61	2.03662e-06
6	62	1.18518e-06
6	63	1.28923e-16
6	64	2.90739e-06
6	65	2.08881e-06
6	66	3.69618e-06
6	67	2.89028e-06
6	68	1.48977e-06
6	69	2.93448e-06
6	70	8.80687e-06
6	71	8.61976e-06
7	0	4.88645e-06
7	1	4.82644e-06
7	2	4.9163e-06
7	3	4.61828e-06
7	4	4.63548e-06
7	5	5.55861e-06
7	6	4.73291e-06
7	7	5.2606e-06
7	8	2.77713e-05
7	9	5.25597e-06
7	10	5.88355e-06
7	11	1.34018e-16
7	12	4.79114e-06
7	13	4.64641e-06
7	14	6.5114e-06
7	15	1.24092e-16
7	16	6.10554e-06
7	17	5.03319e-06
7	18	4.63149e-06
7	19	4.70705e-06
7	20	4.75627e-06
7	21	5.29178e-06
7	22	5.70281e-06
7	23	5.73402e-06
7	24	5.10113e-06
7	25	4.7182e-06
7	26	4.99372e-06
7	27	4.64634e-06
7	28	8.21561e-06
7	29	5.13196e-06
7	30	5.66234e-06
7	31	4.756e-06
7	32	5.52131e-06
7	33	1.04482e-16
7	34	7.32943e-18
7	35	4.84585e-06
7	36	5.20394e-06
7	37	4.64611e-06
7	38	4.61918e-06
7	39	0.127094
7	40	4.76121e-06
7	41	4.70374e-06
7	42	5.50328e-06
7	43	7.74636e-05
7	44	1.03308e-16
7	45	7.7492e-06
7	46	4.74643e-06
7	47	4.67734e-06
7	48	4.75448e-06
7	49	4.62326e-06
7	50	6.00519e-06
7	51	4.7747e-06
7	52	7.34937e-06
7	53	5.40565e-06
7	54	5.08599e-06
7	55	5.69368e-05
7	56	8.2027e-06
7	57	2.17749e-17
7	58	7.67179e-18
7	59	4.65743e-06
7	60	1.09567e-16
7	61	5.58195e-06
7	62	8.39099e-17
7	63	7.62178e-18
7	64	6.45272e-06
7	65	5.63413e-06
7	66	7.2415e-06
7	67	6.43561e-06
7	68	6.56516e-17
7	69	6.4798e-06
7	70	1.23522e-05
7	71	1.21651e-05
8	0	0.000104548
8	1	0.000104488
8	2	2.40383e-18
8	3	0.00010428
8	4	6.49128e-17
8	5	0.000105221
8	6	0.000104395
8	7	0.000104923
8	8	0.000127433
8	9	0.000104918
8	10	0.000105545
8	11	1.23915e-16
8	12	0.000104453
8	13	0.000104308
8	14	0.000106173
8	15	4.23539e-17
8	16	0.000105767
8	17	0.000104695
8	18	0.000104293
8	19	0.000104369
8	20	0.000104418
8	21	0.000104954
8	22	0.000105365
8	23	0.000105396
8	24	0.000104763
8	25	0.00010438
8	26	0.000104656
8	27	7.41939e-17
8	28	0.000107878
8	29	0.000104794
8	30	0.000105324
8	31	0.000104418
8	32	0.000105183
8	33	1.14293e-16
8	34	5.54466e-17
8	35	0.000104508
8	36	0.000104866
8	37	6.61183e-17
8	38	5.87495e-17
8	39	0.127194
8	40	0.000104423
8	41	0.000104366
8	42	0.000105165
8	43	0.000177126
8	44	1.00375e-16
8	45	0.000107411
8	46	0.000104408
8	47	1.29477e-16
8	48	0.000104416
8	49	1.30211e-16
8	50	0.000105667
8	51	0.000104437
8	52	0.000107011
8	53	0.000105068
8	54	0.000104748
8	55	0.000156599
8	56	0.000107865
8	57	2.67861e-17
8	58	1.35277e-16
8	59	1.29673e-16
8	60	9.74404e-17
8	61	0.000105244
8	62	5.23406e-17
8	63	9.77204e-17
8	64	0.000106115
8	65	0.000105296
8	66	0.000106903
8	67	0.000106098
8	68	0.000104697
8	69	0.000106142
8	70	0.000112014
8	71	0.000111827
9	0	3.27824e-05
9	1	3.27224e-05
9	2	3.28123e-05
9	3	9.55532e-17
9	4	3.25315e-05
9	5	3.34546e-05
9	6	3.26289e-05
9	7	3.31566e-05
9	8	5.56672e-05
9	9	3.31519e-05
9	10	3.37795e-05
9	11	9.91865e-17
9	12	3.26871e-05
9	13	3.25424e-05
9	14	3.44074e-05
9	15	5.50813e-17
9	16	3.40015e-05
9	17	3.29292e-05
9	18	4.74653e-17
9	19	3.2603e-05
9	20	3.26522e-05
9	21	3.31878e-05
9	22	3.35988e-05
9	23	3.363e-05
9	24	3.29971e-05
9	25	3.26142e-05
9	26	3.28897e-05
9	27	1.3164e-16
9	28	3.61116e-05
9	29	3.30279e-05
9	30	3.35583e-05
9	31	3.2652e-05
9	32	3.34173e-05
9	33	1.18303e-16
9	34	1.1901e-16
9	35	3.27418e-05
9	36	3.30999e-05
9	37	3.25421e-05
9	38	1.16319e-16
9	39	0.127122
9	40	3.26572e-05
9	41	3.25997e-05
9	42	3.33993e-05
9	43	0.00010536
9	44	1.32097e-16
9	45	3.56452e-05
9	46	3.26424e-05
9	47	3.25733e-05
9	48	3.26505e-05
9	49	3.25192e-05
9	50	3.39012e-05
9	51	3.26707e-05
9	52	3.52453e-05
9	53	3.33016e-05
9	54	3.2982e-05
9	55	8.48328e-05
9	56	3.60987e-05
9	57	1.62925e-17
9	58	9.69659e-17
9	59	3.25534e-05
9	60	3.28092e-05
9	61	3.34779e-05
9	62	1.244e-16
9	63	6.12195e-18
9	64	3.43487e-05
9	65	3.35301e-05
9	66	3.51375e-05
9	67	3.43316e-05
9	68	3.29311e-05
9	69	3.43758e-05
9	70	4.02482e-05
9	71	4.00611e-05
10	0	1.58335e-06
10	1	1.52334e-06
10	2	3.65662e-18
10	3	1.31519e-06
10	4	1.33239e-06
10	5	2.25552e-06
10	6	1.42982e-06
10	7	1.95751e-06
10	8	2.44682e-05
10	9	1.95287e-06
10	10	2.58046e-06
10	11	6.19493e-17
10	12	1.48804e-06
10	13	1.34332e-06
10	14	3.20831e-06
10	15	8.45968e-18
10	16	2.80245e-06
10	17	1.73009e-06
10	18	1.3284e-06
10	19	1.40395e-06
10	20	1.45317e-06
10	21	1.98869e-06
10	22	2.39971e-06
10	23	2.43093e-06
10	24	1.79803e-06
10	25	1.41511e-06
10	26	1.69063e-06
10	27	1.10966e-16
10	28	4.91251e-06
10	29	1.82887e-06
10	30	2.35924e-06
10	31	1.21171e-16
10	32	2.21822e-06
10	33	1.3155e-06
10	34	6.13484e-17
10	35	1.54276e-06
10	36	1.90085e-06
10	37	1.34302e-06
10	38	2.31881e-17
10	39	0.127091
10	40	1.45812e-06
10	41	1.40065e-06
10	42	2.20019e-06
10	43	7.41605e-05
10	44	1.63259e-17
10	45	4.44611e-06
10	46	1.44334e-06
10	47	1.37425e-06
10	48	1.45139e-06
10	49	1.32017e-06
10	50	2.7021e-06
10	51	1.47161e-06
10	52	4.04628e-06
10	53	2.10256e-06
10	54	1.7829e-06
10	55	5.36337e-05
10	56	4.89961e-06
10	57	2.26689e-18
10	58	3.67889e-17
10	59	8.46465e-17
10	60	9.39199e-17
10	61	2.27886e-06
10	62	1.22749e-16
10	63	9.74025e-17
10	64	3.14963e-06
10	65	2.33104e-06
10	66	3.93841e-06
10	67	3.13252e-06
10	68	1.732e-06
10	69	3.17671e-06
10	70	9.0491e-06
10	71	8.862e-06
11	0	5.25895e-06
11	1	5.19894e-06
11	2	5.28881e-06
11	3	1.11481e-16
11	4	7.50415e-17
11	5	5.93111e-06
11	6	5.10542e-06
11	7	5.6331e-06
11	8	2.81438e-05
11	9	5.62847e-06
11	10	6.25605e-06
11	11	5.03876e-06
11	12	5.16364e-06
11	13	2.41269e-17
11	14	6.8839e-06
11	15	8.65778e-17
11	16	6.47805e-06
11	17	5.40569e-06
11	18	2.21837e-17
11	19	2.21763e-17
11	20	6.92868e-17
11	21	5.66429e-06
11	22	6.07531e-06
11	23	8.60906e-17
11	24	5.47363e-06
11	25	6.08606e-17
11	26	5.36623e-06
11	27	1.1838e-16
11	28	8.58811e-06
11	29	5.50446e-06
11	30	6.03484e-06
11	31	5.1285e-06
11	32	5.89381e-06
11	33	2.3089e-17
11	34	1.12049e-16
11	35	5.21835e-06
11	36	5.57645e-06
11	37	8.6993e-17
11	38	1.05113e-16
11	39	0.127094
11	40	3.75355e-17
11	41	5.07624e-06
11	42	5.87579e-06
11	43	7.78361e-05
11	44	1.07491e-16
11	45	8.1217e-06
11	46	5.11893e-06
11	47	5.2154e-17
11	48	5.12699e-06
11	49	1.1771e-16
11	50	6.3777e-06
11	51	5.14721e-06
11	52	7.72187e-06
11	53	5.77815e-06
11	54	3.02647e-17
11	55	5.73093e-05
11	56	8.5752e-06
11	57	5.03217e-17
11	58	1.13577e-16
11	59	5.02993e-06
11	60	5.28573e-06
11	61	5.95445e-06
11	62	1.9733e-17
11	63	6.12354e-06
11	64	6.82522e-06
11	65	6.00663e-06
11	66	7.61401e-06
11	67	6.80811e-06
11	68	5.4076e-06
11	69	6.8523e-06
11	70	1.27247e-05
11	71	1.25376e-05
12	0	4.06529e-07
12	1	3.46521e-07
12	2	4.36385e-07
12	3	1.38362e-07
12	4	7.26407e-17
12	5	1.07869e-06
12	6	2.52998e-07
12	7	7.80683e-07
12	8	2.32914e-05
12	9	7.76051e-07
12	10	1.40363e-06
12	11	2.10136e-17
12	12	3.11221e-07
12	13	1.66499e-07
12	14	2.03148e-06
12	15	3.6599e-17
12	16	1.62563e-06
12	17	5.53271e-07
12	18	1.51573e-07
12	19	2.2713e-07
12	20	2.7635e-07
12	21	8.11868e-07
12	22	1.22289e-06
12	23	1.2541e-06
12	24	6.2121e-07
12	25	2.38287e-07
12	26	5.13809e-07
12	27	1.66429e-07
12	28	3.73569e-06
12	29	6.52043e-07
12	30	1.18242e-06
12	31	4.06112e-17
12	32	1.04139e-06
12	33	8.30482e-17
12	34	3.40087e-17
12	35	3.65932e-07
12	36	7.24026e-07
12	37	1.66195e-07
12	38	1.39261e-07
12	39	9.85499e-17
12	40	2.81294e-07
12	41	2.23823e-07
12	42	1.02337e-06
12	43	7.29837e-05
12	44	9.88287e-17
12	45	3.26928e-06
12	46	2.66515e-07
12	47	1.97428e-07
12	48	2.74569e-07
12	49	1.43344e-07
12	50	1.52528e-06
12	51	2.94788e-07
12	52	2.86945e-06
12	53	9.25732e-07
12	54	6.06076e-07
12	55	5.24569e-05
12	56	3.72278e-06
12	57	1.1644e-17
12	58	3.423e-17
12	59	9.58024e-17
12	60	4.33313e-07
12	61	1.10203e-06
12	62	1.35742e-16
12	63	8.19297e-17
12	64	1.9728e-06
12	65	1.15421e-06
12	66	2.76159e-06
12	67	1.95569e-06
12	68	5.55179e-07
12	69	1.99988e-06
12	70	7.87228e-06
12	71	7.68517e-06
13	0	1.19966e-06
13	1	1.13965e-06
13	2	1.25114e-16
13	3	9.31493e-07
13	4	9.48693e-07
13	5	1.87182e-06
13	6	1.04613e-06
13	7	1.57381e-06
13	8	2.40845e-05
13	9	1.56918e-06
13	10	2.19677e-06
13	11	3.95442e-17
13	12	1.10435e-06
13	13	9.5963e-07
13	14	2.82461e-06
13	15	1.02642e-17
13	16	2.41876e-06
13	17	1.3464e-06
13	18	9.44704e-07
13	19	1.02026e-06
13	20	1.06948e-06
13	21	1.605e-06
13	22	2.01602e-06
13	23	1.01148e-16
13	24	1.41434e-06
13	25	1.03142e-06
13	26	1.30694e-06
13	27	9.5956e-07
13	28	4.52882e-06
13	29	1.44517e-06
13	30	1.97555e-06
13	31	1.33416e-16
13	32	1.83452e-06
13	33	8.47895e-17
13	34	1.29941e-16
13	35	1.15906e-06
13	36	1.51716e-06
13	37	9.59326e-07
13	38	2.51263e-17
13	39	0.12709
13	40	1.07443e-06
13	41	1.01695e-06
13	42	1.8165e-06
13	43	7.37768e-05
13	44	9.31814e-07
13	45	9.66806e-18
13	46	1.05965e-06
13	47	9.90559e-07
13	48	1.0677e-06
13	49	1.60059e-17
13	50	2.31841e-06
13	51	1.08792e-06
13	52	3.66259e-06
13	53	1.71886e-06
13	54	1.39921e-06
13	55	5.325e-05
13	56	4.51591e-06
13	57	9.31742e-07
13	58	7.27929e-18
13	59	9.70643e-07
13	60	1.22644e-06
13	61	1.89516e-06
13	62	4.52483e-17
13	63	7.12775e-17
13	64	2.76593e-06
13	65	1.94734e-06
13	66	3.55472e-06
13	67	2.74882e-06
13	68	1.34831e-06
13	69	2.79301e-06
13	70	8.66541e-06
13	71	8.4783e-06
14	0	2.57864e-06
14	1	2.51863e-06
14	2	2.60849e-06
14	3	2.31047e-06
14	4	3.01294e-17
14	5	3.2508e-06
14	6	2.4251e-06
14	7	2.95279e-06
14	8	2.54635e-05
14	9	2.94816e-06
14	10	3.57574e-06
14	11	1.26211e-17
14	12	2.48333e-06
14	13	2.3386e-06
14	14	4.20359e-06
14	15	9.84991e-17
14	16	3.79773e-06
14	17	2.72538e-06
14	18	2.32368e-06
14	19	2.39924e-06
14	20	2.44846e-06
14	21	2.98397e-06
14	22	3.395e-06
14	23	8.99056e-17
14	24	2.79332e-06
14	25	2.41039e-06
14	26	2.68592e-06
14	27	2.33853e-06
14	28	5.9078e-06
14	29	2.82415e-06
14	30	3.35453e-06
14	31	1.9252e-17
14	32	3.2135e-06
14	33	1.81861e-17
14	34	5.23944e-17
14	35	2.53804e-06
14	36	2.89613e-06
14	37	2.3383e-06
14	38	1.24361e-16
14	39	0.127092
14	40	2.4534e-06
14	41	2.39593e-06
14	42	3.19547e-06
14	43	7.51558e-05
14	44	9.92392e-17
14	45	5.44139e-06
14	46	2.43862e-06
14	47	2.36953e-06
14	48	2.44668e-06
14	49	1.27884e-16
14	50	3.69738e-06
14	51	2.46689e-06
14	52	5.04156e-06
14	53	3.09784e-06
14	54	2.77818e-06
14	55	5.4629e-05
14	56	5.89489e-06
14	57	1.40336e-18
14	58	7.35985e-18
14	59	1.06079e-16
14	60	2.60542e-06
14	61	3.27414e-06
14	62	6.17793e-17
14	63	3.14376e-17
14	64	4.14491e-06
14	65	3.32632e-06
14	66	4.93369e-06
14	67	4.1278e-06
14	68	2.72729e-06
14	69	4.17199e-06
14	70	1.00444e-05
14	71	9.85728e-06
15	0	3.20988e-07
15	1	2.60979e-07
15	2	8.67093e-17
15	3	3.85738e-17
15	4	7.00205e-08
15	5	6.08987e-17
15	6	1.67457e-07
15	7	6.95142e-07
15	8	2.32058e-05
15	9	9.53232e-17
15	10	1.31809e-06
15	11	9.19918e-17
15	12	2.25679e-07
15	13	8.09577e-08
15	14	1.94594e-06
15	15	5.17376e-08
15	16	1.54008e-06
15	17	4.6773e-07
15	18	6.60319e-08
15	19	5.54545e-17
15	20	1.90809e-07
15	21	7.26327e-07
15	22	1.13735e-06
15	23	6.05166e-17
15	24	5.35669e-07
15	25	9.17151e-17
15	26	4.28268e-07
15	27	1.18406e-16
15	28	3.65015e-06
15	29	5.66502e-07
15	30	1.09688e-06
15	31	9.31692e-17
15	32	9.55852e-07
15	33	7.58811e-17
15	34	7.94219e-17
15	35	2.80391e-07
15	36	1.29724e-16
15	37	8.06535e-08
15	38	5.37193e-08
15	39	6.48685e-17
15	40	1.95753e-07
15	41	1.38282e-07
15	42	9.37824e-07
15	43	7.28982e-05
15	44	5.31417e-08
15	45	3.30998e-17
15	46	1.80973e-07
15	47	1.11887e-07
15	48	1.89028e-07
15	49	3.23714e-17
15	50	1.43974e-06
15	51	2.09247e-07
15	52	2.78391e-06
15	53	8.40191e-07
15	54	1.0718e-16
15	55	5.23714e-05
15	56	3.63724e-06
15	57	1.33736e-16
15	58	6.88673e-17
15	59	1.07145e-16
15	60	1.09585e-16
15	61	1.01649e-06
15	62	4.27701e-17
15	63	3.26625e-17
15	64	1.88726e-06
15	65	1.06867e-06
15	66	2.67605e-06
15	67	1.87015e-06
15	68	7.92016e-17
15	69	1.91434e-06
15	70	6.38699e-17
15	71	7.59963e-06
16	0	2.72559e-06
16	1	2.66558e-06
16	2	4.34094e-17
16	3	2.45742e-06
16	4	3.82548e-17
16	5	3.39775e-06
16	6	2.57206e-06
16	7	3.09974e-06
16	8	2.56104e-05
16	9	3.09511e-06
16	10	3.72269e-06
16	11	2.5054e-06
16	12	2.63028e-06
16	13	2.48556e-06
16	14	4.35054e-06
16	15	2.45634e-06
16	16	3.94468e-06
16	17	2.87233e-06
16	18	2.47063e-06
16	19	2.54619e-06
16	20	2.59541e-06
16	21	3.13093e-06
16	22	3.54195e-06
16	23	3.57316e-06
16	24	2.94027e-06
16	25	2.55734e-06
16	26	2.83287e-06
16	27	1.03775e-16
16	28	6.05475e-06
16	29	2.9711e-06
16	30	3.50148e-06
16	31	1.03853e-16
16	32	3.36045e-06
16	33	6.95395e-17
16	34	1.19225e-16
16	35	2.68499e-06
16	36	3.04308e-06
16	37	2.48525e-06
16	38	2.45832e-06
16	39	0.127092
16	40	2.60035e-06
16	41	2.54288e-06
16	42	3.34242e-06
16	43	7.53028e-05
16	44	2.45774e-06
16	45	5.58834e-06
16	46	2.58557e-06
16	47	2.51649e-06
16	48	2.59363e-06
16	49	2.4624e-06
16	50	3.84434e-06
16	51	2.61385e-06
16	52	5.18851e-06
16	53	3.24479e-06
16	54	2.92513e-06
16	55	5.4776e-05
16	56	6.04184e-06
16	57	8.66009e-17
16	58	2.4007e-17
16	59	1.30075e-16
16	60	2.75237e-06
16	61	3.42109e-06
16	62	1.02028e-16
16	63	4.75393e-17
16	64	4.29186e-06
16	65	3.47327e-06
16	66	5.08065e-06
16	67	4.27475e-06
16	68	7.71527e-17
16	69	4.31894e-06
16	70	1.01913e-05
16	71	1.00042e-05
17	0	1.16753e-06
17	1	1.10753e-06
17	2	1.32662e-16
17	3	8.99367e-07
17	4	9.16567e-07
17	5	1.8397e-06
17	6	1.014e-06
17	7	1.54169e-06
17	8	2.40524e-05
17	9	1.53706e-06
17	10	2.16464e-06
17	11	4.00688e-17
17	12	1.07223e-06
17	13	9.27504e-07
17	14	2.79249e-06
17	15	8.11005e-17
17	16	2.38663e-06
17	17	1.31428e-06
17	18	9.12579e-07
17	19	9.88136e-07
17	20	1.03736e-06
17	21	1.57287e-06
17	22	1.9839e-06
17	23	2.01511e-06
17	24	1.38222e-06
17	25	9.99293e-07
17	26	1.27481e-06
17	27	9.27434e-07
17	28	4.4967e-06
17	29	1.41305e-06
17	30	1.94343e-06
17	31	1.03709e-06
17	32	1.8024e-06
17	33	1.30448e-16
17	34	8.69457e-17
17	35	1.12694e-06
17	36	1.48503e-06
17	37	9.272e-07
17	38	3.94635e-17
17	39	0.12709
17	40	1.0423e-06
17	41	9.84828e-07
17	42	1.78437e-06
17	43	7.37447e-05
17	44	8.99689e-07
17	45	4.03029e-06
17	46	1.02752e-06
17	47	9.58434e-07
17	48	1.03557e-06
17	49	9.04349e-07
17	50	2.28628e-06
17	51	1.05579e-06
17	52	3.63046e-06
17	53	1.68674e-06
17	54	1.36708e-06
17	55	5.32179e-05
17	56	4.48379e-06
17	57	8.99617e-07
17	58	5.45111e-17
17	59	8.54279e-17
17	60	8.70622e-17
17	61	1.86304e-06
17	62	6.0428e-17
17	63	2.53396e-17
17	64	2.73381e-06
17	65	1.91522e-06
17	66	3.52259e-06
17	67	2.7167e-06
17	68	1.31618e-06
17	69	2.76089e-06
17	70	8.63328e-06
17	71	8.44618e-06
18	0	1.27125e-06
18	1	1.21124e-06
18	2	1.3011e-06
18	3	1.00308e-06
18	4	1.02028e-06
18	5	1.94341e-06
18	6	1.11772e-06
18	7	1.6454e-06
18	8	2.41561e-05
18	9	1.64077e-06
18	10	2.26835e-06
18	11	7.3672e-17
18	12	1.17594e-06
18	13	1.03122e-06
18	14	2.8962e-06
18	15	1.002e-06
18	16	2.49034e-06
18	17	1.41799e-06
18	18	1.01629e-06
18	19	1.09185e-06
18	20	1.14107e-06
18	21	1.67659e-06
18	22	2.08761e-06
18	23	2.11882e-06
18	24	1.48593e-06
18	25	1.10301e-06
18	26	1.37853e-06
18	27	1.03115e-06
18	28	4.60041e-06
18	29	1.51676e-06
18	30	2.04714e-06
18	31	9.80125e-17
18	32	1.90611e-06
18	33	6.61073e-18
18	34	7.02839e-17
18	35	1.23065e-06
18	36	1.58874e-06
18	37	1.03091e-06
18	38	1.00398e-06
18	39	0.127091
18	40	1.14601e-06
18	41	1.08854e-06
18	42	1.88808e-06
18	43	7.38484e-05
18	44	4.49001e-17
18	45	4.134e-06
18	46	1.13123e-06
18	47	1.06215e-06
18	48	1.13929e-06
18	49	1.00806e-06
18	50	2.39e-06
18	51	1.15951e-06
18	52	3.73417e-06
18	53	1.79045e-06
18	54	1.47079e-06
18	55	5.33216e-05
18	56	4.5875e-06
18	57	9.13386e-17
18	58	3.07478e-17
18	59	1.04223e-06
18	60	1.90197e-17
18	61	1.96675e-06
18	62	1.11531e-06
18	63	3.72573e-17
18	64	2.83752e-06
18	65	2.01893e-06
18	66	3.62631e-06
18	67	2.82041e-06
18	68	1.4199e-06
18	69	2.8646e-06
18	70	8.737e-06
18	71	8.54989e-06
19	0	3.25942e-06
19	1	3.19941e-06
19	2	3.28927e-06
19	3	1.22017e-16
19	4	6.84307e-18
19	5	3.93158e-06
19	6	3.10588e-06
19	7	3.63357e-06
19	8	2.61442e-05
19	9	3.62894e-06
19	10	4.25652e-06
19	11	1.22085e-16
19	12	3.16411e-06
19	13	3.01938e-06
19	14	4.88437e-06
19	15	9.95125e-17
19	16	4.47851e-06
19	17	3.40616e-06
19	18	3.00446e-06
19	19	3.08002e-06
19	20	8.59789e-17
19	21	3.66475e-06
19	22	4.07578e-06
19	23	1.31696e-16
19	24	3.4741e-06
19	25	3.09117e-06
19	26	3.36669e-06
19	27	6.03395e-17
19	28	6.58858e-06
19	29	3.50493e-06
19	30	4.03531e-06
19	31	3.12897e-06
19	32	3.89428e-06
19	33	1.24649e-16
19	34	9.25224e-18
19	35	3.21882e-06
19	36	3.57691e-06
19	37	3.01908e-06
19	38	2.99215e-06
19	39	0.127092
19	40	3.13418e-06
19	41	3.07671e-06
19	42	3.87625e-06
19	43	7.58366e-05
19	44	2.99157e-06
19	45	6.12217e-06
19	46	3.1194e-06
19	47	3.05031e-06
19	48	3.12745e-06
19	49	2.99623e-06
19	50	4.37816e-06
19	51	3.14767e-06
19	52	5.72234e-06
19	53	3.77862e-06
19	54	3.45896e-06
19	55	5.53098e-05
19	56	6.57567e-06
19	57	4.85424e-18
19	58	4.90191e-17
19	59	9.15928e-18
19	60	3.2862e-06
19	61	3.95492e-06
19	62	1.02891e-16
19	63	1.52097e-17
19	64	4.82569e-06
19	65	4.0071e-06
19	66	5.61447e-06
19	67	4.80858e-06
19	68	3.40806e-06
19	69	4.85277e-06
19	70	1.07252e-05
19	71	1.05381e-05
20	0	1.59319e-05
20	1	1.58719e-05
20	2	3.84986e-17
20	3	1.69547e-17
20	4	1.5681e-05
20	5	1.66041e-05
20	6	1.57784e-05
20	7	1.63061e-05
20	8	3.88168e-05
20	9	1.63014e-05
20	10	1.6929e-05
20	11	1.31708e-17
20	12	1.58366e-05
20	13	1.56919e-05
20	14	1.75569e-05
20	15	1.56627e-05
20	16	1.7151e-05
20	17	1.60787e-05
20	18	1.5677e-05
20	19	1.57525e-05
20	20	1.58017e-05
20	21	1.63373e-05
20	22	1.67483e-05
20	23	3.32232e-17
20	24	1.61466e-05
20	25	1.57637e-05
20	26	1.60392e-05
20	27	1.56918e-05
20	28	1.92611e-05
20	29	1.61774e-05
20	30	1.67078e-05
20	31	6.93498e-17
20	32	1.65668e-05
20	33	9.42608e-17
20	34	2.13767e-17
20	35	1.58913e-05
20	36	1.62494e-05
20	37	1.56916e-05
20	38	1.56647e-05
20	39	0.127105
20	40	2.6741e-17
20	41	1.57492e-05
20	42	1.65488e-05
20	43	5.33353e-17
20	44	8.76616e-17
20	45	1.87947e-05
20	46	1.57919e-05
20	47	1.57228e-05
20	48	4.78812e-17
20	49	9.6048e-17
20	50	1.70507e-05
20	51	1.58202e-05
20	52	1.83948e-05
20	53	1.64511e-05
20	54	1.18068e-16
20	55	6.79823e-05
20	56	1.92482e-05
20	57	9.23747e-17
20	58	1.80525e-17
20	59	1.34949e-16
20	60	9.98262e-17
20	61	1.66274e-05
20	62	5.3006e-17
20	63	4.04093e-17
20	64	1.74982e-05
20	65	1.66796e-05
20	66	1.8287e-05
20	67	1.74811e-05
20	68	1.60806e-05
20	69	1.75253e-05
20	70	2.33977e-05
20	71	2.32106e-05
21	0	2.46449e-06
21	1	2.40448e-06
21	2	2.49434e-06
21	3	2.19632e-06
21	4	2.21352e-06
21	5	3.13665e-06
21	6	2.31095e-06
21	7	2.83864e-06
21	8	2.53493e-05
21	9	2.83401e-06
21	10	3.46159e-06
21	11	1.26347e-16
21	12	2.36918e-06
21	13	2.22445e-06
21	14	4.08944e-06
21	15	2.19523e-06
21	16	3.68358e-06
21	17	2.61123e-06
21	18	2.20953e-06
21	19	2.28509e-06
21	20	2.33431e-06
21	21	2.86982e-06
21	22	3.28085e-06
21	23	3.31206e-06
21	24	2.67917e-06
21	25	2.29624e-06
21	26	2.57177e-06
21	27	2.22438e-06
21	28	5.79365e-06
21	29	2.71e-06
21	30	3.24038e-06
21	31	2.33404e-06
21	32	3.09935e-06
21	33	7.21675e-17
21	34	7.38609e-17
21	35	2.42389e-06
21	36	2.78198e-06
21	37	2.22415e-06
21	38	2.19722e-06
21	39	0.127092
21	40	2.33925e-06
21	41	2.28178e-06
21	42	3.08132e-06
21	43	7.50417e-05
21	44	2.19664e-06
21	45	5.32724e-06
21	46	2.32447e-06
21	47	2.25538e-06
21	48	2.33253e-06
21	49	2.2013e-06
21	50	3.58323e-06
21	51	2.35274e-06
21	52	4.92741e-06
21	53	2.98369e-06
21	54	2.66403e-06
21	55	5.45149e-05
21	56	5.78074e-06
21	57	2.19657e-06
21	58	1.32034e-16
21	59	7.37492e-17
21	60	2.49127e-06
21	61	3.15999e-06
21	62	2.30854e-06
21	63	3.32908e-06
21	64	4.03076e-06
21	65	3.21217e-06
21	66	4.81954e-06
21	67	4.01365e-06
21	68	2.61314e-06
21	69	4.05784e-06
21	70	9.93023e-06
21	71	9.74313e-06
22	0	1.73742e-05
22	1	1.73142e-05
22	2	1.74041e-05
22	3	1.71061e-05
22	4	1.18926e-16
22	5	1.80464e-05
22	6	1.72207e-05
22	7	1.77484e-05
22	8	4.02591e-05
22	9	1.77437e-05
22	10	1.83713e-05
22	11	5.26637e-17
22	12	1.72789e-05
22	13	1.71342e-05
22	14	1.89992e-05
22	15	6.03548e-17
22	16	1.85933e-05
22	17	1.7521e-05
22	18	1.71193e-05
22	19	1.71948e-05
22	20	1.7244e-05
22	21	1.77796e-05
22	22	1.81906e-05
22	23	1.82218e-05
22	24	1.75889e-05
22	25	1.7206e-05
22	26	1.74815e-05
22	27	1.71341e-05
22	28	2.07034e-05
22	29	1.76197e-05
22	30	1.81501e-05
22	31	1.72438e-05
22	32	1.80091e-05
22	33	4.64591e-17
22	34	1.32953e-16
22	35	1.73336e-05
22	36	1.76917e-05
22	37	1.71339e-05
22	38	1.30721e-16
22	39	0.127107
22	40	1.7249e-05
22	41	1.71915e-05
22	42	1.79911e-05
22	43	8.99514e-05
22	44	7.10199e-17
22	45	2.0237e-05
22	46	1.72342e-05
22	47	1.71651e-05
22	48	1.72423e-05
22	49	1.7111e-05
22	50	1.8493e-05
22	51	1.72625e-05
22	52	1.98371e-05
22	53	1.78934e-05
22	54	1.75738e-05
22	55	6.94246e-05
22	56	2.06905e-05
22	57	1.3172e-16
22	58	1.23783e-16
22	59	2.49983e-17
22	60	1.7401e-05
22	61	1.80697e-05
22	62	1.35586e-16
22	63	2.83016e-17
22	64	1.89405e-05
22	65	1.81219e-05
22	66	1.97293e-05
22	67	1.89234e-05
22	68	1.75229e-05
22	69	1.89676e-05
22	70	2.484e-05
22	71	2.46529e-05
23	0	5.59335e-05
23	1	5.58735e-05
23	2	5.59634e-05
23	3	5.53291e-17
23	4	2.49032e-17
23	5	5.66057e-05
23	6	5.578e-05
23	7	5.63076e-05
23	8	7.88183e-05
23	9	5.6303e-05
23	10	5.69306e-05
23	11	5.57133e-05
23	12	5.58382e-05
23	13	5.56935e-05
23	14	5.75584e-05
23	15	8.55943e-17
23	16	5.71526e-05
23	17	5.60802e-05
23	18	5.56785e-05
23	19	5.57541e-05
23	20	8.23945e-18
23	21	5.63388e-05
23	22	5.67499e-05
23	23	5.67811e-05
23	24	5.61482e-05
23	25	1.87371e-18
23	26	5.60408e-05
23	27	5.56934e-05
23	28	5.92627e-05
23	29	5.6179e-05
23	30	5.67094e-05
23	31	5.5803e-05
23	32	5.65684e-05
23	33	1.69142e-17
23	34	8.37375e-17
23	35	5.58929e-05
23	36	5.6251e-05
23	37	2.12978e-17
23	38	1.44245e-17
23	39	0.127145
23	40	5.58083e-05
23	41	5.57508e-05
23	42	5.65503e-05
23	43	0.000128511
23	44	7.85459e-17
23	45	5.87962e-05
23	46	5.57935e-05
23	47	5.57244e-05
23	48	5.58015e-05
23	49	9.30765e-17
23	50	5.70522e-05
23	51	5.58218e-05
23	52	5.83964e-05
23	53	5.64527e-05
23	54	5.6133e-05
23	55	0.000107984
23	56	5.92497e-05
23	57	1.38254e-17
23	58	6.0883e-17
23	59	5.57045e-05
23	60	5.59603e-05
23	61	5.6629e-05
23	62	9.94771e-17
23	63	2.4394e-17
23	64	5.74998e-05
23	65	5.66812e-05
23	66	5.82886e-05
23	67	5.74827e-05
23	68	5.60821e-05
23	69	5.75269e-05
23	70	6.33992e-05
23	71	6.32121e-05
24	0	1.06222e-06
24	1	1.00222e-06
24	2	1.09208e-06
24	3	7.94057e-07
24	4	2.07867e-17
24	5	1.73439e-06
24	6	9.08693e-07
24	7	1.43638e-06
24	8	2.39471e-05
24	9	1.43175e-06
24	10	2.05933e-06
24	11	5.38639e-17
24	12	9.66916e-07
24	13	8.22194e-07
24	14	2.68718e-06
24	15	7.92974e-07
24	16	2.28132e-06
24	17	1.20897e-06
24	18	8.07268e-07
24	19	8.82825e-07
24	20	9.32045e-07
24	21	1.46756e-06
24	22	1.87858e-06
24	23	9.3262e-17
24	24	1.2769e-06
24	25	8.93982e-07
24	26	1.1695e-06
24	27	1.03161e-16
24	28	4.39139e-06
24	29	1.30774e-06
24	30	1.83811e-06
24	31	7.02744e-17
24	32	1.69709e-06
24	33	4.74166e-18
24	34	3.01064e-17
24	35	1.02163e-06
24	36	1.37972e-06
24	37	8.2189e-07
24	38	7.78153e-17
24	39	0.12709
24	40	9.36989e-07
24	41	8.79518e-07
24	42	1.67906e-06
24	43	7.36394e-05
24	44	9.49845e-17
24	45	3.92498e-06
24	46	9.2221e-07
24	47	8.53123e-07
24	48	9.30264e-07
24	49	7.99039e-07
24	50	2.18097e-06
24	51	9.50483e-07
24	52	3.52515e-06
24	53	1.58143e-06
24	54	1.26177e-06
24	55	5.31126e-05
24	56	4.37848e-06
24	57	7.13062e-18
24	58	1.10771e-16
24	59	8.33207e-07
24	60	6.68229e-17
24	61	1.75773e-06
24	62	1.3905e-16
24	63	4.38884e-17
24	64	2.6285e-06
24	65	1.80991e-06
24	66	3.41728e-06
24	67	2.61139e-06
24	68	6.80652e-17
24	69	2.65558e-06
24	70	8.52797e-06
24	71	8.34087e-06
25	0	3.77424e-07
25	1	3.17416e-07
25	2	4.0728e-07
25	3	1.09257e-07
25	4	1.1856e-16
25	5	1.04959e-06
25	6	2.23893e-07
25	7	7.51578e-07
25	8	2.32623e-05
25	9	7.46946e-07
25	10	1.37453e-06
25	11	7.44532e-18
25	12	2.82116e-07
25	13	1.37394e-07
25	14	2.00238e-06
25	15	6.91922e-17
25	16	1.59652e-06
25	17	5.24166e-07
25	18	1.22468e-07
25	19	7.23807e-18
25	20	2.47245e-07
25	21	7.82763e-07
25	22	1.19378e-06
25	23	9.29765e-17
25	24	5.92105e-07
25	25	2.09182e-07
25	26	4.84704e-07
25	27	1.37323e-07
25	28	3.70659e-06
25	29	6.22938e-07
25	30	1.15331e-06
25	31	7.51845e-17
25	32	1.01229e-06
25	33	1.26399e-17
25	34	2.25892e-17
25	35	3.36827e-07
25	36	6.94921e-07
25	37	1.3709e-07
25	38	9.15285e-17
25	39	6.32981e-17
25	40	2.52189e-07
25	41	1.94718e-07
25	42	9.9426e-07
25	43	7.29546e-05
25	44	1.36643e-16
25	45	3.24018e-06
25	46	2.3741e-07
25	47	1.68323e-07
25	48	2.45464e-07
25	49	1.14239e-07
25	50	1.49617e-06
25	51	2.65683e-07
25	52	2.84035e-06
25	53	8.96627e-07
25	54	7.03046e-17
25	55	5.24278e-05
25	56	3.69368e-06
25	57	7.53899e-17
25	58	1.12799e-16
25	59	1.00426e-16
25	60	1.26864e-16
25	61	1.07293e-06
25	62	9.00592e-17
25	63	1.0246e-16
25	64	1.9437e-06
25	65	1.12511e-06
25	66	2.73248e-06
25	67	1.92659e-06
25	68	5.26074e-07
25	69	1.97078e-06
25	70	7.84317e-06
25	71	7.65607e-06
26	0	1.01643e-05
26	1	1.01043e-05
26	2	1.01941e-05
26	3	9.89609e-06
26	4	9.91329e-06
26	5	1.08364e-05
26	6	1.00107e-05
26	7	1.05384e-05
26	8	3.30491e-05
26	9	1.05338e-05
26	10	1.11614e-05
26	11	9.94407e-06
26	12	1.0069e-05
26	13	9.92423e-06
26	14	1.17892e-05
26	15	1.35529e-16
26	16	1.13834e-05
26	17	1.0311e-05
26	18	9.9093e-06
26	19	9.98486e-06
26	20	1.00341e-05
26	21	1.05696e-05
26	22	1.09806e-05
26	23	1.10118e-05
26	24	1.03789e-05
26	25	9.99602e-06
26	26	1.02715e-05
26	27	9.82923e-17
26	28	1.34934e-05
26	29	1.04098e-05
26	30	1.09402e-05
26	31	1.00338e-05
26	32	1.07991e-05
26	33	8.24013e-17
26	34	7.87749e-17
26	35	1.01237e-05
26	36	1.04818e-05
26	37	9.92393e-06
26	38	9.89699e-06
26	39	0.127099
26	40	1.0039e-05
26	41	9.98155e-06
26	42	1.07811e-05
26	43	8.27414e-05
26	44	7.23792e-17
26	45	1.3027e-05
26	46	1.00242e-05
26	47	9.95516e-06
26	48	1.00323e-05
26	49	9.32081e-17
26	50	1.1283e-05
26	51	1.00525e-05
26	52	1.26272e-05
26	53	1.06835e-05
26	54	1.03638e-05
26	55	6.22146e-05
26	56	1.34805e-05
26	57	2.42269e-17
26	58	1.0591e-17
26	59	9.93524e-06
26	60	1.0191e-05
26	61	1.08598e-05
26	62	1.00083e-05
26	63	1.10289e-05
26	64	1.17305e-05
26	65	1.09119e-05
26	66	1.25193e-05
26	67	1.17134e-05
26	68	1.03129e-05
26	69	1.17576e-05
26	70	1.763e-05
26	71	1.74429e-05
27	0	2.87274e-06
27	1	2.81273e-06
27	2	2.9026e-06
27	3	2.60458e-06
27	4	2.62177e-06
27	5	3.54491e-06
27	6	2.71921e-06
27	7	3.2469e-06
27	8	2.57576e-05
27	9	3.24226e-06
27	10	3.86985e-06
27	11	1.02754e-16
27	12	2.77743e-06
27	13	2.63271e-06
27	14	4.4977e-06
27	15	8.59314e-18
27	16	4.09184e-06
27	17	3.01948e-06
27	18	2.61779e-06
27	19	7.35476e-17
27	20	2.74256e-06
27	21	3.27808e-06
27	22	3.6891e-06
27	23	8.94161e-17
27	24	3.08742e-06
27	25	2.7045e-06
27	26	2.98002e-06
27	27	2.63264e-06
27	28	6.2019e-06
27	29	3.11826e-06
27	30	3.64863e-06
27	31	4.01781e-17
27	32	3.50761e-06
27	33	9.30209e-17
27	34	1.05288e-16
27	35	2.83215e-06
27	36	3.19024e-06
27	37	2.63241e-06
27	38	2.60547e-06
27	39	0.127092
27	40	2.74751e-06
27	41	2.69004e-06
27	42	3.48958e-06
27	43	7.54499e-05
27	44	1.88918e-17
27	45	5.73549e-06
27	46	2.73273e-06
27	47	2.66364e-06
27	48	2.74078e-06
27	49	2.60956e-06
27	50	3.99149e-06
27	51	2.761e-06
27	52	5.33567e-06
27	53	3.39195e-06
27	54	8.05121e-17
27	55	5.49231e-05
27	56	6.18899e-06
27	57	1.21097e-16
27	58	6.22608e-17
27	59	7.51782e-17
27	60	3.49105e-17
27	61	3.56825e-06
27	62	4.03768e-17
27	63	1.29864e-16
27	64	4.43902e-06
27	65	3.62043e-06
27	66	5.2278e-06
27	67	4.4219e-06
27	68	4.44819e-18
27	69	4.4661e-06
27	70	1.03385e-05
27	71	1.01514e-05
28	0	5.07428e-06
28	1	5.01427e-06
28	2	5.10414e-06
28	3	4.80611e-06
28	4	4.82331e-06
28	5	5.74644e-06
28	6	4.92075e-06
28	7	5.44843e-06
28	8	2.79591e-05
28	9	5.4438e-06
28	10	6.07139e-06
28	11	4.85409e-06
28	12	4.97897e-06
28	13	4.83425e-06
28	14	6.69923e-06
28	15	4.80503e-06
28	16	6.29338e-06
28	17	5.22102e-06
28	18	4.81932e-06
28	19	4.89488e-06
28	20	4.9441e-06
28	21	5.47962e-06
28	22	5.89064e-06
28	23	5.92185e-06
28	24	5.28896e-06
28	25	4.90604e-06
28	26	5.18156e-06
28	27	7.15835e-17
28	28	8.40344e-06
28	29	5.31979e-06
28	30	5.85017e-06
28	31	4.94383e-06
28	32	5.70914e-06
28	33	4.80643e-06
28	34	5.35292e-17
28	35	5.03368e-06
28	36	5.39178e-06
28	37	4.83395e-06
28	38	6.7667e-17
28	39	0.127094
28	40	4.94905e-06
28	41	4.89157e-06
28	42	5.69112e-06
28	43	7.76515e-05
28	44	2.10449e-17
28	45	7.93703e-06
28	46	4.93427e-06
28	47	4.86518e-06
28	48	4.94232e-06
28	49	4.8111e-06
28	50	6.19303e-06
28	51	4.96254e-06
28	52	7.53721e-06
28	53	5.59348e-06
28	54	5.27383e-06
28	55	5.71247e-05
28	56	8.39053e-06
28	57	1.04526e-16
28	58	2.34299e-17
28	59	8.69229e-17
28	60	1.30579e-16
28	61	5.76978e-06
28	62	1.06642e-16
28	63	6.46534e-17
28	64	6.64055e-06
28	65	5.82197e-06
28	66	7.42934e-06
28	67	6.62344e-06
28	68	5.22293e-06
28	69	6.66764e-06
28	70	1.254e-05
28	71	1.23529e-05
29	0	2.25759e-06
29	1	2.19758e-06
29	2	2.28744e-06
29	3	1.98942e-06
29	4	2.00662e-06
29	5	2.92975e-06
29	6	2.10406e-06
29	7	2.63174e-06
29	8	2.51424e-05
29	9	2.62711e-06
29	10	3.25469e-06
29	11	2.0374e-06
29	12	2.16228e-06
29	13	2.01756e-06
29	14	3.88254e-06
29	15	1.98834e-06
29	16	3.47669e-06
29	17	2.40433e-06
29	18	2.00263e-06
29	19	2.07819e-06
29	20	2.12741e-06
29	21	2.66293e-06
29	22	3.07395e-06
29	23	3.10516e-06
29	24	2.47227e-06
29	25	2.08935e-06
29	26	2.36487e-06
29	27	2.01749e-06
29	28	5.58675e-06
29	29	2.5031e-06
29	30	3.03348e-06
29	31	2.12714e-06
29	32	2.89245e-06
29	33	6.24362e-17
29	34	6.54468e-17
29	35	2.21699e-06
29	36	2.57509e-06
29	37	2.01725e-06
29	38	1.99032e-06
29	39	0.127091
29	40	2.13235e-06
29	41	2.07488e-06
29	42	2.87443e-06
29	43	7.48348e-05
29	44	1.98974e-06
29	45	5.12034e-06
29	46	2.11757e-06
29	47	2.04849e-06
29	48	2.12563e-06
29	49	1.9944e-06
29	50	3.37634e-06
29	51	2.14585e-06
29	52	4.72051e-06
29	53	2.77679e-06
29	54	2.45714e-06
29	55	5.4308e-05
29	56	5.57384e-06
29	57	1.98967e-06
29	58	1.92442e-17
29	59	2.02857e-06
29	60	2.28437e-06
29	61	2.95309e-06
29	62	7.19609e-17
29	63	1.05103e-16
29	64	3.82386e-06
29	65	3.00527e-06
29	66	4.61265e-06
29	67	3.80675e-06
29	68	2.40624e-06
29	69	3.85094e-06
29	70	9.72334e-06
29	71	9.53623e-06
30	0	8.27904e-07
30	1	7.67895e-07
30	2	1.28365e-16
30	3	4.68956e-17
30	4	1.01e-16
30	5	1.50007e-06
30	6	6.74372e-07
30	7	1.20206e-06
30	8	2.37127e-05
30	9	5.95417e-17
30	10	1.82501e-06
30	11	1.18585e-16
30	12	7.32595e-07
30	13	8.72623e-17
30	14	2.45286e-06
30	15	7.28411e-17
30	16	2.047e-06
30	17	9.74646e-07
30	18	4.21048e-17
30	19	4.32026e-17
30	20	6.29083e-17
30	21	1.23324e-06
30	22	1.64426e-06
30	23	1.33343e-16
30	24	1.04258e-06
30	25	6.59662e-07
30	26	9.35184e-07
30	27	1.19055e-16
30	28	4.15706e-06
30	29	1.07342e-06
30	30	1.60379e-06
30	31	4.20767e-17
30	32	1.46277e-06
30	33	8.86427e-17
30	34	6.69253e-17
30	35	7.87307e-07
30	36	1.1454e-06
30	37	5.87569e-07
30	38	6.04446e-17
30	39	4.52207e-18
30	40	7.02669e-07
30	41	6.45197e-07
30	42	1.44474e-06
30	43	7.34051e-05
30	44	4.28786e-17
30	45	1.02452e-16
30	46	6.87889e-07
30	47	8.57261e-17
30	48	6.95944e-07
30	49	7.60962e-17
30	50	1.94665e-06
30	51	7.16163e-07
30	52	3.29083e-06
30	53	1.34711e-06
30	54	8.55211e-17
30	55	5.28783e-05
30	56	4.14416e-06
30	57	1.093e-16
30	58	1.40778e-18
30	59	6.11392e-17
30	60	1.0024e-16
30	61	1.52341e-06
30	62	8.77817e-17
30	63	5.3592e-17
30	64	2.39418e-06
30	65	1.57559e-06
30	66	3.18296e-06
30	67	2.37707e-06
30	68	5.64697e-17
30	69	2.42126e-06
30	70	8.29365e-06
30	71	8.10655e-06
31	0	1.63748e-05
31	1	1.63148e-05
31	2	1.64047e-05
31	3	4.98104e-17
31	4	6.86431e-17
31	5	1.7047e-05
31	6	1.62213e-05
31	7	1.6749e-05
31	8	3.92596e-05
31	9	1.67443e-05
31	10	1.73719e-05
31	11	1.61546e-05
31	12	1.62795e-05
31	13	1.61348e-05
31	14	1.79998e-05
31	15	1.22769e-16
31	16	1.75939e-05
31	17	1.65215e-05
31	18	1.61199e-05
31	19	1.61954e-05
31	20	4.92331e-17
31	21	1.67801e-05
31	22	1.71912e-05
31	23	1.72224e-05
31	24	1.65895e-05
31	25	1.62066e-05
31	26	1.64821e-05
31	27	3.97168e-17
31	28	1.9704e-05
31	29	1.66203e-05
31	30	1.71507e-05
31	31	1.62444e-05
31	32	1.70097e-05
31	33	1.18968e-16
31	34	9.87785e-17
31	35	1.63342e-05
31	36	1.66923e-05
31	37	8.44018e-17
31	38	1.61075e-05
31	39	0.127106
31	40	1.62496e-05
31	41	1.61921e-05
31	42	1.69916e-05
31	43	8.8952e-05
31	44	2.86531e-17
31	45	1.92376e-05
31	46	1.62348e-05
31	47	1.08509e-16
31	48	1.62428e-05
31	49	6.79187e-17
31	50	1.74936e-05
31	51	1.62631e-05
31	52	1.88377e-05
31	53	1.6894e-05
31	54	1.65744e-05
31	55	6.84252e-05
31	56	1.96911e-05
31	57	6.43265e-17
31	58	2.53165e-17
31	59	1.61458e-05
31	60	1.64016e-05
31	61	1.70703e-05
31	62	4.92809e-18
31	63	1.72394e-05
31	64	1.79411e-05
31	65	1.71225e-05
31	66	1.87299e-05
31	67	1.7924e-05
31	68	1.65235e-05
31	69	1.79682e-05
31	70	2.38406e-05
31	71	2.36535e-05
32	0	3.97872e-06
32	1	3.91871e-06
32	2	4.00858e-06
32	3	3.71055e-06
32	4	3.72775e-06
32	5	4.65088e-06
32	6	3.82519e-06
32	7	4.35288e-06
32	8	2.68636e-05
32	9	4.34824e-06
32	10	4.97583e-06
32	11	9.98819e-17
32	12	3.88341e-06
32	13	3.73869e-06
32	14	5.60367e-06
32	15	1.05361e-16
32	16	5.19782e-06
32	17	4.12546e-06
32	18	3.72377e-06
32	19	3.79932e-06
32	20	3.84854e-06
32	21	4.38406e-06
32	22	4.79508e-06
32	23	4.8263e-06
32	24	4.1934e-06
32	25	3.81048e-06
32	26	4.086e-06
32	27	3.4427e-17
32	28	7.30788e-06
32	29	4.22424e-06
32	30	4.75461e-06
32	31	3.84827e-06
32	32	4.61359e-06
32	33	1.0167e-16
32	34	1.26499e-16
32	35	3.93812e-06
32	36	4.29622e-06
32	37	3.73839e-06
32	38	3.71145e-06
32	39	0.127093
32	40	3.85349e-06
32	41	3.79602e-06
32	42	4.59556e-06
32	43	7.65559e-05
32	44	3.71088e-06
32	45	6.84147e-06
32	46	3.83871e-06
32	47	3.76962e-06
32	48	3.84676e-06
32	49	3.71554e-06
32	50	5.09747e-06
32	51	3.86698e-06
32	52	6.44165e-06
32	53	4.49792e-06
32	54	4.17827e-06
32	55	5.60291e-05
32	56	7.29497e-06
32	57	6.72527e-17
32	58	7.40801e-18
32	59	1.9434e-17
32	60	4.00551e-06
32	61	4.67422e-06
32	62	7.42426e-17
32	63	9.59206e-17
32	64	5.54499e-06
32	65	4.72641e-06
32	66	6.33378e-06
32	67	5.52788e-06
32	68	4.12737e-06
32	69	5.57208e-06
32	70	1.14445e-05
32	71	1.12574e-05
33	0	3.24427e-07
33	1	2.64419e-07
33	2	3.54283e-07
33	3	7.07316e-17
33	4	7.34597e-08
33	5	8.33331e-17
33	6	1.70896e-07
33	7	2.41092e-17
33	8	2.57732e-17
33	9	8.63508e-17
33	10	1.32153e-06
33	11	4.57194e-18
33	12	2.29119e-07
33	13	4.41595e-17
33	14	1.94938e-06
33	15	3.23789e-17
33	16	1.54352e-06
33	17	4.71169e-07
33	18	6.94711e-08
33	19	1.65478e-17
33	20	1.94248e-07
33	21	7.29766e-07
33	22	2.98984e-17
33	23	6.5549e-17
33	24	5.39108e-07
33	25	1.06297e-16
33	26	3.23887e-17
33	27	1.24688e-16
33	28	1.04728e-16
33	29	5.69941e-07
33	30	1.10032e-06
33	31	1.93979e-07
33	32	9.59291e-07
33	33	5.65727e-08
33	34	9.47431e-17
33	35	2.8383e-07
33	36	6.41924e-07
33	37	8.40927e-08
33	38	6.59688e-17
33	39	5.57988e-17
33	40	5.99368e-17
33	41	1.41721e-07
33	42	9.41263e-07
33	43	7.29016e-05
33	44	1.33067e-16
33	45	8.96249e-17
33	46	1.84413e-07
33	47	1.15326e-07
33	48	5.31863e-17
33	49	6.12417e-08
33	50	1.44318e-06
33	51	2.12686e-07
33	52	8.36568e-17
33	53	8.4363e-07
33	54	1.08049e-16
33	55	5.23748e-05
33	56	3.64068e-06
33	57	1.0376e-16
33	58	8.73053e-17
33	59	7.38039e-17
33	60	9.63278e-17
33	61	9.93926e-17
33	62	5.81855e-17
33	63	3.64906e-17
33	64	1.8907e-06
33	65	1.07211e-06
33	66	2.67949e-06
33	67	1.87359e-06
33	68	1.26796e-16
33	69	7.32149e-17
33	70	7.55186e-17
33	71	7.60307e-06
34	0	1.0635e-16
34	1	2.38608e-07
34	2	5.95609e-17
34	3	8.76071e-17
34	4	1.21232e-16
34	5	1.04554e-16
34	6	1.45086e-07
34	7	1.23695e-16
34	8	1.94716e-17
34	9	1.21571e-16
34	10	1.20398e-16
34	11	1.07289e-16
34	12	3.90077e-17
34	13	4.9439e-17
34	14	1.11248e-17
34	15	9.01929e-17
34	16	1.29365e-16
34	17	9.35923e-17
34	18	4.36607e-08
34	19	1.34847e-16
34	20	1.68438e-07
34	21	7.03956e-07
34	22	4.45474e-17
34	23	1.21571e-16
34	24	1.18547e-16
34	25	7.73834e-17
34	26	8.56801e-17
34	27	1.5888e-17
34	28	9.79767e-19
34	29	5.44131e-07
34	30	1.07451e-06
34	31	4.42391e-17
34	32	9.33481e-07
34	33	3.71752e-17
34	34	3.57437e-17
34	35	6.25817e-17
34	36	6.16113e-07
34	37	5.82823e-08
34	38	1.38581e-16
34	39	1.01419e-16
34	40	1.53422e-18
34	41	1.1591e-07
34	42	2.97162e-17
34	43	4.31661e-17
34	44	1.05463e-17
34	45	3.4426e-17
34	46	1.58602e-07
34	47	8.95157e-08
34	48	1.22066e-16
34	49	7.48276e-17
34	50	1.41737e-06
34	51	1.86876e-07
34	52	7.72113e-17
34	53	1.1461e-16
34	54	4.50671e-17
34	55	1.83739e-17
34	56	1.13499e-16
34	57	5.48077e-17
34	58	1.22247e-16
34	59	9.94896e-17
34	60	7.31274e-18
34	61	6.0913e-17
34	62	1.36162e-16
34	63	7.01138e-17
34	64	3.42273e-17
34	65	1.21083e-16
34	66	3.08791e-17
34	67	5.30066e-17
34	68	1.81021e-18
34	69	1.37713e-16
34	70	7.42407e-17
34	71	7.57726e-06
35	0	4.58636e-07
35	1	3.98627e-07
35	2	5.37336e-17
35	3	9.33515e-18
35	4	2.07668e-07
35	5	1.1308e-06
35	6	3.05104e-07
35	7	8.32789e-07
35	8	2.33435e-05
35	9	8.28157e-07
35	10	1.45574e-06
35	11	8.74259e-17
35	12	3.63327e-07
35	13	2.18605e-07
35	14	2.08359e-06
35	15	9.10161e-18
35	16	1.67773e-06
35	17	6.05377e-07
35	18	2.03679e-07
35	19	2.79236e-07
35	20	3.28457e-07
35	21	8.63975e-07
35	22	1.275e-06
35	23	2.993e-18
35	24	6.73316e-07
35	25	2.90394e-07
35	26	5.65916e-07
35	27	1.22856e-16
35	28	3.7878e-06
35	29	7.0415e-07
35	30	1.23453e-06
35	31	3.28187e-07
35	32	1.0935e-06
35	33	1.90781e-07
35	34	1.38604e-16
35	35	4.18039e-07
35	36	7.76132e-07
35	37	2.18301e-07
35	38	1.22767e-16
35	39	1.1171e-16
35	40	3.334e-07
35	41	2.75929e-07
35	42	1.07547e-06
35	43	7.30358e-05
35	44	5.78348e-17
35	45	3.32139e-06
35	46	3.18621e-07
35	47	2.49534e-07
35	48	3.26675e-07
35	49	4.43863e-17
35	50	1.57738e-06
35	51	3.46895e-07
35	52	2.92156e-06
35	53	9.77839e-07
35	54	1.26862e-18
35	55	5.2509e-05
35	56	3.77489e-06
35	57	1.06962e-17
35	58	2.22996e-17
35	59	1.26523e-16
35	60	8.43129e-17
35	61	1.15414e-06
35	62	1.27307e-16
35	63	2.2274e-17
35	64	2.02491e-06
35	65	1.20632e-06
35	66	2.81369e-06
35	67	2.0078e-06
35	68	1.22275e-16
35	69	2.05199e-06
35	70	7.92438e-06
35	71	7.73728e-06
36	0	1.09531e-06
36	1	1.0353e-06
36	2	1.12517e-06
36	3	4.72126e-17
36	4	8.44342e-07
36	5	1.76747e-06
36	6	9.41778e-07
36	7	1.46946e-06
36	8	2.39801e-05
36	9	1.46483e-06
36	10	2.09241e-06
36	11	8.7512e-07
36	12	1e-06
36	13	8.55279e-07
36	14	2.72026e-06
36	15	6.52974e-17
36	16	2.31441e-06
36	17	1.24205e-06
36	18	8.40353e-07
36	19	9.1591e-07
36	20	9.65131e-07
36	21	1.50065e-06
36	22	1.91167e-06
36	23	8.69583e-17
36	24	1.30999e-06
36	25	9.27068e-07
36	26	1.20259e-06
36	27	1.19242e-16
36	28	4.42447e-06
36	29	1.34082e-06
36	30	1.8712e-06
36	31	1.31278e-16
36	32	1.73017e-06
36	33	8.27455e-07
36	34	1.15355e-16
36	35	1.05471e-06
36	36	1.41281e-06
36	37	8.54975e-07
36	38	8.28041e-07
36	39	0.12709
36	40	9.70074e-07
36	41	9.12603e-07
36	42	1.71215e-06
36	43	7.36725e-05
36	44	3.34183e-17
36	45	3.95806e-06
36	46	9.55295e-07
36	47	8.86208e-07
36	48	9.63349e-07
36	49	8.32124e-07
36	50	2.21406e-06
36	51	9.83569e-07
36	52	3.55823e-06
36	53	1.61451e-06
36	54	1.29486e-06
36	55	5.31457e-05
36	56	4.41156e-06
36	57	1.01783e-16
36	58	5.20377e-17
36	59	8.66292e-07
36	60	6.19733e-17
36	61	1.79081e-06
36	62	1.87399e-17
36	63	5.06902e-17
36	64	2.66158e-06
36	65	1.84299e-06
36	66	3.45037e-06
36	67	2.64447e-06
36	68	1.24396e-06
36	69	2.68866e-06
36	70	8.56106e-06
36	71	8.37395e-06
37	0	1.11208e-06
37	1	1.05207e-06
37	2	1.14193e-06
37	3	8.4391e-07
37	4	8.6111e-07
37	5	1.78424e-06
37	6	9.58546e-07
37	7	1.48623e-06
37	8	2.39969e-05
37	9	1.4816e-06
37	10	2.10918e-06
37	11	9.81252e-17
37	12	1.01677e-06
37	13	8.72047e-07
37	14	2.73703e-06
37	15	8.42827e-07
37	16	2.33117e-06
37	17	1.25882e-06
37	18	8.57121e-07
37	19	9.32678e-07
37	20	9.81898e-07
37	21	1.51742e-06
37	22	1.92844e-06
37	23	1.95965e-06
37	24	1.32676e-06
37	25	9.43835e-07
37	26	1.21936e-06
37	27	8.71977e-07
37	28	4.44124e-06
37	29	1.35759e-06
37	30	1.88797e-06
37	31	9.81629e-07
37	32	1.74694e-06
37	33	8.44223e-07
37	34	9.05263e-17
37	35	1.07148e-06
37	36	1.42957e-06
37	37	8.71743e-07
37	38	8.44809e-07
37	39	0.12709
37	40	9.86842e-07
37	41	9.29371e-07
37	42	1.72891e-06
37	43	7.36893e-05
37	44	3.80416e-17
37	45	3.97483e-06
37	46	9.72063e-07
37	47	9.02976e-07
37	48	9.80117e-07
37	49	8.48892e-07
37	50	2.23083e-06
37	51	1.00034e-06
37	52	3.575e-06
37	53	1.63128e-06
37	54	1.276e-16
37	55	5.31625e-05
37	56	4.42833e-06
37	57	8.44159e-07
37	58	1.28343e-16
37	59	5.66298e-17
37	60	1.13886e-06
37	61	1.80758e-06
37	62	1.22224e-17
37	63	8.67701e-17
37	64	2.67835e-06
37	65	1.85976e-06
37	66	3.46714e-06
37	67	2.66124e-06
37	68	1.26073e-06
37	69	2.70543e-06
37	70	8.57783e-06
37	71	8.39072e-06
38	0	3.32219e-07
38	1	2.7221e-07
38	2	3.62075e-07
38	3	6.40516e-08
38	4	8.12515e-08
38	5	1.00438e-06
38	6	1.78688e-07
38	7	7.06373e-07
38	8	2.3217e-05
38	9	7.01741e-07
38	10	1.32932e-06
38	11	4.64883e-17
38	12	2.3691e-07
38	13	9.21886e-08
38	14	1.95717e-06
38	15	6.29686e-08
38	16	1.55132e-06
38	17	4.78961e-07
38	18	7.72628e-08
38	19	1.5282e-07
38	20	2.0204e-07
38	21	7.37558e-07
38	22	1.14858e-06
38	23	8.21453e-17
38	24	5.469e-07
38	25	1.63977e-07
38	26	4.39499e-07
38	27	9.21182e-08
38	28	3.66138e-06
38	29	5.77733e-07
38	30	1.10811e-06
38	31	3.75498e-17
38	32	9.67083e-07
38	33	6.19123e-17
38	34	3.13537e-17
38	35	2.91622e-07
38	36	6.49715e-07
38	37	9.18844e-08
38	38	6.49503e-08
38	39	1.20205e-16
38	40	8.98451e-17
38	41	1.49513e-07
38	42	9.49055e-07
38	43	6.36311e-17
38	44	5.761e-17
38	45	3.19497e-06
38	46	1.92204e-07
38	47	1.23118e-07
38	48	2.00259e-07
38	49	1.21095e-16
38	50	1.45097e-06
38	51	2.20478e-07
38	52	2.79514e-06
38	53	8.51422e-07
38	54	3.27354e-17
38	55	5.23826e-05
38	56	3.64847e-06
38	57	5.98636e-17
38	58	5.87584e-17
38	59	1.03202e-07
38	60	7.46921e-17
38	61	1.02772e-06
38	62	1.76276e-07
38	63	1.29996e-16
38	64	1.89849e-06
38	65	1.0799e-06
38	66	2.68728e-06
38	67	1.88138e-06
38	68	9.48299e-17
38	69	1.92557e-06
38	70	7.79797e-06
38	71	7.61086e-06
39	0	2.6345e-17
39	1	1.31069e-17
39	2	5.27981e-17
39	3	6.39497e-17
39	4	5.39138e-17
39	5	9.92989e-17
39	6	0.056104
39	7	0.0561045
39	8	0.0561271
39	9	1.30085e-16
39	10	2.79069e-17
39	11	1.02089e-16
39	12	3.57301e-17
39	13	1.03428e-16
39	14	1.188e-16
39	15	1.09139e-16
39	16	1.30692e-16
39	17	0.0561043
39	18	5.12731e-17
39	19	1.27906e-16
39	20	2.79729e-17
39	21	0.0561046
39	22	0.056105
39	23	9.25714e-17
39	24	0.0561044
39	25	1.20179e-16
39	26	0.0561043
39	27	4.2253e-18
39	28	0.0561075
39	29	5.08513e-17
39	30	0.0561049
39	31	9.9543e-17
39	32	0.0561048
39	33	1.13277e-16
39	34	1.81295e-17
39	35	7.48202e-17
39	36	8.1369e-18
39	37	6.97898e-17
39	38	8.61248e-17
39	39	7.7978e-17
39	40	5.8494e-17
39	41	4.25027e-17
39	42	0.0561048
39	43	0.0561767
39	44	5.07821e-17
39	45	1.13406e-16
39	46	0.056104
39	47	1.36895e-16
39	48	0.056104
39	49	1.00444e-16
39	50	8.36131e-17
39	51	5.31552e-17
39	52	1.29379e-18
39	53	6.73068e-17
39	54	5.39093e-18
39	55	1.24379e-16
39	56	1.09037e-16
39	57	6.07416e-17
39	58	1.85534e-17
39	59	8.36578e-17
39	60	1.07289e-16
39	61	1.1191e-16
39	62	9.71728e-17
39	63	3.07257e-17
39	64	0.0561057
39	65	9.08762e-17
39	66	7.63772e-17
39	67	0.0561057
39	68	9.80993e-17
39	69	0.0561058
39	70	0.0561116
39	71	0.0561114
40	0	1.59029e-06
40	1	1.53029e-06
40	2	1.62015e-06
40	3	1.32213e-06
40	4	1.33933e-06
40	5	2.26246e-06
40	6	1.43676e-06
40	7	1.96445e-06
40	8	2.44751e-05
40	9	1.95982e-06
40	10	2.5874e-06
40	11	1.37211e-16
40	12	1.49499e-06
40	13	1.35026e-06
40	14	3.21525e-06
40	15	1.48986e-17
40	16	2.80939e-06
40	17	1.73704e-06
40	18	1.33534e-06
40	19	1.4109e-06
40	20	1.46012e-06
40	21	1.99563e-06
40	22	2.40666e-06
40	23	6.35789e-17
40	24	1.80498e-06
40	25	1.42205e-06
40	26	1.69757e-06
40	27	7.37276e-17
40	28	4.91946e-06
40	29	1.83581e-06
40	30	2.36618e-06
40	31	1.45985e-06
40	32	2.22516e-06
40	33	1.92319e-17
40	34	5.0082e-17
40	35	1.5497e-06
40	36	1.90779e-06
40	37	1.34996e-06
40	38	3.06271e-17
40	39	0.127091
40	40	1.46506e-06
40	41	1.40759e-06
40	42	2.20713e-06
40	43	7.41675e-05
40	44	1.19506e-16
40	45	4.45305e-06
40	46	1.45028e-06
40	47	1.38119e-06
40	48	1.45833e-06
40	49	1.32711e-06
40	50	2.70904e-06
40	51	1.47855e-06
40	52	4.05322e-06
40	53	2.1095e-06
40	54	1.78984e-06
40	55	5.36407e-05
40	56	4.90655e-06
40	57	2.06932e-17
40	58	8.79835e-17
40	59	4.72433e-17
40	60	1.61708e-06
40	61	2.2858e-06
40	62	5.4612e-17
40	63	7.82799e-17
40	64	3.15657e-06
40	65	2.33798e-06
40	66	3.94535e-06
40	67	3.13946e-06
40	68	1.73894e-06
40	69	3.18365e-06
40	70	9.05604e-06
40	71	8.86894e-06
41	0	1.09053e-06
41	1	1.03052e-06
41	2	1.12039e-06
41	3	8.22364e-07
41	4	8.39564e-07
41	5	1.76269e-06
41	6	9.37e-07
41	7	1.46469e-06
41	8	2.39754e-05
41	9	1.46005e-06
41	10	2.08764e-06
41	11	1.55421e-17
41	12	9.95223e-07
41	13	8.50501e-07
41	14	2.71548e-06
41	15	8.21281e-07
41	16	2.30963e-06
41	17	1.23727e-06
41	18	8.35575e-07
41	19	9.11132e-07
41	20	9.60352e-07
41	21	1.49587e-06
41	22	1.90689e-06
41	23	1.93811e-06
41	24	1.30521e-06
41	25	9.22289e-07
41	26	1.19781e-06
41	27	8.50431e-07
41	28	4.41969e-06
41	29	1.33605e-06
41	30	1.86642e-06
41	31	9.60083e-07
41	32	1.7254e-06
41	33	1.17702e-16
41	34	8.72731e-17
41	35	1.04993e-06
41	36	1.40803e-06
41	37	8.50197e-07
41	38	8.23263e-07
41	39	0.12709
41	40	9.65296e-07
41	41	9.07825e-07
41	42	1.70737e-06
41	43	7.36677e-05
41	44	8.22685e-07
41	45	3.95328e-06
41	46	9.50517e-07
41	47	8.8143e-07
41	48	9.58571e-07
41	49	8.27346e-07
41	50	2.20928e-06
41	51	9.78791e-07
41	52	3.55346e-06
41	53	1.60973e-06
41	54	1.29008e-06
41	55	5.31409e-05
41	56	4.40678e-06
41	57	3.84509e-17
41	58	2.25953e-17
41	59	8.91861e-17
41	60	1.2215e-16
41	61	1.78603e-06
41	62	9.34589e-07
41	63	4.61177e-17
41	64	2.6568e-06
41	65	1.83822e-06
41	66	3.44559e-06
41	67	2.63969e-06
41	68	1.23918e-06
41	69	2.68389e-06
41	70	8.55628e-06
41	71	8.36917e-06
42	0	1.19097e-06
42	1	1.13096e-06
42	2	7.6042e-17
42	3	9.22803e-07
42	4	8.80378e-17
42	5	1.86313e-06
42	6	1.03744e-06
42	7	1.56512e-06
42	8	2.40758e-05
42	9	1.56049e-06
42	10	2.18808e-06
42	11	7.05349e-17
42	12	1.09566e-06
42	13	9.5094e-07
42	14	2.81592e-06
42	15	4.05348e-17
42	16	2.41007e-06
42	17	1.33771e-06
42	18	9.36014e-07
42	19	1.01157e-06
42	20	1.06079e-06
42	21	1.59631e-06
42	22	2.00733e-06
42	23	2.55199e-17
42	24	1.40565e-06
42	25	1.02273e-06
42	26	1.29825e-06
42	27	1.49362e-17
42	28	4.52013e-06
42	29	1.43648e-06
42	30	1.96686e-06
42	31	6.94094e-19
42	32	1.82583e-06
42	33	5.4885e-17
42	34	1.18803e-16
42	35	1.15037e-06
42	36	1.50847e-06
42	37	9.50636e-07
42	38	9.23702e-07
42	39	0.12709
42	40	1.06574e-06
42	41	1.00826e-06
42	42	1.80781e-06
42	43	7.37681e-05
42	44	9.23124e-07
42	45	4.05372e-06
42	46	1.05096e-06
42	47	9.81869e-07
42	48	1.05901e-06
42	49	9.27785e-07
42	50	2.30972e-06
42	51	1.07923e-06
42	52	3.6539e-06
42	53	1.71017e-06
42	54	1.39052e-06
42	55	5.32414e-05
42	56	4.50722e-06
42	57	1.0095e-16
42	58	3.4944e-17
42	59	9.61953e-07
42	60	9.65904e-17
42	61	1.88647e-06
42	62	1.35638e-16
42	63	1.08211e-16
42	64	2.75724e-06
42	65	1.93865e-06
42	66	3.54603e-06
42	67	2.74013e-06
42	68	3.32948e-17
42	69	2.78432e-06
42	70	8.65672e-06
42	71	8.46961e-06
43	0	0.00013585
43	1	0.00013579
43	2	0.00013588
43	3	0.000135582
43	4	0.000135599
43	5	0.000136522
43	6	0.000135696
43	7	0.000136224
43	8	0.000158735
43	9	0.000136219
43	10	0.000136847
43	11	1.36999e-17
43	12	0.000135754
43	13	0.00013561
43	14	0.000137475
43	15	8.37019e-17
43	16	0.000137069
43	17	0.000135996
43	18	0.000135595
43	19	0.00013567
43	20	1.11181e-16
43	21	0.000136255
43	22	0.000136666
43	23	0.000136697
43	24	0.000136064
43	25	0.000135682
43	26	0.000135957
43	27	0.00013561
43	28	0.000139179
43	29	0.000136095
43	30	0.000136626
43	31	0.000135719
43	32	0.000136485
43	33	5.53961e-17
43	34	1.31933e-16
43	35	0.000135809
43	36	0.000136167
43	37	0.000135609
43	38	1.02019e-16
43	39	0.127225
43	40	0.000135725
43	41	0.000135667
43	42	0.000136467
43	43	0.000208427
43	44	1.36809e-16
43	45	0.000138713
43	46	0.00013571
43	47	0.000135641
43	48	0.000135718
43	49	0.000135587
43	50	0.000136968
43	51	0.000135738
43	52	0.000138313
43	53	0.000136369
43	54	0.000136049
43	55	0.0001879
43	56	0.000139166
43	57	1.16467e-16
43	58	3.50012e-17
43	59	0.000135621
43	60	0.000135877
43	61	0.000136545
43	62	1.92653e-17
43	63	2.5287e-18
43	64	0.000137416
43	65	0.000136597
43	66	0.000138205
43	67	0.000137399
43	68	0.000135998
43	69	0.000137443
43	70	0.000143315
43	71	0.000143128
44	0	3.25742e-07
44	1	2.65733e-07
44	2	3.55597e-07
44	3	5.75741e-08
44	4	6.65598e-17
44	5	9.97904e-07
44	6	1.7221e-07
44	7	6.99895e-07
44	8	2.32106e-05
44	9	6.95263e-07
44	10	1.32285e-06
44	11	1.27583e-17
44	12	2.30433e-07
44	13	8.5711e-08
44	14	1.38558e-16
44	15	7.28393e-17
44	16	1.54484e-06
44	17	4.72483e-07
44	18	9.7711e-18
44	19	5.33251e-17
44	20	1.28571e-16
44	21	7.3108e-07
44	22	1.1421e-06
44	23	8.9784e-17
44	24	5.40422e-07
44	25	8.63037e-17
44	26	4.33021e-07
44	27	7.05747e-17
44	28	3.6549e-06
44	29	5.71255e-07
44	30	1.10163e-06
44	31	6.52543e-17
44	32	9.60605e-07
44	33	1.4861e-17
44	34	1.10916e-16
44	35	2.85144e-07
44	36	6.43238e-07
44	37	8.54069e-08
44	38	7.6086e-18
44	39	3.63196e-17
44	40	2.00506e-07
44	41	1.43035e-07
44	42	9.42578e-07
44	43	7.29029e-05
44	44	5.78951e-08
44	45	9.66564e-17
44	46	1.85727e-07
44	47	1.1664e-07
44	48	1.93781e-07
44	49	9.94709e-17
44	50	1.44449e-06
44	51	2.14e-07
44	52	2.78867e-06
44	53	8.44944e-07
44	54	1.09936e-16
44	55	5.23761e-05
44	56	3.64199e-06
44	57	3.51712e-17
44	58	4.37157e-17
44	59	6.77139e-17
44	60	3.87637e-17
44	61	1.02124e-06
44	62	2.73974e-17
44	63	4.0924e-18
44	64	1.89201e-06
44	65	1.07343e-06
44	66	2.6808e-06
44	67	1.8749e-06
44	68	1.11935e-16
44	69	1.9191e-06
44	70	7.79149e-06
44	71	7.60438e-06
45	0	6.53611e-05
45	1	6.53011e-05
45	2	6.5391e-05
45	3	6.08331e-17
45	4	1.37821e-17
45	5	6.60333e-05
45	6	6.52076e-05
45	7	6.57353e-05
45	8	8.8246e-05
45	9	6.57307e-05
45	10	6.63583e-05
45	11	8.70138e-17
45	12	6.52658e-05
45	13	6.51211e-05
45	14	6.69861e-05
45	15	2.41881e-17
45	16	6.65802e-05
45	17	6.55079e-05
45	18	6.65446e-17
45	19	6.51817e-05
45	20	1.27581e-16
45	21	6.57665e-05
45	22	6.61775e-05
45	23	6.62087e-05
45	24	6.55758e-05
45	25	6.51929e-05
45	26	6.54684e-05
45	27	1.07173e-16
45	28	6.86903e-05
45	29	6.56067e-05
45	30	6.6137e-05
45	31	6.52307e-05
45	32	6.5996e-05
45	33	6.96182e-17
45	34	5.62175e-17
45	35	6.53205e-05
45	36	6.56786e-05
45	37	1.33412e-16
45	38	3.14421e-17
45	39	0.127155
45	40	6.52359e-05
45	41	6.51784e-05
45	42	6.5978e-05
45	43	0.000137938
45	44	2.06897e-17
45	45	6.82239e-05
45	46	6.52211e-05
45	47	4.63546e-17
45	48	6.52292e-05
45	49	6.5098e-05
45	50	6.64799e-05
45	51	6.52494e-05
45	52	6.78241e-05
45	53	6.58803e-05
45	54	6.55607e-05
45	55	0.000117412
45	56	6.86774e-05
45	57	2.02984e-17
45	58	8.26196e-17
45	59	1.11156e-16
45	60	6.53879e-05
45	61	6.60566e-05
45	62	7.09762e-18
45	63	1.91781e-17
45	64	6.69274e-05
45	65	6.61088e-05
45	66	6.77162e-05
45	67	6.69103e-05
45	68	6.55098e-05
45	69	6.69545e-05
45	70	7.28269e-05
45	71	7.26398e-05
46	0	1.27813e-06
46	1	1.21812e-06
46	2	1.30798e-06
46	3	1.00996e-06
46	4	1.02716e-06
46	5	1.95029e-06
46	6	1.12459e-06
46	7	1.65228e-06
46	8	2.4163e-05
46	9	1.64765e-06
46	10	2.27523e-06
46	11	9.91392e-17
46	12	1.18282e-06
46	13	1.0381e-06
46	14	2.90308e-06
46	15	5.25866e-17
46	16	2.49722e-06
46	17	1.42487e-06
46	18	1.02317e-06
46	19	1.09873e-06
46	20	1.14795e-06
46	21	1.68346e-06
46	22	2.09449e-06
46	23	2.1257e-06
46	24	1.49281e-06
46	25	1.10988e-06
46	26	1.38541e-06
46	27	1.03802e-06
46	28	4.60729e-06
46	29	1.52364e-06
46	30	2.05402e-06
46	31	1.14768e-06
46	32	1.91299e-06
46	33	7.83366e-17
46	34	1.05832e-16
46	35	1.23753e-06
46	36	1.59562e-06
46	37	1.03779e-06
46	38	1.01086e-06
46	39	0.127091
46	40	1.15289e-06
46	41	1.09542e-06
46	42	1.89496e-06
46	43	7.38553e-05
46	44	1.01028e-06
46	45	4.14088e-06
46	46	1.13811e-06
46	47	1.06902e-06
46	48	1.14617e-06
46	49	1.01494e-06
46	50	2.39687e-06
46	51	1.16638e-06
46	52	3.74105e-06
46	53	1.79733e-06
46	54	1.47767e-06
46	55	5.33285e-05
46	56	4.59438e-06
46	57	1.01021e-06
46	58	1.01187e-16
46	59	7.76284e-17
46	60	8.29889e-17
46	61	1.97363e-06
46	62	1.12218e-06
46	63	1.50645e-17
46	64	2.8444e-06
46	65	2.02581e-06
46	66	3.63318e-06
46	67	2.82729e-06
46	68	1.42678e-06
46	69	2.87148e-06
46	70	8.74387e-06
46	71	8.55677e-06
47	0	1.54598e-06
47	1	1.48597e-06
47	2	4.57484e-17
47	3	1.27781e-06
47	4	1.29501e-06
47	5	2.21814e-06
47	6	1.39245e-06
47	7	1.92013e-06
47	8	2.44308e-05
47	9	6.92315e-17
47	10	2.54308e-06
47	11	2.70379e-17
47	12	1.45067e-06
47	13	1.30595e-06
47	14	3.17093e-06
47	15	1.27673e-06
47	16	2.76508e-06
47	17	1.69272e-06
47	18	1.29102e-06
47	19	5.38818e-17
47	20	1.4158e-06
47	21	1.95132e-06
47	22	2.36234e-06
47	23	2.39355e-06
47	24	1.76066e-06
47	25	1.37774e-06
47	26	1.65326e-06
47	27	1.30588e-06
47	28	4.87514e-06
47	29	1.79149e-06
47	30	2.32187e-06
47	31	1.41553e-06
47	32	2.18084e-06
47	33	1.27813e-06
47	34	6.8143e-17
47	35	1.50538e-06
47	36	1.86348e-06
47	37	1.30565e-06
47	38	1.27871e-06
47	39	0.127091
47	40	1.42074e-06
47	41	1.36327e-06
47	42	2.16282e-06
47	43	7.41232e-05
47	44	5.46132e-17
47	45	4.40873e-06
47	46	1.40596e-06
47	47	1.33688e-06
47	48	1.41402e-06
47	49	1.28279e-06
47	50	2.66473e-06
47	51	1.43424e-06
47	52	4.0089e-06
47	53	2.06518e-06
47	54	1.01451e-18
47	55	5.35964e-05
47	56	4.86223e-06
47	57	7.20451e-18
47	58	5.8749e-17
47	59	3.60588e-17
47	60	8.60082e-17
47	61	2.24148e-06
47	62	8.56394e-17
47	63	2.44864e-17
47	64	3.11225e-06
47	65	2.29366e-06
47	66	3.90104e-06
47	67	3.09514e-06
47	68	1.69463e-06
47	69	3.13933e-06
47	70	9.01173e-06
47	71	8.82462e-06
48	0	2.43322e-06
48	1	2.37322e-06
48	2	6.13872e-18
48	3	2.16506e-06
48	4	8.12811e-18
48	5	3.10539e-06
48	6	2.27969e-06
48	7	2.80738e-06
48	8	2.53181e-05
48	9	2.80275e-06
48	10	3.43033e-06
48	11	8.00878e-17
48	12	2.33792e-06
48	13	2.19319e-06
48	14	4.05818e-06
48	15	8.02065e-17
48	16	3.65232e-06
48	17	2.57997e-06
48	18	1.97841e-17
48	19	2.25383e-06
48	20	2.30305e-06
48	21	2.83856e-06
48	22	3.24958e-06
48	23	1.36821e-16
48	24	2.6479e-06
48	25	2.26498e-06
48	26	2.5405e-06
48	27	2.19312e-06
48	28	5.76239e-06
48	29	2.67874e-06
48	30	3.20911e-06
48	31	2.30278e-06
48	32	3.06809e-06
48	33	1.78256e-17
48	34	1.2476e-16
48	35	2.39263e-06
48	36	2.75072e-06
48	37	2.19289e-06
48	38	5.45099e-17
48	39	0.127092
48	40	2.30799e-06
48	41	2.25052e-06
48	42	3.05006e-06
48	43	7.50104e-05
48	44	2.16538e-06
48	45	5.29598e-06
48	46	2.29321e-06
48	47	2.22412e-06
48	48	2.30126e-06
48	49	2.17004e-06
48	50	3.55197e-06
48	51	2.32148e-06
48	52	4.89615e-06
48	53	2.95243e-06
48	54	2.63277e-06
48	55	5.44836e-05
48	56	5.74948e-06
48	57	1.10984e-16
48	58	6.01507e-17
48	59	1.11472e-16
48	60	9.34189e-17
48	61	3.12873e-06
48	62	2.27728e-06
48	63	8.66537e-17
48	64	3.9995e-06
48	65	3.18091e-06
48	66	4.78828e-06
48	67	3.98239e-06
48	68	1.19121e-16
48	69	4.02658e-06
48	70	9.89897e-06
48	71	9.71187e-06
49	0	3.25683e-07
49	1	2.65674e-07
49	2	2.24831e-17
49	3	5.7515e-08
49	4	7.47148e-08
49	5	9.97845e-07
49	6	1.72151e-07
49	7	6.99836e-07
49	8	2.32105e-05
49	9	6.95204e-07
49	10	1.32279e-06
49	11	1.92928e-17
49	12	2.30374e-07
49	13	8.5652e-08
49	14	1.95064e-06
49	15	9.67485e-18
49	16	1.54478e-06
49	17	4.72424e-07
49	18	7.07262e-08
49	19	1.46283e-07
49	20	1.95503e-07
49	21	7.31021e-07
49	22	1.14204e-06
49	23	1.17326e-06
49	24	5.40363e-07
49	25	1.5744e-07
49	26	4.32962e-07
49	27	8.55816e-08
49	28	3.65484e-06
49	29	5.71196e-07
49	30	1.10157e-06
49	31	1.95234e-07
49	32	9.60546e-07
49	33	6.39499e-17
49	34	9.49661e-17
49	35	2.85085e-07
49	36	6.43179e-07
49	37	8.53478e-08
49	38	5.84136e-08
49	39	8.53131e-17
49	40	2.00447e-07
49	41	1.42976e-07
49	42	9.42518e-07
49	43	7.29029e-05
49	44	5.78361e-08
49	45	3.18843e-06
49	46	1.85668e-07
49	47	1.16581e-07
49	48	1.93722e-07
49	49	6.24968e-08
49	50	1.44443e-06
49	51	2.13941e-07
49	52	2.78861e-06
49	53	8.44885e-07
49	54	5.25229e-07
49	55	5.23761e-05
49	56	3.64193e-06
49	57	1.19898e-16
49	58	7.56491e-17
49	59	1.28873e-16
49	60	7.54428e-17
49	61	1.02119e-06
49	62	1.6974e-07
49	63	2.74542e-17
49	64	1.89196e-06
49	65	1.07337e-06
49	66	2.68074e-06
49	67	1.87484e-06
49	68	4.74332e-07
49	69	1.91904e-06
49	70	7.79143e-06
49	71	7.60432e-06
50	0	3.16438e-06
50	1	3.10437e-06
50	2	3.19424e-06
50	3	2.89622e-06
50	4	7.38564e-17
50	5	3.83655e-06
50	6	3.01085e-06
50	7	3.53854e-06
50	8	2.60492e-05
50	9	3.5339e-06
50	10	4.16149e-06
50	11	1.44818e-17
50	12	3.06907e-06
50	13	2.92435e-06
50	14	4.78934e-06
50	15	1.06426e-16
50	16	4.38348e-06
50	17	3.31112e-06
50	18	2.90943e-06
50	19	2.98498e-06
50	20	3.0342e-06
50	21	3.56972e-06
50	22	3.98074e-06
50	23	1.87594e-18
50	24	3.37906e-06
50	25	2.99614e-06
50	26	3.27166e-06
50	27	2.92428e-06
50	28	6.49354e-06
50	29	3.4099e-06
50	30	3.94027e-06
50	31	3.03393e-06
50	32	3.79925e-06
50	33	5.50502e-17
50	34	7.47391e-17
50	35	3.12379e-06
50	36	3.48188e-06
50	37	2.92405e-06
50	38	2.89711e-06
50	39	0.127092
50	40	3.03915e-06
50	41	2.98168e-06
50	42	3.78122e-06
50	43	7.57416e-05
50	44	2.89654e-06
50	45	6.02713e-06
50	46	3.02437e-06
50	47	2.95528e-06
50	48	3.03242e-06
50	49	2.9012e-06
50	50	4.28313e-06
50	51	3.05264e-06
50	52	5.62731e-06
50	53	3.68359e-06
50	54	3.36393e-06
50	55	5.52148e-05
50	56	6.48063e-06
50	57	1.37257e-16
50	58	1.12252e-16
50	59	2.93537e-06
50	60	1.17474e-16
50	61	3.85989e-06
50	62	1.00852e-16
50	63	4.71129e-17
50	64	4.73066e-06
50	65	3.91207e-06
50	66	5.51944e-06
50	67	4.71354e-06
50	68	1.51464e-17
50	69	4.75774e-06
50	70	1.06301e-05
50	71	1.0443e-05
51	0	9.75252e-07
51	1	9.15243e-07
51	2	1.00511e-06
51	3	7.07085e-07
51	4	7.24284e-07
51	5	1.64741e-06
51	6	8.2172e-07
51	7	1.34941e-06
51	8	2.38601e-05
51	9	1.34477e-06
51	10	1.97236e-06
51	11	2.73443e-17
51	12	8.79943e-07
51	13	7.35222e-07
51	14	2.60021e-06
51	15	1.18185e-16
51	16	2.19435e-06
51	17	1.12199e-06
51	18	7.20296e-07
51	19	7.95853e-07
51	20	8.45073e-07
51	21	1.38059e-06
51	22	1.79161e-06
51	23	1.82283e-06
51	24	1.18993e-06
51	25	8.0701e-07
51	26	1.08253e-06
51	27	7.35151e-07
51	28	4.30441e-06
51	29	1.22077e-06
51	30	1.75114e-06
51	31	1.43721e-17
51	32	1.61012e-06
51	33	8.9477e-17
51	34	1.15508e-16
51	35	9.34655e-07
51	36	1.29275e-06
51	37	7.34917e-07
51	38	7.07983e-07
51	39	0.12709
51	40	8.50017e-07
51	41	7.92545e-07
51	42	1.59209e-06
51	43	7.35524e-05
51	44	7.07406e-07
51	45	3.838e-06
51	46	8.35237e-07
51	47	7.66151e-07
51	48	8.43292e-07
51	49	7.12066e-07
51	50	2.094e-06
51	51	8.63511e-07
51	52	3.43818e-06
51	53	1.49445e-06
51	54	1.1748e-06
51	55	5.30256e-05
51	56	4.2915e-06
51	57	7.07334e-07
51	58	1.35287e-16
51	59	5.56414e-17
51	60	1.00204e-06
51	61	1.67075e-06
51	62	7.22737e-17
51	63	7.9997e-17
51	64	2.54153e-06
51	65	1.72294e-06
51	66	3.33031e-06
51	67	2.52441e-06
51	68	1.1239e-06
51	69	2.56861e-06
51	70	8.441e-06
51	71	8.25389e-06
52	0	3.99611e-06
52	1	3.93611e-06
52	2	4.02597e-06
52	3	6.24703e-17
52	4	2.02796e-18
52	5	4.66828e-06
52	6	3.84258e-06
52	7	4.37027e-06
52	8	2.68809e-05
52	9	4.36564e-06
52	10	4.99322e-06
52	11	1.24656e-16
52	12	3.90081e-06
52	13	3.75608e-06
52	14	5.62107e-06
52	15	2.44869e-17
52	16	5.21521e-06
52	17	4.14286e-06
52	18	3.64579e-17
52	19	3.81672e-06
52	20	5.46637e-17
52	21	4.40145e-06
52	22	4.81248e-06
52	23	4.84369e-06
52	24	4.2108e-06
52	25	3.82787e-06
52	26	4.10339e-06
52	27	3.75601e-06
52	28	7.32528e-06
52	29	4.24163e-06
52	30	4.772e-06
52	31	1.32648e-16
52	32	4.63098e-06
52	33	3.53811e-18
52	34	4.12554e-17
52	35	3.95552e-06
52	36	4.31361e-06
52	37	3.75578e-06
52	38	3.72885e-06
52	39	0.127093
52	40	3.87088e-06
52	41	3.81341e-06
52	42	4.61295e-06
52	43	7.65733e-05
52	44	6.76267e-17
52	45	6.85887e-06
52	46	3.8561e-06
52	47	3.78701e-06
52	48	3.86415e-06
52	49	3.73293e-06
52	50	5.11486e-06
52	51	3.88437e-06
52	52	6.45904e-06
52	53	4.51532e-06
52	54	4.19566e-06
52	55	5.60465e-05
52	56	7.31237e-06
52	57	2.54328e-17
52	58	1.3677e-16
52	59	2.65742e-17
52	60	3.45254e-17
52	61	4.69162e-06
52	62	1.0847e-16
52	63	1.21411e-16
52	64	5.56239e-06
52	65	4.7438e-06
52	66	6.35117e-06
52	67	5.54528e-06
52	68	8.37737e-17
52	69	5.58947e-06
52	70	1.14619e-05
52	71	1.12748e-05
53	0	4.29391e-06
53	1	4.2339e-06
53	2	4.32376e-06
53	3	4.02574e-06
53	4	4.04294e-06
53	5	4.96607e-06
53	6	4.14037e-06
53	7	4.66806e-06
53	8	2.71787e-05
53	9	4.66343e-06
53	10	5.29101e-06
53	11	7.11856e-17
53	12	4.1986e-06
53	13	4.05387e-06
53	14	5.91886e-06
53	15	3.36753e-17
53	16	5.513e-06
53	17	4.44065e-06
53	18	4.03895e-06
53	19	4.11451e-06
53	20	4.16373e-06
53	21	4.69924e-06
53	22	5.11027e-06
53	23	1.35885e-17
53	24	4.50859e-06
53	25	4.12566e-06
53	26	4.40119e-06
53	27	4.0538e-06
53	28	7.62307e-06
53	29	4.53942e-06
53	30	5.0698e-06
53	31	5.89571e-18
53	32	4.92877e-06
53	33	3.92593e-17
53	34	8.2392e-17
53	35	4.25331e-06
53	36	4.6114e-06
53	37	4.05357e-06
53	38	4.02664e-06
53	39	0.127094
53	40	4.16867e-06
53	41	4.1112e-06
53	42	4.91074e-06
53	43	7.68711e-05
53	44	4.02606e-06
53	45	7.15666e-06
53	46	4.15389e-06
53	47	4.0848e-06
53	48	4.16194e-06
53	49	4.03072e-06
53	50	5.41265e-06
53	51	4.18216e-06
53	52	6.75683e-06
53	53	4.81311e-06
53	54	4.49345e-06
53	55	5.63443e-05
53	56	7.61016e-06
53	57	1.24326e-16
53	58	3.39108e-18
53	59	4.06489e-06
53	60	4.51729e-18
53	61	4.98941e-06
53	62	2.41092e-17
53	63	4.39662e-17
53	64	5.86018e-06
53	65	5.04159e-06
53	66	6.64896e-06
53	67	5.84307e-06
53	68	4.44256e-06
53	69	5.88726e-06
53	70	1.17597e-05
53	71	1.15725e-05
54	0	6.40935e-06
54	1	6.34934e-06
54	2	9.80209e-17
54	3	7.27768e-17
54	4	4.16713e-17
54	5	7.08151e-06
54	6	6.25582e-06
54	7	6.7835e-06
54	8	1.73208e-17
54	9	6.77887e-06
54	10	7.40645e-06
54	11	1.3609e-16
54	12	6.31404e-06
54	13	6.16932e-06
54	14	8.0343e-06
54	15	1.89244e-17
54	16	7.62845e-06
54	17	6.55609e-06
54	18	6.19476e-17
54	19	3.68727e-17
54	20	8.56828e-17
54	21	6.81469e-06
54	22	7.22571e-06
54	23	9.05689e-17
54	24	6.62403e-06
54	25	6.24111e-06
54	26	6.51663e-06
54	27	5.69861e-17
54	28	9.73851e-06
54	29	6.65486e-06
54	30	7.18524e-06
54	31	9.92878e-17
54	32	7.04421e-06
54	33	2.79612e-17
54	34	7.42668e-17
54	35	6.36875e-06
54	36	6.72685e-06
54	37	6.16901e-06
54	38	4.1061e-17
54	39	0.127096
54	40	6.28411e-06
54	41	6.22664e-06
54	42	7.02618e-06
54	43	2.8901e-17
54	44	1.38735e-16
54	45	7.88559e-17
54	46	6.26933e-06
54	47	6.20025e-06
54	48	6.27739e-06
54	49	6.9491e-17
54	50	7.5281e-06
54	51	6.29761e-06
54	52	8.87227e-06
54	53	6.92855e-06
54	54	6.6089e-06
54	55	5.84597e-05
54	56	9.7256e-06
54	57	4.2046e-18
54	58	8.61623e-18
54	59	1.24196e-16
54	60	1.14719e-16
54	61	7.10485e-06
54	62	1.20038e-16
54	63	1.26255e-16
54	64	7.97562e-06
54	65	7.15703e-06
54	66	8.76441e-06
54	67	7.95851e-06
54	68	6.558e-06
54	69	8.0027e-06
54	70	1.38751e-05
54	71	1.3688e-05
55	0	0.000137033
55	1	0.000136973
55	2	0.000137063
55	3	9.89575e-17
55	4	1.03054e-16
55	5	0.000137705
55	6	0.00013688
55	7	0.000137407
55	8	0.000159918
55	9	1.36128e-16
55	10	1.10622e-16
55	11	5.81228e-17
55	12	0.000136938
55	13	1.36733e-16
55	14	0.000138658
55	15	6.35897e-17
55	16	0.000138252
55	17	6.59292e-17
55	18	1.10006e-16
55	19	1.09728e-16
55	20	8.83178e-17
55	21	0.000137438
55	22	0.00013785
55	23	3.69032e-17
55	24	2.81026e-17
55	25	0.000136865
55	26	0.00013714
55	27	6.41495e-17
55	28	2.13791e-17
55	29	1.2842e-16
55	30	0.000137809
55	31	5.86003e-17
55	32	0.000137668
55	33	2.96855e-17
55	34	7.449e-17
55	35	1.21762e-16
55	36	0.000137351
55	37	0.000136793
55	38	0.000136766
55	39	0.127226
55	40	3.13627e-17
55	41	0.00013685
55	42	0.00013765
55	43	0.00020961
55	44	1.22512e-16
55	45	0.000139896
55	46	0.000136893
55	47	0.000136824
55	48	3.61806e-17
55	49	9.6158e-17
55	50	0.000138152
55	51	0.000136921
55	52	8.43976e-17
55	53	0.000137552
55	54	5.18651e-17
55	55	0.000189084
55	56	0.000140349
55	57	6.95249e-18
55	58	8.42304e-17
55	59	1.10723e-16
55	60	5.1834e-17
55	61	0.000137729
55	62	8.71545e-17
55	63	1.25877e-16
55	64	0.000138599
55	65	0.000137781
55	66	1.02484e-16
55	67	0.000138582
55	68	7.40264e-17
55	69	0.000138626
55	70	0.000144499
55	71	0.000144312
56	0	7.84757e-06
56	1	7.78756e-06
56	2	7.87742e-06
56	3	3.93585e-17
56	4	7.5966e-06
56	5	8.51973e-06
56	6	7.69404e-06
56	7	8.22172e-06
56	8	3.07324e-05
56	9	8.21709e-06
56	10	8.84467e-06
56	11	7.62738e-06
56	12	7.75226e-06
56	13	7.60754e-06
56	14	9.47252e-06
56	15	7.20376e-17
56	16	9.06666e-06
56	17	7.99431e-06
56	18	7.59261e-06
56	19	7.66817e-06
56	20	7.71739e-06
56	21	8.25291e-06
56	22	8.66393e-06
56	23	8.69514e-06
56	24	8.06225e-06
56	25	7.67932e-06
56	26	7.95485e-06
56	27	7.60747e-06
56	28	1.11767e-05
56	29	8.09308e-06
56	30	8.62346e-06
56	31	7.71712e-06
56	32	8.48243e-06
56	33	2.96624e-17
56	34	2.21477e-17
56	35	7.80697e-06
56	36	8.16506e-06
56	37	7.60723e-06
56	38	7.5803e-06
56	39	0.127097
56	40	7.72233e-06
56	41	7.66486e-06
56	42	8.4644e-06
56	43	8.04247e-05
56	44	7.57972e-06
56	45	1.07103e-05
56	46	7.70755e-06
56	47	7.63847e-06
56	48	7.71561e-06
56	49	7.58438e-06
56	50	8.96632e-06
56	51	7.73583e-06
56	52	1.03105e-05
56	53	8.36677e-06
56	54	8.04711e-06
56	55	5.9898e-05
56	56	1.11638e-05
56	57	5.26343e-19
56	58	3.8828e-17
56	59	7.61855e-06
56	60	7.87435e-06
56	61	8.54307e-06
56	62	1.20135e-18
56	63	1.19445e-16
56	64	9.41384e-06
56	65	8.59525e-06
56	66	1.02026e-05
56	67	9.39673e-06
56	68	7.99622e-06
56	69	9.44092e-06
56	70	1.53133e-05
56	71	1.51262e-05
57	0	3.06719e-07
57	1	2.4671e-07
57	2	1.19275e-16
57	3	9.29698e-17
57	4	7.53968e-17
57	5	7.58552e-17
57	6	1.53187e-07
57	7	6.80872e-07
57	8	5.03521e-17
57	9	9.42852e-17
57	10	6.93266e-18
57	11	3.6095e-17
57	12	2.1141e-07
57	13	6.66881e-08
57	14	1.93167e-06
57	15	1.36558e-16
57	16	9.71964e-18
57	17	1.27696e-16
57	18	4.84497e-17
57	19	4.55799e-18
57	20	4.73779e-19
57	21	7.12058e-07
57	22	1.12308e-06
57	23	9.83501e-17
57	24	4.45865e-17
57	25	4.10203e-17
57	26	5.38792e-17
57	27	1.22482e-16
57	28	9.78051e-17
57	29	5.52232e-07
57	30	1.08261e-06
57	31	1.05497e-17
57	32	9.41582e-07
57	33	2.21443e-17
57	34	1.15917e-18
57	35	5.27321e-17
57	36	1.35377e-16
57	37	6.63839e-08
57	38	2.68561e-17
57	39	5.45451e-17
57	40	1.17711e-16
57	41	1.24012e-07
57	42	7.35537e-17
57	43	5.79916e-17
57	44	3.88722e-08
57	45	9.5529e-17
57	46	1.66704e-07
57	47	3.39861e-17
57	48	6.75216e-17
57	49	2.03251e-17
57	50	6.69678e-17
57	51	2.84763e-17
57	52	2.76964e-06
57	53	8.25922e-07
57	54	2.17687e-17
57	55	2.28297e-17
57	56	3.62297e-06
57	57	8.16723e-17
57	58	8.86461e-17
57	59	8.1828e-17
57	60	2.69104e-17
57	61	6.58165e-17
57	62	1.15853e-16
57	63	3.33449e-18
57	64	1.30135e-16
57	65	1.36335e-16
57	66	8.80751e-17
57	67	1.85588e-06
57	68	1.07845e-16
57	69	1.90007e-06
57	70	7.77247e-06
57	71	7.58536e-06
58	0	3.58593e-17
58	1	2.93141e-07
58	2	1.12574e-16
58	3	8.63466e-17
58	4	1.02182e-07
58	5	3.28757e-17
58	6	8.87232e-17
58	7	8.31256e-17
58	8	1.31181e-16
58	9	1.20006e-16
58	10	6.18936e-17
58	11	1.33004e-16
58	12	6.18819e-17
58	13	4.77307e-18
58	14	1.9781e-06
58	15	8.38988e-08
58	16	1.53557e-17
58	17	4.28381e-17
58	18	9.81931e-08
58	19	9.7034e-17
58	20	2.2297e-07
58	21	7.58488e-07
58	22	9.43427e-17
58	23	1.36593e-16
58	24	4.29537e-17
58	25	7.0765e-18
58	26	4.60429e-07
58	27	7.84427e-17
58	28	5.64735e-17
58	29	1.1172e-16
58	30	1.12904e-06
58	31	8.08711e-17
58	32	9.88013e-07
58	33	7.04316e-17
58	34	1.22451e-16
58	35	9.42166e-17
58	36	6.70646e-07
58	37	1.24252e-16
58	38	1.30244e-17
58	39	1.22039e-16
58	40	9.01119e-17
58	41	1.70443e-07
58	42	9.69985e-07
58	43	1.30009e-16
58	44	1.0931e-16
58	45	6.30054e-17
58	46	2.13135e-07
58	47	1.79516e-17
58	48	1.29731e-16
58	49	1.14582e-16
58	50	1.4719e-06
58	51	1.26031e-16
58	52	2.81607e-06
58	53	8.36401e-17
58	54	1.14762e-16
58	55	5.24035e-05
58	56	1.32645e-16
58	57	3.33626e-17
58	58	4.96371e-17
58	59	1.1335e-16
58	60	8.12542e-17
58	61	1.37526e-16
58	62	1.26425e-16
58	63	1.53125e-17
58	64	1.06111e-16
58	65	7.72888e-17
58	66	9.51821e-17
58	67	1.90231e-06
58	68	6.05755e-17
58	69	1.37655e-16
58	70	1.18978e-17
58	71	7.63179e-06
59	0	8.31104e-06
59	1	8.25104e-06
59	2	8.3409e-06
59	3	1.04011e-16
59	4	9.64273e-17
59	5	8.37861e-17
59	6	8.15751e-06
59	7	8.6852e-06
59	8	3.11959e-05
59	9	8.68057e-06
59	10	9.30815e-06
59	11	8.09086e-06
59	12	8.21574e-06
59	13	2.7445e-17
59	14	9.936e-06
59	15	3.46767e-17
59	16	5.92025e-17
59	17	8.45779e-06
59	18	6.61018e-17
59	19	8.13165e-06
59	20	8.38277e-17
59	21	8.71638e-06
59	22	9.12741e-06
59	23	9.15862e-06
59	24	8.52573e-06
59	25	8.47372e-17
59	26	8.41832e-06
59	27	7.55226e-17
59	28	1.16402e-05
59	29	8.55656e-06
59	30	9.08694e-06
59	31	8.1806e-06
59	32	8.94591e-06
59	33	9.94386e-17
59	34	9.95055e-17
59	35	8.27045e-06
59	36	8.62854e-06
59	37	3.48175e-17
59	38	2.53183e-17
59	39	0.127098
59	40	8.18581e-06
59	41	8.12834e-06
59	42	8.92788e-06
59	43	8.08882e-05
59	44	8.71527e-18
59	45	1.11738e-05
59	46	8.17103e-06
59	47	1.04072e-16
59	48	8.17908e-06
59	49	1.79299e-17
59	50	9.42979e-06
59	51	8.1993e-06
59	52	1.0774e-05
59	53	8.83025e-06
59	54	8.51059e-06
59	55	6.03614e-05
59	56	1.16273e-05
59	57	8.32882e-17
59	58	3.91063e-17
59	59	8.08203e-06
59	60	8.33783e-06
59	61	9.00655e-06
59	62	8.06303e-17
59	63	9.17564e-06
59	64	9.87732e-06
59	65	9.05873e-06
59	66	1.06661e-05
59	67	9.86021e-06
59	68	8.45969e-06
59	69	9.9044e-06
59	70	1.57768e-05
59	71	1.55897e-05
60	0	2.69871e-05
60	1	2.69271e-05
60	2	2.7017e-05
60	3	1.13082e-16
60	4	1.66212e-18
60	5	2.76593e-05
60	6	2.68336e-05
60	7	2.73613e-05
60	8	4.9872e-05
60	9	2.73567e-05
60	10	2.79842e-05
60	11	2.6767e-05
60	12	2.68918e-05
60	13	2.67471e-05
60	14	2.86121e-05
60	15	5.73251e-17
60	16	2.82062e-05
60	17	2.71339e-05
60	18	9.98348e-17
60	19	2.68077e-05
60	20	4.38255e-17
60	21	2.73925e-05
60	22	2.78035e-05
60	23	2.78347e-05
60	24	2.72018e-05
60	25	2.68189e-05
60	26	2.70944e-05
60	27	1.78991e-17
60	28	3.03163e-05
60	29	2.72327e-05
60	30	2.7763e-05
60	31	2.68567e-05
60	32	2.7622e-05
60	33	3.137e-17
60	34	9.65332e-17
60	35	2.69465e-05
60	36	2.73046e-05
60	37	8.16217e-17
60	38	4.75563e-17
60	39	0.127116
60	40	2.68619e-05
60	41	2.68044e-05
60	42	2.7604e-05
60	43	9.95643e-05
60	44	4.53032e-17
60	45	2.98499e-05
60	46	2.68471e-05
60	47	2.6778e-05
60	48	2.68552e-05
60	49	3.74751e-17
60	50	2.81059e-05
60	51	2.68754e-05
60	52	2.94501e-05
60	53	2.75063e-05
60	54	2.71867e-05
60	55	7.90375e-05
60	56	3.03034e-05
60	57	5.60681e-17
60	58	5.47738e-18
60	59	2.67581e-05
60	60	2.70139e-05
60	61	2.76826e-05
60	62	1.20199e-16
60	63	5.29954e-17
60	64	2.85534e-05
60	65	2.77348e-05
60	66	2.93422e-05
60	67	2.85363e-05
60	68	2.71358e-05
60	69	2.85805e-05
60	70	3.44529e-05
60	71	3.42658e-05
61	0	1.92839e-06
61	1	1.86838e-06
61	2	1.95825e-06
61	3	1.66022e-06
61	4	1.67742e-06
61	5	2.60055e-06
61	6	1.77486e-06
61	7	2.30255e-06
61	8	2.48132e-05
61	9	2.29791e-06
61	10	2.9255e-06
61	11	1.10454e-16
61	12	1.83308e-06
61	13	1.68836e-06
61	14	3.55335e-06
61	15	1.33654e-17
61	16	3.14749e-06
61	17	2.07513e-06
61	18	1.67344e-06
61	19	1.74899e-06
61	20	1.79821e-06
61	21	2.33373e-06
61	22	2.74475e-06
61	23	3.01947e-17
61	24	2.14307e-06
61	25	1.76015e-06
61	26	2.03567e-06
61	27	1.68829e-06
61	28	5.25755e-06
61	29	2.17391e-06
61	30	2.70428e-06
61	31	6.20751e-17
61	32	2.56326e-06
61	33	1.58538e-17
61	34	3.06052e-17
61	35	1.88779e-06
61	36	2.24589e-06
61	37	1.68806e-06
61	38	1.66112e-06
61	39	0.127091
61	40	1.80316e-06
61	41	1.74569e-06
61	42	2.54523e-06
61	43	7.45056e-05
61	44	1.66055e-06
61	45	4.79114e-06
61	46	1.78838e-06
61	47	1.71929e-06
61	48	1.79643e-06
61	49	1.66521e-06
61	50	3.04714e-06
61	51	1.81665e-06
61	52	4.39132e-06
61	53	2.4476e-06
61	54	2.12794e-06
61	55	5.39788e-05
61	56	5.24464e-06
61	57	1.26906e-16
61	58	1.35455e-17
61	59	1.69937e-06
61	60	3.87703e-17
61	61	2.62389e-06
61	62	1.30359e-16
61	63	1.06841e-17
61	64	3.49467e-06
61	65	2.67608e-06
61	66	4.28345e-06
61	67	3.47755e-06
61	68	2.07704e-06
61	69	3.52175e-06
61	70	9.39414e-06
61	71	9.20703e-06
62	0	1.43578e-05
62	1	1.42978e-05
62	2	3.41859e-17
62	3	1.40897e-05
62	4	1.41069e-05
62	5	1.23554e-16
62	6	1.42043e-05
62	7	1.4732e-05
62	8	3.72427e-05
62	9	1.04659e-16
62	10	2.59051e-17
62	11	4.99666e-17
62	12	1.42625e-05
62	13	1.41178e-05
62	14	1.59828e-05
62	15	1.40886e-05
62	16	1.55769e-05
62	17	1.45046e-05
62	18	1.41029e-05
62	19	8.00577e-17
62	20	1.42277e-05
62	21	1.47632e-05
62	22	1.04246e-16
62	23	2.78531e-17
62	24	1.45725e-05
62	25	1.41896e-05
62	26	1.44651e-05
62	27	1.41177e-05
62	28	1.7687e-05
62	29	1.46033e-05
62	30	1.51337e-05
62	31	1.30458e-16
62	32	1.49927e-05
62	33	1.15346e-16
62	34	6.2309e-17
62	35	1.43172e-05
62	36	1.46753e-05
62	37	1.41175e-05
62	38	1.40906e-05
62	39	0.127104
62	40	1.11342e-16
62	41	1.41751e-05
62	42	1.49747e-05
62	43	8.58844e-17
62	44	1.02115e-16
62	45	1.72206e-05
62	46	1.42178e-05
62	47	1.41487e-05
62	48	1.42259e-05
62	49	1.40946e-05
62	50	1.54766e-05
62	51	1.42461e-05
62	52	1.68208e-05
62	53	1.4877e-05
62	54	9.43488e-17
62	55	6.64082e-05
62	56	1.76741e-05
62	57	5.16445e-18
62	58	1.3859e-16
62	59	8.87754e-17
62	60	4.03017e-17
62	61	1.50533e-05
62	62	1.42019e-05
62	63	1.15548e-16
62	64	1.59241e-05
62	65	1.51055e-05
62	66	1.67129e-05
62	67	1.5907e-05
62	68	7.40412e-17
62	69	1.59512e-05
62	70	1.38173e-16
62	71	2.16365e-05
63	0	5.99848e-17
63	1	6.55021e-17
63	2	1.45333e-05
63	3	8.61073e-17
63	4	8.70474e-17
63	5	1.57775e-17
63	6	1.43499e-05
63	7	1.48775e-05
63	8	3.73882e-05
63	9	1.48729e-05
63	10	1.55005e-05
63	11	1.42832e-05
63	12	1.44081e-05
63	13	7.11214e-17
63	14	1.61283e-05
63	15	1.04409e-16
63	16	4.96325e-17
63	17	1.32125e-16
63	18	3.008e-17
63	19	1.4324e-05
63	20	1.15753e-16
63	21	1.49087e-05
63	22	1.00879e-16
63	23	1.5351e-05
63	24	4.34021e-17
63	25	4.98239e-17
63	26	1.46107e-05
63	27	7.46086e-17
63	28	1.78326e-05
63	29	1.47489e-05
63	30	1.52793e-05
63	31	1.43729e-05
63	32	1.51383e-05
63	33	7.92695e-17
63	34	3.85086e-18
63	35	5.8063e-17
63	36	1.48209e-05
63	37	4.18893e-17
63	38	3.93521e-17
63	39	0.127104
63	40	1.43782e-05
63	41	1.43207e-05
63	42	9.40587e-17
63	43	8.70806e-05
63	44	2.52627e-17
63	45	1.73661e-05
63	46	1.43634e-05
63	47	5.73527e-18
63	48	1.11926e-16
63	49	1.66553e-17
63	50	1.56221e-05
63	51	1.43917e-05
63	52	1.69663e-05
63	53	1.50226e-05
63	54	1.20967e-16
63	55	6.65538e-05
63	56	1.78196e-05
63	57	8.16942e-17
63	58	1.26729e-16
63	59	1.42744e-05
63	60	1.45302e-05
63	61	6.14711e-17
63	62	4.91473e-17
63	63	8.85978e-17
63	64	1.60697e-05
63	65	1.52511e-05
63	66	1.68585e-05
63	67	1.60526e-05
63	68	1.4652e-05
63	69	1.60967e-05
63	70	2.19691e-05
63	71	2.1782e-05
64	0	1.55972e-05
64	1	1.55371e-05
64	2	1.5627e-05
64	3	1.5329e-05
64	4	1.53462e-05
64	5	1.62693e-05
64	6	1.54436e-05
64	7	1.59713e-05
64	8	3.8482e-05
64	9	1.59667e-05
64	10	1.65943e-05
64	11	1.38365e-16
64	12	1.55018e-05
64	13	1.53571e-05
64	14	1.72221e-05
64	15	5.517e-17
64	16	1.68163e-05
64	17	1.57439e-05
64	18	1.53422e-05
64	19	1.54178e-05
64	20	1.5467e-05
64	21	1.60025e-05
64	22	1.64135e-05
64	23	1.64447e-05
64	24	1.58118e-05
64	25	1.54289e-05
64	26	1.57044e-05
64	27	9.37857e-17
64	28	1.89263e-05
64	29	1.58427e-05
64	30	1.6373e-05
64	31	1.54667e-05
64	32	1.6232e-05
64	33	9.85273e-17
64	34	2.23671e-17
64	35	1.55566e-05
64	36	1.59147e-05
64	37	1.53568e-05
64	38	1.53299e-05
64	39	0.127105
64	40	1.54719e-05
64	41	1.54144e-05
64	42	1.6214e-05
64	43	8.81743e-05
64	44	1.53293e-05
64	45	1.84599e-05
64	46	1.54571e-05
64	47	1.53881e-05
64	48	1.54652e-05
64	49	1.5334e-05
64	50	1.67159e-05
64	51	1.54854e-05
64	52	1.80601e-05
64	53	1.61164e-05
64	54	1.57967e-05
64	55	6.76475e-05
64	56	1.89134e-05
64	57	1.06827e-16
64	58	8.04548e-17
64	59	1.53681e-05
64	60	1.56239e-05
64	61	1.62927e-05
64	62	9.37574e-17
64	63	4.10848e-18
64	64	1.71634e-05
64	65	1.63448e-05
64	66	1.79522e-05
64	67	1.71463e-05
64	68	1.57458e-05
64	69	1.71905e-05
64	70	2.30629e-05
64	71	2.28758e-05
65	0	4.56992e-06
65	1	4.50991e-06
65	2	4.59978e-06
65	3	4.30175e-06
65	4	4.60727e-17
65	5	5.24208e-06
65	6	4.41639e-06
65	7	4.94408e-06
65	8	2.74548e-05
65	9	4.93944e-06
65	10	5.56703e-06
65	11	9.04098e-17
65	12	4.47461e-06
65	13	4.32989e-06
65	14	6.19487e-06
65	15	8.87389e-17
65	16	5.78902e-06
65	17	4.71666e-06
65	18	4.31497e-06
65	19	4.39052e-06
65	20	8.5451e-17
65	21	4.97526e-06
65	22	5.38628e-06
65	23	5.4175e-06
65	24	4.7846e-06
65	25	4.40168e-06
65	26	4.6772e-06
65	27	1.17069e-16
65	28	7.89908e-06
65	29	4.81544e-06
65	30	5.34581e-06
65	31	1.05241e-16
65	32	5.20479e-06
65	33	5.78807e-17
65	34	7.29537e-18
65	35	4.52932e-06
65	36	4.88742e-06
65	37	4.32959e-06
65	38	1.31579e-16
65	39	0.127094
65	40	4.44469e-06
65	41	4.38721e-06
65	42	5.18676e-06
65	43	7.71471e-05
65	44	1.01774e-16
65	45	7.43267e-06
65	46	4.42991e-06
65	47	4.36082e-06
65	48	4.43796e-06
65	49	4.30674e-06
65	50	5.68867e-06
65	51	4.45818e-06
65	52	7.03285e-06
65	53	5.08912e-06
65	54	4.76947e-06
65	55	5.66203e-05
65	56	7.88617e-06
65	57	8.83952e-17
65	58	1.50641e-18
65	59	9.46191e-17
65	60	6.85608e-17
65	61	5.26542e-06
65	62	3.89708e-17
65	63	6.81115e-17
65	64	6.13619e-06
65	65	5.31761e-06
65	66	6.92498e-06
65	67	6.11908e-06
65	68	3.70896e-17
65	69	6.16328e-06
65	70	1.20357e-05
65	71	1.18486e-05
66	0	5.09826e-06
66	1	5.03825e-06
66	2	5.12812e-06
66	3	1.09301e-16
66	4	4.38365e-17
66	5	5.77042e-06
66	6	4.94473e-06
66	7	5.47241e-06
66	8	2.79831e-05
66	9	5.46778e-06
66	10	6.09537e-06
66	11	1.25843e-16
66	12	5.00295e-06
66	13	4.85823e-06
66	14	6.72321e-06
66	15	4.82901e-06
66	16	6.31736e-06
66	17	5.245e-06
66	18	4.8433e-06
66	19	4.91886e-06
66	20	4.96808e-06
66	21	5.5036e-06
66	22	5.91462e-06
66	23	5.94583e-06
66	24	5.31294e-06
66	25	4.93002e-06
66	26	5.20554e-06
66	27	4.85816e-06
66	28	8.42742e-06
66	29	5.34377e-06
66	30	5.87415e-06
66	31	4.96781e-06
66	32	5.73312e-06
66	33	6.55088e-17
66	34	7.89313e-17
66	35	5.05766e-06
66	36	5.41576e-06
66	37	4.85793e-06
66	38	4.83099e-06
66	39	0.127094
66	40	4.97303e-06
66	41	4.91555e-06
66	42	5.7151e-06
66	43	7.76754e-05
66	44	4.83041e-06
66	45	7.96101e-06
66	46	4.95825e-06
66	47	4.88916e-06
66	48	4.9663e-06
66	49	4.83507e-06
66	50	6.21701e-06
66	51	4.98652e-06
66	52	7.56119e-06
66	53	5.61746e-06
66	54	5.29781e-06
66	55	5.71486e-05
66	56	8.41451e-06
66	57	5.27827e-17
66	58	1.03087e-16
66	59	4.86924e-06
66	60	5.12504e-06
66	61	5.79376e-06
66	62	4.94232e-06
66	63	4.89646e-17
66	64	6.66453e-06
66	65	5.84594e-06
66	66	7.45332e-06
66	67	6.64742e-06
66	68	5.24691e-06
66	69	6.69161e-06
66	70	1.2564e-05
66	71	1.23769e-05
67	0	7.58401e-06
67	1	7.524e-06
67	2	7.61387e-06
67	3	7.31584e-06
67	4	7.33304e-06
67	5	8.25617e-06
67	6	7.43048e-06
67	7	7.95816e-06
67	8	3.04688e-05
67	9	7.95353e-06
67	10	8.58111e-06
67	11	8.10266e-17
67	12	7.4887e-06
67	13	7.34398e-06
67	14	9.20896e-06
67	15	7.31476e-06
67	16	8.80311e-06
67	17	7.73075e-06
67	18	7.32905e-06
67	19	7.40461e-06
67	20	7.45383e-06
67	21	7.98935e-06
67	22	8.40037e-06
67	23	8.43158e-06
67	24	7.79869e-06
67	25	7.41577e-06
67	26	7.69129e-06
67	27	1.27079e-16
67	28	1.09132e-05
67	29	7.82952e-06
67	30	8.3599e-06
67	31	7.45356e-06
67	32	8.21887e-06
67	33	1.20359e-16
67	34	1.11227e-16
67	35	7.54341e-06
67	36	7.90151e-06
67	37	7.34367e-06
67	38	7.31674e-06
67	39	0.127097
67	40	7.45877e-06
67	41	7.4013e-06
67	42	8.20085e-06
67	43	8.01612e-05
67	44	7.31616e-06
67	45	1.04468e-05
67	46	7.44399e-06
67	47	7.37491e-06
67	48	7.45205e-06
67	49	7.32082e-06
67	50	8.70276e-06
67	51	7.47227e-06
67	52	1.00469e-05
67	53	8.10321e-06
67	54	7.78356e-06
67	55	5.96344e-05
67	56	1.09003e-05
67	57	8.55022e-17
67	58	1.04966e-16
67	59	7.82779e-17
67	60	7.61079e-06
67	61	8.27951e-06
67	62	7.42807e-06
67	63	7.62701e-17
67	64	9.15028e-06
67	65	8.33169e-06
67	66	9.93907e-06
67	67	9.13317e-06
67	68	7.73266e-06
67	69	9.17736e-06
67	70	1.50498e-05
67	71	1.48627e-05
68	0	3.9837e-05
68	1	3.9777e-05
68	2	3.98668e-05
68	3	5.73403e-18
68	4	1.20096e-16
68	5	4.05091e-05
68	6	3.96834e-05
68	7	4.02111e-05
68	8	6.27218e-05
68	9	4.02065e-05
68	10	4.08341e-05
68	11	3.96168e-05
68	12	3.97417e-05
68	13	3.95969e-05
68	14	4.14619e-05
68	15	5.14641e-17
68	16	4.10561e-05
68	17	3.99837e-05
68	18	1.09124e-16
68	19	3.96576e-05
68	20	3.97068e-05
68	21	4.02423e-05
68	22	4.06533e-05
68	23	4.06845e-05
68	24	4.00517e-05
68	25	3.96687e-05
68	26	3.99443e-05
68	27	5.92514e-17
68	28	4.31661e-05
68	29	4.00825e-05
68	30	4.06129e-05
68	31	3.97065e-05
68	32	4.04718e-05
68	33	1.15185e-17
68	34	6.55213e-17
68	35	3.97964e-05
68	36	4.01545e-05
68	37	3.95966e-05
68	38	7.86134e-17
68	39	0.127129
68	40	3.97117e-05
68	41	3.96543e-05
68	42	4.04538e-05
68	43	0.000112414
68	44	1.38631e-17
68	45	4.26997e-05
68	46	3.9697e-05
68	47	3.96279e-05
68	48	3.9705e-05
68	49	7.55465e-17
68	50	4.09557e-05
68	51	3.97252e-05
68	52	4.22999e-05
68	53	4.03562e-05
68	54	4.00365e-05
68	55	9.18874e-05
68	56	4.31532e-05
68	57	5.95227e-17
68	58	1.00442e-16
68	59	3.9608e-05
68	60	3.98638e-05
68	61	4.05325e-05
68	62	7.33497e-17
68	63	3.62617e-17
68	64	4.14032e-05
68	65	4.05847e-05
68	66	4.2192e-05
68	67	4.13861e-05
68	68	3.99856e-05
68	69	4.14303e-05
68	70	4.73027e-05
68	71	4.71156e-05
69	0	5.11896e-06
69	1	5.05895e-06
69	2	5.14881e-06
69	3	1.37023e-16
69	4	4.86799e-06
69	5	5.79112e-06
69	6	4.96543e-06
69	7	5.49311e-06
69	8	2.80038e-05
69	9	5.48848e-06
69	10	6.11606e-06
69	11	4.89534e-17
69	12	5.02365e-06
69	13	4.87893e-06
69	14	6.74391e-06
69	15	1.1046e-17
69	16	6.33805e-06
69	17	5.2657e-06
69	18	4.864e-06
69	19	4.93956e-06
69	20	4.98878e-06
69	21	5.5243e-06
69	22	5.93532e-06
69	23	5.96653e-06
69	24	5.33364e-06
69	25	4.95072e-06
69	26	5.22624e-06
69	27	4.87886e-06
69	28	8.44812e-06
69	29	5.36447e-06
69	30	5.89485e-06
69	31	4.98851e-06
69	32	5.75382e-06
69	33	1.05063e-16
69	34	4.82464e-17
69	35	5.07836e-06
69	36	5.43646e-06
69	37	4.87862e-06
69	38	2.37609e-17
69	39	0.127094
69	40	4.99372e-06
69	41	4.93625e-06
69	42	5.73579e-06
69	43	7.76961e-05
69	44	4.85111e-06
69	45	7.98171e-06
69	46	4.97894e-06
69	47	4.90986e-06
69	48	4.987e-06
69	49	4.85577e-06
69	50	6.23771e-06
69	51	5.00722e-06
69	52	7.58188e-06
69	53	5.63816e-06
69	54	5.31851e-06
69	55	5.71693e-05
69	56	8.43521e-06
69	57	3.6397e-17
69	58	1.058e-16
69	59	8.97956e-17
69	60	5.14574e-06
69	61	5.81446e-06
69	62	1.33845e-16
69	63	8.71336e-17
69	64	6.68523e-06
69	65	5.86664e-06
69	66	7.47402e-06
69	67	6.66812e-06
69	68	5.26761e-06
69	69	6.71231e-06
69	70	1.25847e-05
69	71	1.23976e-05
70	0	6.57409e-05
70	1	6.56809e-05
70	2	6.57708e-05
70	3	6.54728e-05
70	4	6.549e-05
70	5	6.64131e-05
70	6	6.55874e-05
70	7	6.61151e-05
70	8	8.86258e-05
70	9	6.61105e-05
70	10	6.6738e-05
70	11	7.16543e-17
70	12	6.56456e-05
70	13	6.55009e-05
70	14	6.73659e-05
70	15	1.19028e-16
70	16	6.696e-05
70	17	6.58877e-05
70	18	6.5486e-05
70	19	6.55615e-05
70	20	6.56108e-05
70	21	6.61463e-05
70	22	6.65573e-05
70	23	6.65885e-05
70	24	6.59556e-05
70	25	6.55727e-05
70	26	6.58482e-05
70	27	6.55008e-05
70	28	6.90701e-05
70	29	6.59864e-05
70	30	6.65168e-05
70	31	6.56105e-05
70	32	6.63758e-05
70	33	7.39102e-17
70	34	1.58703e-17
70	35	6.57003e-05
70	36	6.60584e-05
70	37	6.55006e-05
70	38	6.54737e-05
70	39	0.127155
70	40	6.56157e-05
70	41	6.55582e-05
70	42	6.63578e-05
70	43	0.000138318
70	44	3.96652e-17
70	45	6.86037e-05
70	46	6.56009e-05
70	47	6.55318e-05
70	48	6.5609e-05
70	49	6.54777e-05
70	50	6.68597e-05
70	51	6.56292e-05
70	52	6.82039e-05
70	53	6.62601e-05
70	54	6.59405e-05
70	55	0.000117791
70	56	6.90572e-05
70	57	2.84691e-17
70	58	8.75926e-18
70	59	6.55119e-05
70	60	6.57677e-05
70	61	6.64364e-05
70	62	8.78335e-18
70	63	1.075e-16
70	64	6.73072e-05
70	65	6.64886e-05
70	66	6.8096e-05
70	67	6.72901e-05
70	68	6.58896e-05
70	69	6.73343e-05
70	70	7.32067e-05
70	71	7.30196e-05
71	0	5.67759e-06
71	1	5.61758e-06
71	2	1.09377e-16
71	3	5.40943e-06
71	4	6.53367e-17
71	5	6.34976e-06
71	6	5.52406e-06
71	7	6.05175e-06
71	8	2.85624e-05
71	9	6.04711e-06
71	10	6.6747e-06
71	11	1.26699e-16
71	12	5.58228e-06
71	13	5.43756e-06
71	14	7.30255e-06
71	15	2.66603e-17
71	16	6.89669e-06
71	17	5.82433e-06
71	18	4.79435e-19
71	19	5.49819e-06
71	20	5.54741e-06
71	21	6.08293e-06
71	22	6.49395e-06
71	23	3.88371e-17
71	24	5.89227e-06
71	25	5.50935e-06
71	26	5.78487e-06
71	27	1.31343e-16
71	28	9.00675e-06
71	29	5.92311e-06
71	30	6.45348e-06
71	31	5.47636e-17
71	32	6.31246e-06
71	33	7.79123e-17
71	34	4.59579e-17
71	35	5.637e-06
71	36	5.99509e-06
71	37	1.14139e-16
71	38	5.07645e-17
71	39	0.127095
71	40	5.55236e-06
71	41	5.49489e-06
71	42	6.29443e-06
71	43	7.82548e-05
71	44	5.40975e-06
71	45	8.54034e-06
71	46	5.53758e-06
71	47	5.46849e-06
71	48	5.54563e-06
71	49	2.05162e-17
71	50	6.79634e-06
71	51	5.56585e-06
71	52	8.14052e-06
71	53	6.1968e-06
71	54	1.1716e-16
71	55	5.7728e-05
71	56	8.99384e-06
71	57	1.34562e-16
71	58	7.33764e-17
71	59	7.05904e-17
71	60	1.28491e-16
71	61	6.3731e-06
71	62	1.5322e-17
71	63	1.20196e-16
71	64	7.24387e-06
71	65	6.42528e-06
71	66	8.03265e-06
71	67	7.22675e-06
71	68	4.75448e-17
71	69	7.27095e-06
71	70	1.31433e-05
71	71	1.29562e-05
