0	0	0.000232436
0	1	0.000609029
0	2	0.000470863
0	3	2.52077e-18
0	4	2.00157e-18
0	5	0.000364295
0	6	0.000235994
0	7	0.00116093
0	8	0.000690603
0	9	0.000351141
0	10	0.00041384
0	11	0.000853509
0	12	2.02669e-17
0	13	0.108893
0	14	0.000320959
0	15	0.000920635
0	16	0.000435469
0	17	0.000312298
0	18	7.12761e-18
0	19	0.000237135
0	20	0.000920426
0	21	0.000715962
0	22	0.000476117
0	23	2.63722e-17
0	24	2.1241e-17
0	25	1.65208e-18
0	26	2.50106e-17
0	27	0.000487326
0	28	0.00026721
0	29	1.22601e-17
0	30	0.0002369
0	31	0.00131266
0	32	0.000440895
0	33	0.000382517
0	34	0.000489511
0	35	0.000251435
0	36	8.15791e-18
0	37	0.000295414
0	38	0.000238805
0	39	8.29068e-18
0	40	0.000255251
0	41	2.95258e-17
0	42	0.000293231
0	43	0.000243132
0	44	0.000243035
0	45	0.000268279
0	46	8.03629e-18
0	47	0.000244473
0	48	1.38994e-17
0	49	0.000245089
0	50	0.000352032
0	51	0.000720482
0	52	1.60324e-17
0	53	1.38248e-17
0	54	8.58653e-18
0	55	0.000232739
0	56	0.000668318
0	57	0.000562038
0	58	0.000275012
0	59	0.000262732
0	60	0.000475929
0	61	0.000593422
0	62	9.99687e-19
0	63	1.10559e-17
0	64	0.000299197
0	65	0.000478787
0	66	1.42467e-17
0	67	0.000614236
0	68	0.000741068
0	69	2.60749e-17
0	70	0.000297858
0	71	0.000336716
0	72	1.36201e-17
1	0	0.00119009
1	1	0.00156668
1	2	0.00142852
1	3	0.00122183
1	4	2.74998e-17
1	5	0.00132195
1	6	0.00119365
1	7	0.00211859
1	8	0.00164826
1	9	0.0013088
1	10	0.0013715
1	11	0.00181116
1	12	0.00122891
1	13	0.109851
1	14	0.00127861
1	15	0.00187829
1	16	0.00139312
1	17	0.00126995
1	18	1.18963e-17
1	19	0.00119479
1	20	0.00187808
1	21	0.00167362
1	22	0.00143377
1	23	0.00119187
1	24	2.08218e-17
1	25	1.40921e-17
1	26	5.19047e-18
1	27	0.00144498
1	28	1.96276e-18
1	29	1.30188e-17
1	30	0.00119456
1	31	0.00227032
1	32	0.00139855
1	33	0.00134017
1	34	0.00144717
1	35	0.00120909
1	36	9.29958e-20
1	37	0.00125307
1	38	0.00119646
1	39	3.34895e-18
1	40	0.00121291
1	41	0.00120655
1	42	0.00125089
1	43	0.00120079
1	44	0.00120069
1	45	0.00122593
1	46	2.26254e-17
1	47	0.00120213
1	48	1.37481e-17
1	49	0.00120274
1	50	0.00130969
1	51	0.00167814
1	52	1.285e-17
1	53	2.67364e-17
1	54	0.00123268
1	55	1.95433e-17
1	56	0.00162597
1	57	0.00151969
1	58	0.00123267
1	59	0.00122039
1	60	0.00143359
1	61	0.00155108
1	62	0.00154622
1	63	1.59376e-20
1	64	0.00125685
1	65	0.00143644
1	66	2.10742e-17
1	67	0.00157189
1	68	0.00169872
1	69	3.44074e-18
1	70	0.00125551
1	71	0.00129437
1	72	0.00119125
2	0	0.00134756
2	1	0.00172415
2	2	0.00158599
2	3	7.017e-19
2	4	2.20207e-18
2	5	0.00147942
2	6	0.00135112
2	7	0.00227605
2	8	0.00180573
2	9	0.00146627
2	10	0.00152897
2	11	0.00196863
2	12	0.00138638
2	13	0.110008
2	14	0.00143608
2	15	0.00203576
2	16	0.00155059
2	17	0.00142742
2	18	2.89981e-17
2	19	0.00135226
2	20	0.00203555
2	21	0.00183109
2	22	0.00159124
2	23	5.46798e-18
2	24	2.26307e-17
2	25	2.36076e-17
2	26	2.49337e-17
2	27	0.00160245
2	28	0.00138234
2	29	0.00174952
2	30	0.00135202
2	31	0.00242779
2	32	0.00155602
2	33	0.00149764
2	34	0.00160464
2	35	0.00136656
2	36	1.89381e-17
2	37	0.00141054
2	38	0.00135393
2	39	1.74566e-17
2	40	0.00137038
2	41	0.00136402
2	42	0.00140836
2	43	2.21001e-17
2	44	0.00135816
2	45	0.0013834
2	46	0.00135273
2	47	0.0013596
2	48	1.56809e-17
2	49	0.00136021
2	50	0.00146716
2	51	0.00183561
2	52	0.00134941
2	53	1.98546e-17
2	54	1.14957e-17
2	55	1.23551e-17
2	56	0.00178344
2	57	0.00167716
2	58	0.00139014
2	59	0.00137786
2	60	0.00159105
2	61	0.00170855
2	62	0.00170369
2	63	5.26535e-18
2	64	0.00141432
2	65	0.00159391
2	66	3.66372e-18
2	67	0.00172936
2	68	0.00185619
2	69	1.32126e-17
2	70	0.00141298
2	71	0.00145184
2	72	1.47354e-17
3	0	2.94657e-17
3	1	2.35806e-17
3	2	1.53049e-18
3	3	2.23585e-18
3	4	2.65603e-17
3	5	1.30644e-17
3	6	6.7766e-19
3	7	1.02664e-17
3	8	1.11429e-17
3	9	1.83147e-17
3	10	2.54512e-17
3	11	2.23488e-17
3	12	2.39502e-17
3	13	2.6975e-18
3	14	2.21661e-17
3	15	3.026e-18
3	16	2.98521e-17
3	17	1.74165e-17
3	18	3.30885e-18
3	19	1.13193e-17
3	20	8.99144e-19
3	21	2.32859e-17
3	22	3.69165e-18
3	23	1.99353e-18
3	24	1.86832e-17
3	25	8.28987e-18
3	26	1.76788e-17
3	27	3.04412e-17
3	28	2.12065e-17
3	29	7.99525e-18
3	30	7.10168e-18
3	31	3.05221e-17
3	32	3.05867e-17
3	33	1.67402e-17
3	34	1.3924e-17
3	35	1.10846e-17
3	36	5.02927e-18
3	37	1.11444e-17
3	38	1.10986e-17
3	39	1.80504e-17
3	40	2.06727e-17
3	41	1.28227e-17
3	42	2.00746e-17
3	43	2.47394e-17
3	44	2.5669e-17
3	45	1.6137e-17
3	46	7.89995e-18
3	47	1.75329e-17
3	48	1.75611e-17
3	49	2.56612e-17
3	50	6.78428e-18
3	51	2.75635e-17
3	52	2.73212e-17
3	53	6.75539e-18
3	54	1.41061e-17
3	55	1.17535e-17
3	56	1.31562e-17
3	57	1.69579e-17
3	58	1.73485e-17
3	59	4.73803e-18
3	60	1.32825e-17
3	61	1.87309e-17
3	62	2.9926e-17
3	63	1.89302e-17
3	64	2.97399e-17
3	65	1.56704e-17
3	66	1.95436e-17
3	67	2.21514e-17
3	68	6.23464e-18
3	69	6.20537e-18
3	70	1.98525e-17
3	71	2.01592e-17
3	72	2.09641e-17
4	0	2.98525e-17
4	1	0.00117451
4	2	0.00103634
4	3	2.43857e-17
4	4	0.000806285
4	5	0.000929773
4	6	1.19694e-17
4	7	0.00172641
4	8	0.00125608
4	9	0.000916619
4	10	0.000979318
4	11	8.16086e-18
4	12	2.72871e-17
4	13	0.109459
4	14	0.000886436
4	15	0.00148611
4	16	0.00100095
4	17	0.000877776
4	18	1.60347e-17
4	19	0.000802613
4	20	0.0014859
4	21	0.00128144
4	22	0.00104159
4	23	0.000799687
4	24	0.000799849
4	25	0.000800592
4	26	9.00752e-19
4	27	0.0010528
4	28	1.91851e-17
4	29	3.46938e-18
4	30	1.47177e-17
4	31	0.00187814
4	32	0.00100637
4	33	1.75529e-18
4	34	0.00105499
4	35	0.000816913
4	36	0.000803608
4	37	0.000860891
4	38	0.000804283
4	39	7.92883e-18
4	40	0.000820729
4	41	0.000814374
4	42	0.000858708
4	43	0.00080861
4	44	0.000808513
4	45	2.57209e-17
4	46	0.000803083
4	47	1.50337e-17
4	48	0.000799222
4	49	0.000810567
4	50	0.000917509
4	51	0.00128596
4	52	1.34693e-17
4	53	2.72269e-17
4	54	2.40708e-18
4	55	2.69614e-17
4	56	0.0012338
4	57	0.00112752
4	58	0.00084049
4	59	0.00082821
4	60	0.00104141
4	61	0.0011589
4	62	2.97637e-17
4	63	2.13775e-17
4	64	1.04077e-17
4	65	0.00104427
4	66	2.55993e-18
4	67	0.00117971
4	68	0.00130655
4	69	0.000803566
4	70	0.000863336
4	71	0.000902193
4	72	0.000799068
5	0	0.00094819
5	1	0.00132478
5	2	0.00118662
5	3	0.000979929
5	4	2.11979e-17
5	5	0.00108005
5	6	0.000951748
5	7	0.00187668
5	8	0.00140636
5	9	0.0010669
5	10	0.00112959
5	11	0.00156926
5	12	0.000987011
5	13	0.109609
5	14	0.00103671
5	15	0.00163639
5	16	0.00115122
5	17	0.00102805
5	18	1.55624e-17
5	19	0.000952889
5	20	0.00163618
5	21	0.00143172
5	22	0.00119187
5	23	0.000949963
5	24	2.47309e-17
5	25	1.73385e-17
5	26	1.5096e-17
5	27	0.00120308
5	28	3.01499e-17
5	29	0.00135014
5	30	0.000952654
5	31	0.00202842
5	32	0.00115665
5	33	0.00109827
5	34	0.00120526
5	35	0.000967189
5	36	7.80122e-18
5	37	0.00101117
5	38	0.000954559
5	39	2.38006e-18
5	40	0.000971005
5	41	0.00096465
5	42	0.00100898
5	43	0.000958886
5	44	0.000958789
5	45	0.000984033
5	46	0.000953359
5	47	0.000960227
5	48	1.68644e-17
5	49	0.000960843
5	50	0.00106779
5	51	0.00143624
5	52	2.07934e-17
5	53	1.36669e-17
5	54	1.24261e-17
5	55	0.000948492
5	56	0.00138407
5	57	0.00127779
5	58	0.000990766
5	59	0.000978486
5	60	0.00119168
5	61	0.00130918
5	62	0.00130432
5	63	1.19862e-17
5	64	0.00101495
5	65	0.00119454
5	66	1.02637e-17
5	67	0.00132999
5	68	0.00145682
5	69	2.59236e-18
5	70	0.00101361
5	71	0.00105247
5	72	2.87076e-17
6	0	0.000484179
6	1	0.000860771
6	2	0.000722606
6	3	0.000515918
6	4	1.10013e-17
6	5	0.000616038
6	6	0.000487737
6	7	0.00141267
6	8	0.000942346
6	9	0.000602884
6	10	0.000665583
6	11	0.00110525
6	12	6.59947e-18
6	13	0.109145
6	14	0.000572702
6	15	0.00117238
6	16	0.000687212
6	17	0.000564041
6	18	2.90812e-17
6	19	0.000488878
6	20	0.00117217
6	21	0.000967705
6	22	0.00072786
6	23	2.43337e-17
6	24	1.56591e-17
6	25	1.59746e-17
6	26	1.1896e-17
6	27	0.000739069
6	28	0.000518953
6	29	1.01273e-17
6	30	0.000488643
6	31	0.0015644
6	32	0.000692638
6	33	0.00063426
6	34	0.000741254
6	35	0.000503178
6	36	0.000489873
6	37	0.000547157
6	38	2.54793e-17
6	39	1.14506e-17
6	40	0.000506994
6	41	2.05426e-17
6	42	0.000544973
6	43	0.000494875
6	44	0.000494778
6	45	0.000520022
6	46	0.000489348
6	47	1.65376e-17
6	48	2.64651e-17
6	49	0.000496832
6	50	0.000603774
6	51	0.000972225
6	52	2.74133e-21
6	53	1.52662e-17
6	54	1.05175e-17
6	55	0.000484481
6	56	0.000920061
6	57	0.000813781
6	58	0.000526755
6	59	1.70666e-17
6	60	0.000727672
6	61	0.000845165
6	62	0.000840309
6	63	7.88269e-18
6	64	0.00055094
6	65	0.00073053
6	66	9.37131e-18
6	67	0.000865979
6	68	0.000992811
6	69	2.08046e-17
6	70	0.000549601
6	71	9.92715e-18
6	72	2.29467e-17
7	0	2.74961e-17
7	1	0.00210634
7	2	0.00196818
7	3	2.52878e-17
7	4	2.95306e-17
7	5	0.00186161
7	6	1.3539e-17
7	7	0.00265824
7	8	0.00218792
7	9	0.00184846
7	10	0.00191116
7	11	0.00235082
7	12	0.00176857
7	13	0.110391
7	14	0.00181827
7	15	0.00241795
7	16	0.00193278
7	17	0.00180961
7	18	1.49716e-17
7	19	0.00173445
7	20	0.00241774
7	21	0.00221328
7	22	0.00197343
7	23	0.00173152
7	24	1.50383e-17
7	25	2.632e-17
7	26	2.3095e-17
7	27	0.00198464
7	28	2.08193e-17
7	29	0.00213171
7	30	0.00173421
7	31	0.00280998
7	32	0.00193821
7	33	0.00187983
7	34	0.00198683
7	35	0.00174875
7	36	4.70563e-18
7	37	0.00179273
7	38	0.00173612
7	39	2.05742e-17
7	40	0.00175257
7	41	0.00174621
7	42	0.00179055
7	43	0.00174045
7	44	0.00174035
7	45	0.00176559
7	46	2.75646e-18
7	47	0.00174179
7	48	1.5897e-17
7	49	0.0017424
7	50	0.00184935
7	51	0.0022178
7	52	1.28578e-17
7	53	2.41548e-17
7	54	0.00177234
7	55	1.85095e-17
7	56	0.00216563
7	57	0.00205935
7	58	0.00177233
7	59	0.00176005
7	60	0.00197324
7	61	0.00209074
7	62	0.00208588
7	63	2.56499e-17
7	64	0.00179651
7	65	0.0019761
7	66	1.80625e-17
7	67	0.00211155
7	68	0.00223838
7	69	1.43768e-17
7	70	0.00179517
7	71	0.00183403
7	72	1.91657e-17
8	0	0.00173017
8	1	0.00210676
8	2	0.00196859
8	3	0.00176191
8	4	0.00173854
8	5	0.00186203
8	6	2.6798e-17
8	7	0.00265866
8	8	0.00218834
8	9	0.00184887
8	10	0.00191157
8	11	0.00235124
8	12	0.00176899
8	13	0.110391
8	14	0.00181869
8	15	0.00241837
8	16	0.0019332
8	17	0.00181003
8	18	2.12266e-17
8	19	0.00173487
8	20	0.00241816
8	21	0.00221369
8	22	0.00197385
8	23	0.00173194
8	24	1.81688e-17
8	25	2.51149e-17
8	26	1.22013e-17
8	27	0.00198506
8	28	3.2847e-19
8	29	0.00213212
8	30	0.00173463
8	31	0.00281039
8	32	0.00193863
8	33	0.00188025
8	34	0.00198724
8	35	0.00174917
8	36	2.21219e-17
8	37	0.00179315
8	38	0.00173654
8	39	2.85666e-17
8	40	0.00175298
8	41	0.00174663
8	42	0.00179096
8	43	0.00174086
8	44	0.00174077
8	45	0.00176601
8	46	1.64141e-17
8	47	0.00174221
8	48	4.2646e-18
8	49	0.00174282
8	50	0.00184976
8	51	0.00221821
8	52	2.15037e-17
8	53	2.24509e-17
8	54	1.15776e-17
8	55	2.16094e-17
8	56	0.00216605
8	57	0.00205977
8	58	0.00177274
8	59	0.00176046
8	60	0.00197366
8	61	0.00209115
8	62	0.0020863
8	63	4.46137e-18
8	64	0.00179693
8	65	0.00197652
8	66	1.96211e-17
8	67	0.00211197
8	68	0.0022388
8	69	9.55653e-18
8	70	0.00179559
8	71	0.00183445
8	72	1.14473e-18
9	0	0.00101021
9	1	0.0013868
9	2	0.00124864
9	3	0.00104195
9	4	1.07194e-17
9	5	0.00114207
9	6	1.21672e-17
9	7	0.0019387
9	8	0.00146838
9	9	0.00112892
9	10	0.00119161
9	11	0.00163128
9	12	0.00104903
9	13	0.109671
9	14	0.00109873
9	15	0.00169841
9	16	0.00121324
9	17	0.00109007
9	18	2.91722e-17
9	19	0.00101491
9	20	0.0016982
9	21	0.00149374
9	22	0.00125389
9	23	5.48704e-18
9	24	2.59824e-17
9	25	0.00101289
9	26	4.25054e-18
9	27	0.0012651
9	28	2.02186e-17
9	29	0.00141216
9	30	0.00101467
9	31	0.00209044
9	32	0.00121867
9	33	0.00116029
9	34	0.00126728
9	35	0.00102921
9	36	4.56592e-18
9	37	0.00107319
9	38	0.00101658
9	39	1.21351e-17
9	40	0.00103302
9	41	0.00102667
9	42	0.001071
9	43	0.00102091
9	44	0.00102081
9	45	0.00104605
9	46	4.3726e-18
9	47	0.00102225
9	48	3.59118e-18
9	49	0.00102286
9	50	0.00112981
9	51	0.00149826
9	52	2.8645e-17
9	53	2.75487e-17
9	54	1.35426e-18
9	55	1.10333e-17
9	56	0.00144609
9	57	0.00133981
9	58	0.00105279
9	59	0.00104051
9	60	0.0012537
9	61	0.0013712
9	62	0.00136634
9	63	2.66034e-17
9	64	0.00107697
9	65	0.00125656
9	66	8.16887e-19
9	67	0.00139201
9	68	0.00151884
9	69	0.00101586
9	70	0.00107563
9	71	0.00111449
9	72	0.00101136
10	0	0.000852365
10	1	0.00122896
10	2	0.00109079
10	3	0.000884104
10	4	0.000860736
10	5	0.000984224
10	6	0.000855923
10	7	0.00178086
10	8	0.00131053
10	9	0.00097107
10	10	0.00103377
10	11	0.00147344
10	12	0.000891186
10	13	0.109513
10	14	0.000940888
10	15	0.00154056
10	16	0.0010554
10	17	0.000932227
10	18	1.52318e-17
10	19	0.000857064
10	20	0.00154035
10	21	0.00133589
10	22	0.00109605
10	23	0.000854138
10	24	1.35497e-17
10	25	0.000855043
10	26	0.000853101
10	27	0.00110726
10	28	5.11891e-18
10	29	0.00125432
10	30	0.000856829
10	31	0.00193259
10	32	0.00106082
10	33	0.00100245
10	34	0.00110944
10	35	0.000871364
10	36	0.00085806
10	37	0.000915343
10	38	0.000858734
10	39	1.03922e-17
10	40	0.00087518
10	41	0.000868825
10	42	0.00091316
10	43	0.000863061
10	44	0.000862964
10	45	0.000888208
10	46	0.000857535
10	47	0.000864402
10	48	8.12749e-18
10	49	0.000865018
10	50	0.00097196
10	51	0.00134041
10	52	2.7131e-17
10	53	2.14579e-17
10	54	1.93976e-18
10	55	7.29045e-18
10	56	0.00128825
10	57	0.00118197
10	58	0.000894941
10	59	0.000882661
10	60	0.00109586
10	61	0.00121335
10	62	0.00120849
10	63	2.43498e-17
10	64	0.000919126
10	65	0.00109872
10	66	1.64679e-17
10	67	0.00123417
10	68	0.001361
10	69	0.000858017
10	70	0.000917787
10	71	0.000956645
10	72	2.21339e-17
11	0	1.36687e-17
11	1	0.00247134
11	2	0.00233317
11	3	6.76914e-18
11	4	1.90909e-17
11	5	0.0022266
11	6	2.69262e-17
11	7	0.00302324
11	8	0.00255291
11	9	1.52416e-17
11	10	0.00227615
11	11	9.96272e-18
11	12	1.9041e-17
11	13	0.110756
11	14	0.00218327
11	15	0.00278294
11	16	0.00229778
11	17	1.28229e-17
11	18	2.31242e-17
11	19	8.63345e-18
11	20	0.00278273
11	21	0.00257827
11	22	0.00233842
11	23	2.47179e-17
11	24	1.06907e-17
11	25	3.84199e-18
11	26	1.91643e-17
11	27	0.00234963
11	28	1.6505e-17
11	29	8.27053e-18
11	30	2.42022e-17
11	31	0.00317497
11	32	0.0023032
11	33	0.00224482
11	34	0.00235182
11	35	0.00211374
11	36	1.14613e-17
11	37	0.00215772
11	38	2.59448e-17
11	39	2.1919e-17
11	40	1.37151e-18
11	41	1.27237e-17
11	42	0.00215554
11	43	6.65666e-18
11	44	2.91376e-17
11	45	0.00213059
11	46	1.11386e-17
11	47	2.49907e-17
11	48	8.39694e-18
11	49	2.20107e-17
11	50	1.80299e-17
11	51	0.00258279
11	52	2.6194e-17
11	53	8.36829e-20
11	54	9.86105e-19
11	55	3.00681e-18
11	56	2.0954e-20
11	57	1.48039e-17
11	58	2.63983e-17
11	59	1.2267e-17
11	60	0.00233824
11	61	0.00245573
11	62	0.00245087
11	63	2.89584e-17
11	64	5.6466e-18
11	65	0.00234109
11	66	2.83689e-17
11	67	0.00247654
11	68	0.00260338
11	69	2.25567e-17
11	70	0.00216017
11	71	0.00219902
11	72	4.64802e-18
12	0	3.66216e-18
12	1	0.00112784
12	2	0.00098967
12	3	8.05432e-18
12	4	7.19856e-18
12	5	0.000883102
12	6	0.000754802
12	7	0.00167974
12	8	0.00120941
12	9	0.000869949
12	10	0.000932648
12	11	5.93859e-18
12	12	0.000790065
12	13	0.109412
12	14	0.000839766
12	15	0.00143944
12	16	0.000954276
12	17	0.000831106
12	18	8.51851e-18
12	19	0.000755942
12	20	0.00143923
12	21	0.00123477
12	22	0.000994924
12	23	0.000753017
12	24	6.75318e-18
12	25	1.01428e-17
12	26	1.18158e-17
12	27	0.00100613
12	28	1.27984e-17
12	29	1.02071e-17
12	30	0.000755707
12	31	0.00183147
12	32	0.000959702
12	33	0.000901325
12	34	0.00100832
12	35	0.000770243
12	36	7.25355e-18
12	37	0.000814221
12	38	0.000757612
12	39	1.44939e-17
12	40	0.000774058
12	41	2.04267e-17
12	42	0.000812038
12	43	0.00076194
12	44	0.000761843
12	45	0.000787086
12	46	7.57419e-18
12	47	0.000763281
12	48	1.56559e-17
12	49	0.000763896
12	50	0.000870839
12	51	0.00123929
12	52	3.73006e-18
12	53	1.2969e-17
12	54	5.17571e-18
12	55	1.09656e-17
12	56	0.00118713
12	57	0.00108085
12	58	0.000793819
12	59	1.64278e-17
12	60	0.000994737
12	61	0.00111223
12	62	0.00110737
12	63	2.61308e-17
12	64	1.8154e-17
12	65	0.000997595
12	66	2.034e-17
12	67	0.00113304
12	68	0.00125988
12	69	1.26361e-17
12	70	0.000816665
12	71	0.000855523
12	72	2.66315e-17
13	0	5.48044e-18
13	1	0.0525455
13	2	0.0524074
13	3	7.84868e-18
13	4	2.71751e-17
13	5	0.0523008
13	6	2.74862e-17
13	7	0.0530974
13	8	0.0526271
13	9	0.0522877
13	10	0.0523504
13	11	0.05279
13	12	0.0522078
13	13	0.16083
13	14	0.0522575
13	15	0.0528572
13	16	0.052372
13	17	0.0522488
13	18	2.94006e-17
13	19	0.0521737
13	20	0.0528569
13	21	0.0526525
13	22	0.0524126
13	23	1.3553e-17
13	24	1.34409e-17
13	25	5.54221e-18
13	26	2.05838e-17
13	27	0.0524238
13	28	9.81248e-18
13	29	0.0525709
13	30	0.0521734
13	31	0.0532492
13	32	0.0523774
13	33	0.052319
13	34	0.052426
13	35	0.052188
13	36	3.54231e-18
13	37	0.0522319
13	38	0.0521753
13	39	2.75935e-17
13	40	0.0521918
13	41	0.0521854
13	42	0.0522297
13	43	2.81922e-17
13	44	0.0521796
13	45	1.60501e-18
13	46	0.0521741
13	47	0.052181
13	48	2.63116e-17
13	49	0.0521816
13	50	0.0522885
13	51	0.052657
13	52	5.9156e-18
13	53	2.28732e-17
13	54	1.55044e-17
13	55	0.0521693
13	56	0.0526048
13	57	0.0524986
13	58	0.0522115
13	59	0.0521993
13	60	0.0524124
13	61	0.0525299
13	62	0.0525251
13	63	6.6387e-18
13	64	0.0522357
13	65	0.0524153
13	66	2.35815e-17
13	67	0.0525508
13	68	0.0526776
13	69	7.83583e-18
13	70	0.0522344
13	71	0.0522732
13	72	2.85815e-17
14	0	0.000795716
14	1	0.00117231
14	2	0.00103414
14	3	0.000827455
14	4	0.000804087
14	5	0.000927575
14	6	1.507e-17
14	7	0.00172421
14	8	0.00125388
14	9	0.000914421
14	10	0.00097712
14	11	0.00141679
14	12	0.000834537
14	13	0.109457
14	14	0.000884238
14	15	0.00148391
14	16	0.000998749
14	17	0.000875578
14	18	2.41607e-17
14	19	0.000800415
14	20	0.00148371
14	21	0.00127924
14	22	0.0010394
14	23	0.000797489
14	24	0.000797651
14	25	0.000798393
14	26	0.000796452
14	27	0.00105061
14	28	2.28208e-17
14	29	0.00119767
14	30	0.00080018
14	31	0.00187594
14	32	0.00100417
14	33	0.000945797
14	34	0.00105279
14	35	0.000814715
14	36	0.00080141
14	37	0.000858693
14	38	0.000802085
14	39	2.26967e-17
14	40	0.000818531
14	41	0.000812176
14	42	0.00085651
14	43	0.000806412
14	44	0.000806315
14	45	0.000831559
14	46	0.000800885
14	47	0.000807753
14	48	1.36233e-17
14	49	0.000808369
14	50	0.000915311
14	51	0.00128376
14	52	0.000797564
14	53	2.30355e-17
14	54	1.40003e-17
14	55	0.000796018
14	56	0.0012316
14	57	0.00112532
14	58	0.000838292
14	59	0.000826012
14	60	0.00103921
14	61	0.0011567
14	62	0.00115185
14	63	1.34309e-17
14	64	0.000862477
14	65	0.00104207
14	66	9.07657e-18
14	67	0.00117752
14	68	0.00130435
14	69	0.000801368
14	70	0.000861138
14	71	0.000899995
14	72	0.00079687
15	0	0.00174679
15	1	0.00212338
15	2	0.00198522
15	3	0.00177853
15	4	0.00175516
15	5	0.00187865
15	6	1.78411e-17
15	7	0.00267528
15	8	0.00220496
15	9	0.00186549
15	10	0.00192819
15	11	0.00236786
15	12	0.00178561
15	13	0.110408
15	14	0.00183531
15	15	0.00243499
15	16	0.00194982
15	17	0.00182665
15	18	1.68015e-17
15	19	0.00175149
15	20	0.00243478
15	21	0.00223032
15	22	0.00199047
15	23	0.00174856
15	24	1.43707e-17
15	25	0.00174947
15	26	1.78776e-17
15	27	0.00200168
15	28	1.74886e-17
15	29	0.00214874
15	30	0.00175125
15	31	0.00282701
15	32	0.00195525
15	33	0.00189687
15	34	0.00200386
15	35	0.00176579
15	36	8.74953e-18
15	37	0.00180977
15	38	0.00175316
15	39	2.35368e-17
15	40	0.0017696
15	41	0.00176325
15	42	0.00180758
15	43	0.00175749
15	44	0.00175739
15	45	0.00178263
15	46	9.4699e-18
15	47	0.00175883
15	48	7.18424e-18
15	49	0.00175944
15	50	0.00186638
15	51	0.00223484
15	52	0.00174864
15	53	1.73999e-17
15	54	6.51293e-18
15	55	1.41768e-17
15	56	0.00218267
15	57	0.00207639
15	58	0.00178937
15	59	0.00177709
15	60	0.00199028
15	61	0.00210778
15	62	0.00210292
15	63	2.5713e-17
15	64	0.00181355
15	65	0.00199314
15	66	2.10981e-17
15	67	0.00212859
15	68	0.00225542
15	69	8.72259e-18
15	70	0.00181221
15	71	0.00185107
15	72	9.22402e-18
16	0	1.33379e-17
16	1	0.00146074
16	2	0.00132258
16	3	0.00111589
16	4	2.09171e-17
16	5	0.00121601
16	6	0.00108771
16	7	0.00201264
16	8	0.00154232
16	9	0.00120286
16	10	0.00126555
16	11	0.00170522
16	12	0.00112297
16	13	0.109745
16	14	0.00117267
16	15	0.00177235
16	16	0.00128718
16	17	0.00116401
16	18	2.64166e-17
16	19	0.00108885
16	20	0.00177214
16	21	0.00156768
16	22	0.00132783
16	23	0.00108592
16	24	2.55251e-17
16	25	2.16669e-17
16	26	0.00108489
16	27	0.00133904
16	28	1.90247e-17
16	29	0.00148611
16	30	0.00108861
16	31	0.00216438
16	32	0.00129261
16	33	0.00123423
16	34	0.00134123
16	35	0.00110315
16	36	0.00108984
16	37	0.00114713
16	38	0.00109052
16	39	2.72675e-17
16	40	0.00110697
16	41	1.91956e-17
16	42	0.00114494
16	43	0.00109485
16	44	0.00109475
16	45	0.00111999
16	46	2.24729e-17
16	47	0.00109619
16	48	2.0406e-17
16	49	0.0010968
16	50	0.00120375
16	51	0.0015722
16	52	1.69958e-17
16	53	1.66541e-17
16	54	3.06414e-17
16	55	0.00108445
16	56	0.00152003
16	57	0.00141375
16	58	0.00112673
16	59	0.00111445
16	60	0.00132764
16	61	0.00144514
16	62	0.00144028
16	63	6.7236e-18
16	64	0.00115091
16	65	0.0013305
16	66	9.40274e-18
16	67	0.00146595
16	68	0.00159278
16	69	2.90333e-17
16	70	0.00114957
16	71	0.00118843
16	72	8.71516e-18
17	0	0.00114018
17	1	0.00151677
17	2	0.00137861
17	3	0.00117192
17	4	2.2276e-17
17	5	0.00127204
17	6	0.00114374
17	7	0.00206867
17	8	0.00159835
17	9	0.00125888
17	10	0.00132158
17	11	0.00176125
17	12	0.001179
17	13	0.109801
17	14	0.0012287
17	15	0.00182838
17	16	0.00134321
17	17	0.00122004
17	18	1.82339e-17
17	19	0.00114488
17	20	0.00182817
17	21	0.00162371
17	22	0.00138386
17	23	0.00114195
17	24	0.00114211
17	25	1.87392e-17
17	26	6.02122e-18
17	27	0.00139507
17	28	2.00322e-18
17	29	0.00154213
17	30	0.00114464
17	31	0.0022204
17	32	0.00134864
17	33	0.00129026
17	34	0.00139725
17	35	0.00115918
17	36	0.00114587
17	37	0.00120316
17	38	0.00114655
17	39	1.465e-17
17	40	0.00116299
17	41	0.00115664
17	42	0.00120097
17	43	0.00115088
17	44	0.00115078
17	45	0.00117602
17	46	0.00114535
17	47	0.00115222
17	48	1.35581e-17
17	49	0.00115283
17	50	0.00125977
17	51	0.00162823
17	52	3.07062e-17
17	53	7.84312e-18
17	54	0.00118277
17	55	0.00114048
17	56	0.00157606
17	57	0.00146978
17	58	0.00118276
17	59	0.00117048
17	60	0.00138367
17	61	0.00150117
17	62	0.00149631
17	63	2.13248e-17
17	64	0.00120694
17	65	0.00138653
17	66	1.62705e-17
17	67	0.00152198
17	68	0.00164881
17	69	3.06442e-17
17	70	0.0012056
17	71	0.00124446
17	72	9.20595e-18
18	0	1.10457e-05
18	1	1.842e-17
18	2	0.000249472
18	3	2.62598e-18
18	4	1.51941e-17
18	5	1.82499e-17
18	6	1.46039e-05
18	7	8.42599e-19
18	8	1.5109e-17
18	9	6.61445e-18
18	10	0.00019245
18	11	1.83107e-17
18	12	3.35723e-18
18	13	2.16137e-17
18	14	2.40489e-17
18	15	1.45314e-18
18	16	0.000214079
18	17	9.09079e-05
18	18	1.01621e-17
18	19	1.57444e-05
18	20	2.64099e-17
18	21	2.11533e-17
18	22	0.000254726
18	23	1.02669e-17
18	24	2.17452e-17
18	25	1.49468e-17
18	26	9.93166e-18
18	27	5.93036e-18
18	28	4.58199e-05
18	29	3.40007e-18
18	30	3.59127e-19
18	31	0.00109127
18	32	2.59268e-17
18	33	6.9671e-18
18	34	0.00026812
18	35	3.00449e-05
18	36	7.36921e-18
18	37	9.56842e-18
18	38	2.90232e-17
18	39	2.00487e-17
18	40	6.80078e-18
18	41	4.66862e-18
18	42	4.20649e-18
18	43	1.41048e-17
18	44	7.69101e-18
18	45	8.25001e-18
18	46	7.57471e-18
18	47	2.53302e-17
18	48	5.09014e-18
18	49	5.02493e-18
18	50	2.38564e-17
18	51	1.0693e-17
18	52	1.1392e-17
18	53	3.9173e-18
18	54	2.27322e-17
18	55	1.94714e-18
18	56	2.90597e-17
18	57	2.6846e-17
18	58	1.50349e-18
18	59	2.39378e-17
18	60	0.000254539
18	61	3.0426e-18
18	62	1.22237e-17
18	63	2.28955e-17
18	64	1.52879e-18
18	65	0.000257397
18	66	3.35969e-18
18	67	0.000392846
18	68	3.71369e-18
18	69	2.19379e-17
18	70	7.64673e-05
18	71	3.0146e-18
18	72	2.30329e-17
19	0	0.000460158
19	1	0.00083675
19	2	0.000698585
19	3	0.000491897
19	4	2.88604e-17
19	5	0.000592017
19	6	0.000463716
19	7	0.00138865
19	8	0.000918325
19	9	0.000578863
19	10	0.000641562
19	11	0.00108123
19	12	0.000498979
19	13	0.109121
19	14	0.000548681
19	15	0.00114836
19	16	0.000663191
19	17	0.00054002
19	18	4.21996e-18
19	19	0.000464857
19	20	0.00114815
19	21	0.000943684
19	22	0.000703839
19	23	0.000461931
19	24	1.05593e-17
19	25	1.35258e-17
19	26	0.000460894
19	27	0.000715048
19	28	0.000494932
19	29	0.000862113
19	30	0.000464622
19	31	0.00154038
19	32	0.000668617
19	33	0.000610239
19	34	0.000717233
19	35	0.000479157
19	36	1.0275e-17
19	37	0.000523136
19	38	0.000466527
19	39	1.08227e-17
19	40	0.000482973
19	41	1.1043e-17
19	42	0.000520952
19	43	0.000470854
19	44	0.000470757
19	45	0.000496001
19	46	0.000465328
19	47	0.000472195
19	48	2.35445e-17
19	49	9.88683e-18
19	50	0.000579753
19	51	0.000948204
19	52	2.94529e-17
19	53	2.05046e-17
19	54	2.39263e-17
19	55	0.00046046
19	56	0.00089604
19	57	0.00078976
19	58	0.000502734
19	59	0.000490454
19	60	0.000703651
19	61	0.000821144
19	62	0.000816288
19	63	2.53109e-17
19	64	0.000526919
19	65	0.000706509
19	66	7.89952e-19
19	67	0.000841958
19	68	0.00096879
19	69	5.07881e-18
19	70	0.00052558
19	71	0.000564438
19	72	0.000461312
20	0	1.02392e-17
20	1	0.0023587
20	2	0.00222054
20	3	7.33467e-18
20	4	0.00199048
20	5	0.00211397
20	6	0.00198567
20	7	0.0029106
20	8	0.00244028
20	9	0.00210081
20	10	0.00216351
20	11	0.00260318
20	12	0.00202093
20	13	0.110643
20	14	0.00207063
20	15	0.00267031
20	16	0.00218514
20	17	0.00206197
20	18	1.55865e-18
20	19	0.00198681
20	20	0.0026701
20	21	0.00246563
20	22	0.00222579
20	23	0.00198388
20	24	1.92979e-17
20	25	0.00198479
20	26	7.405e-18
20	27	0.002237
20	28	1.05884e-17
20	29	0.00238406
20	30	0.00198657
20	31	0.00306233
20	32	0.00219057
20	33	0.00213219
20	34	0.00223918
20	35	0.00200111
20	36	2.86952e-17
20	37	0.00204509
20	38	0.00198848
20	39	2.98035e-17
20	40	0.00200492
20	41	0.00199857
20	42	0.0020429
20	43	0.0019928
20	44	2.06723e-17
20	45	0.00201795
20	46	7.35189e-18
20	47	0.00199415
20	48	6.24807e-18
20	49	0.00199476
20	50	0.0021017
20	51	0.00247015
20	52	2.68939e-18
20	53	5.43238e-19
20	54	1.29638e-17
20	55	1.50688e-17
20	56	0.00241799
20	57	0.00231171
20	58	0.00202468
20	59	0.0020124
20	60	0.0022256
20	61	0.00234309
20	62	0.00233824
20	63	2.78186e-17
20	64	0.00204887
20	65	0.00222846
20	66	2.99192e-17
20	67	0.00236391
20	68	0.00249074
20	69	2.82248e-17
20	70	0.00204753
20	71	0.00208639
20	72	2.44012e-17
21	0	0.00187629
21	1	0.00225288
21	2	0.00211472
21	3	0.00190803
21	4	0.00188466
21	5	0.00200815
21	6	0.00187985
21	7	0.00280479
21	8	0.00233446
21	9	0.001995
21	10	0.0020577
21	11	0.00249736
21	12	0.00191511
21	13	0.110537
21	14	0.00196481
21	15	0.00256449
21	16	0.00207932
21	17	0.00195615
21	18	1.50457e-17
21	19	0.00188099
21	20	0.00256428
21	21	0.00235982
21	22	0.00211997
21	23	0.00187807
21	24	2.43272e-17
21	25	0.00187897
21	26	2.23042e-17
21	27	0.00213118
21	28	2.63798e-17
21	29	0.00227825
21	30	0.00188076
21	31	0.00295652
21	32	0.00208475
21	33	0.00202637
21	34	0.00213337
21	35	0.00189529
21	36	1.90097e-17
21	37	0.00193927
21	38	0.00188266
21	39	2.25913e-17
21	40	0.00189911
21	41	1.12475e-18
21	42	0.00193709
21	43	0.00188699
21	44	0.00188689
21	45	0.00191213
21	46	5.95461e-18
21	47	0.00188833
21	48	3.03047e-18
21	49	0.00188894
21	50	0.00199589
21	51	0.00236434
21	52	1.27608e-17
21	53	2.74006e-17
21	54	0.00191888
21	55	2.61916e-17
21	56	0.00231217
21	57	0.00220589
21	58	0.00191887
21	59	0.00190659
21	60	0.00211979
21	61	0.00223728
21	62	0.00223242
21	63	2.50823e-17
21	64	0.00194305
21	65	0.00212264
21	66	1.32383e-17
21	67	0.00225809
21	68	0.00238492
21	69	1.24449e-17
21	70	0.00194171
21	71	0.00198057
21	72	2.46969e-17
22	0	0.00104805
22	1	0.00142464
22	2	0.00128647
22	3	0.00107978
22	4	0.00105642
22	5	0.0011799
22	6	9.68256e-18
22	7	0.00197654
22	8	0.00150621
22	9	0.00116675
22	10	0.00122945
22	11	0.00166912
22	12	0.00108687
22	13	0.109709
22	14	0.00113657
22	15	0.00173624
22	16	0.00125108
22	17	0.00112791
22	18	1.79153e-17
22	19	0.00105274
22	20	0.00173604
22	21	0.00153157
22	22	0.00129173
22	23	0.00104982
22	24	1.74582e-17
22	25	9.90274e-18
22	26	0.00104878
22	27	0.00130294
22	28	0.00108282
22	29	0.00145
22	30	0.00105251
22	31	0.00212827
22	32	0.0012565
22	33	0.00119813
22	34	0.00130512
22	35	0.00106704
22	36	0.00105374
22	37	0.00111102
22	38	0.00105441
22	39	1.81848e-17
22	40	0.00107086
22	41	0.00106451
22	42	0.00110884
22	43	0.00105874
22	44	0.00105864
22	45	0.00108389
22	46	0.00105321
22	47	0.00106008
22	48	1.13205e-18
22	49	0.0010607
22	50	0.00116764
22	51	0.00153609
22	52	2.70669e-17
22	53	1.2165e-17
22	54	0.00109063
22	55	3.00271e-17
22	56	0.00148393
22	57	0.00137765
22	58	0.00109062
22	59	0.00107834
22	60	0.00129154
22	61	0.00140903
22	62	0.00140418
22	63	2.07341e-17
22	64	0.00111481
22	65	0.0012944
22	66	1.42603e-17
22	67	0.00142985
22	68	0.00155668
22	69	0.0010537
22	70	0.00111347
22	71	0.00115232
22	72	1.83985e-18
23	0	7.39061e-18
23	1	0.00107192
23	2	0.000933755
23	3	0.000727067
23	4	0.000703699
23	5	0.000827187
23	6	9.00242e-18
23	7	0.00162382
23	8	0.0011535
23	9	0.000814033
23	10	0.000876732
23	11	0.0013164
23	12	0.000734149
23	13	0.109356
23	14	0.000783851
23	15	0.00138353
23	16	0.000898361
23	17	0.00077519
23	18	1.00669e-20
23	19	0.000700027
23	20	0.00138332
23	21	0.00117885
23	22	0.000939009
23	23	0.000697101
23	24	0.000697263
23	25	0.000698006
23	26	0.000696064
23	27	0.000950218
23	28	1.55869e-17
23	29	2.3981e-17
23	30	0.000699792
23	31	0.00177555
23	32	0.000903787
23	33	0.000845409
23	34	0.000952403
23	35	0.000714327
23	36	0.000701023
23	37	0.000758306
23	38	0.000701697
23	39	2.18821e-17
23	40	0.000718143
23	41	0.000711788
23	42	0.000756122
23	43	2.80927e-17
23	44	0.000705927
23	45	0.000731171
23	46	0.000700498
23	47	5.37199e-18
23	48	1.88239e-17
23	49	0.000707981
23	50	0.000814923
23	51	0.00118337
23	52	0.000697177
23	53	4.56949e-18
23	54	2.869e-17
23	55	1.11462e-17
23	56	0.00113121
23	57	0.00102493
23	58	0.000737904
23	59	0.000725624
23	60	0.000938821
23	61	0.00105631
23	62	0.00105146
23	63	0.000695577
23	64	1.02159e-17
23	65	0.000941679
23	66	2.55364e-17
23	67	0.00107713
23	68	0.00120396
23	69	0.00070098
23	70	0.00076075
23	71	0.000799608
23	72	0.000696482
24	0	1.34429e-17
24	1	0.000848111
24	2	0.000709945
24	3	2.27747e-17
24	4	0.00047989
24	5	0.000603377
24	6	2.08269e-17
24	7	0.00140001
24	8	0.000929686
24	9	0.000590223
24	10	0.000652923
24	11	2.25193e-17
24	12	1.02692e-17
24	13	0.109132
24	14	0.000560041
24	15	0.00115972
24	16	0.000674551
24	17	0.000551381
24	18	1.69767e-17
24	19	0.000476217
24	20	0.00115951
24	21	0.000955044
24	22	0.000715199
24	23	0.000473291
24	24	0.000473453
24	25	0.000474196
24	26	1.84807e-17
24	27	0.000726408
24	28	1.16854e-17
24	29	1.92372e-17
24	30	3.12572e-18
24	31	0.00155174
24	32	0.000679977
24	33	1.57279e-18
24	34	0.000728593
24	35	0.000490518
24	36	0.000477213
24	37	0.000534496
24	38	0.000477887
24	39	9.68698e-18
24	40	0.000494333
24	41	0.000487979
24	42	0.000532313
24	43	1.02788e-17
24	44	1.49932e-17
24	45	9.33245e-18
24	46	2.9411e-17
24	47	1.34932e-17
24	48	1.7314e-17
24	49	0.000484171
24	50	0.000591114
24	51	0.000959564
24	52	2.61161e-17
24	53	1.74717e-17
24	54	1.72433e-17
24	55	1.5072e-17
24	56	0.0009074
24	57	0.00080112
24	58	1.24654e-17
24	59	0.000501814
24	60	0.000715011
24	61	0.000832504
24	62	0.000827648
24	63	1.53299e-17
24	64	1.54434e-17
24	65	0.000717869
24	66	1.94871e-18
24	67	0.000853318
24	68	0.00098015
24	69	0.00047717
24	70	0.00053694
24	71	0.000575798
24	72	0.000472672
25	0	2.88874e-17
25	1	0.000934195
25	2	0.000796029
25	3	1.45233e-17
25	4	0.000565974
25	5	0.000689461
25	6	1.65123e-17
25	7	0.0014861
25	8	0.00101577
25	9	0.000676308
25	10	0.000739007
25	11	8.99132e-18
25	12	1.4804e-17
25	13	0.109218
25	14	0.000646125
25	15	0.0012458
25	16	0.000760635
25	17	0.000637465
25	18	1.76218e-17
25	19	0.000562301
25	20	0.00124559
25	21	0.00104113
25	22	0.000801283
25	23	0.000559375
25	24	0.000559537
25	25	0.00056028
25	26	2.72349e-17
25	27	0.000812493
25	28	7.48184e-18
25	29	1.55251e-17
25	30	2.01724e-17
25	31	0.00163783
25	32	1.6632e-17
25	33	0.000707684
25	34	0.000814677
25	35	0.000576602
25	36	0.000563297
25	37	1.98146e-17
25	38	0.000563971
25	39	7.35347e-19
25	40	1.52988e-17
25	41	0.000574063
25	42	0.000618397
25	43	0.000568298
25	44	5.90194e-18
25	45	2.39976e-17
25	46	0.000562772
25	47	2.46416e-17
25	48	1.81199e-17
25	49	0.000570255
25	50	0.000677198
25	51	0.00104565
25	52	2.84694e-17
25	53	1.93192e-17
25	54	5.10535e-18
25	55	1.93616e-17
25	56	1.37589e-17
25	57	0.000887204
25	58	5.21033e-18
25	59	0.000587899
25	60	0.000801095
25	61	0.000918588
25	62	2.99119e-17
25	63	0.000557851
25	64	3.01223e-17
25	65	0.000803954
25	66	2.262e-17
25	67	0.000939402
25	68	0.00106623
25	69	0.000563254
25	70	0.000623024
25	71	0.000661882
25	72	0.000558756
26	0	0.000698287
26	1	0.00107488
26	2	0.000936714
26	3	6.04933e-18
26	4	1.16974e-17
26	5	0.000830146
26	6	0.000701845
26	7	0.00162678
26	8	0.00115645
26	9	0.000816992
26	10	0.000879691
26	11	2.80554e-17
26	12	1.32111e-17
26	13	0.109359
26	14	0.000786809
26	15	0.00138649
26	16	0.00090132
26	17	0.000778149
26	18	1.59018e-17
26	19	0.000702985
26	20	0.00138628
26	21	0.00118181
26	22	0.000941967
26	23	2.05437e-17
26	24	2.74294e-17
26	25	7.50844e-18
26	26	0.000699023
26	27	0.000953177
26	28	2.39917e-17
26	29	1.38248e-17
26	30	0.00070275
26	31	0.00177851
26	32	0.000906746
26	33	0.000848368
26	34	0.000955362
26	35	3.92033e-18
26	36	2.88901e-17
26	37	0.000761264
26	38	1.03788e-17
26	39	8.05548e-18
26	40	0.000721102
26	41	2.73434e-18
26	42	0.000759081
26	43	2.57036e-17
26	44	0.000708886
26	45	2.75963e-17
26	46	1.93737e-17
26	47	1.82328e-18
26	48	2.07668e-17
26	49	9.87902e-18
26	50	0.000817882
26	51	0.00118633
26	52	1.74169e-17
26	53	1.35261e-17
26	54	1.92764e-17
26	55	1.2476e-17
26	56	2.44095e-17
26	57	0.00102789
26	58	0.000740862
26	59	0.000728583
26	60	0.00094178
26	61	0.00105927
26	62	0.00105442
26	63	1.37921e-17
26	64	2.8779e-17
26	65	0.000944638
26	66	2.20249e-17
26	67	0.00108009
26	68	0.00120692
26	69	1.96292e-17
26	70	0.000763708
26	71	0.000802566
26	72	6.27086e-18
27	0	0.00122992
27	1	0.00160651
27	2	0.00146835
27	3	0.00126166
27	4	0.00123829
27	5	0.00136178
27	6	2.05662e-17
27	7	0.00215841
27	8	0.00168809
27	9	0.00134862
27	10	0.00141132
27	11	0.00185099
27	12	0.00126874
27	13	0.109891
27	14	0.00131844
27	15	0.00191812
27	16	0.00143295
27	17	0.00130978
27	18	1.76725e-17
27	19	0.00123462
27	20	0.00191791
27	21	0.00171345
27	22	0.0014736
27	23	0.00123169
27	24	1.17931e-17
27	25	0.0012326
27	26	8.04139e-18
27	27	0.00148481
27	28	2.84822e-17
27	29	0.00163187
27	30	0.00123438
27	31	0.00231014
27	32	0.00143838
27	33	0.00138
27	34	0.00148699
27	35	0.00124892
27	36	2.85544e-17
27	37	0.0012929
27	38	0.00123629
27	39	9.38365e-18
27	40	0.00125273
27	41	0.00124638
27	42	0.00129071
27	43	0.00124062
27	44	0.00124052
27	45	0.00126576
27	46	0.00123509
27	47	0.00124196
27	48	2.07069e-17
27	49	0.00124257
27	50	0.00134951
27	51	0.00171797
27	52	1.86021e-17
27	53	2.65848e-17
27	54	3.88668e-18
27	55	4.1108e-18
27	56	0.0016658
27	57	0.00155952
27	58	0.00127249
27	59	0.00126022
27	60	0.00147341
27	61	0.00159091
27	62	0.00158605
27	63	2.75053e-18
27	64	0.00129668
27	65	0.00147627
27	66	1.38773e-17
27	67	0.00161172
27	68	0.00173855
27	69	0.00123557
27	70	0.00129534
27	71	0.0013342
27	72	1.5666e-17
28	0	4.88587e-19
28	1	5.5715e-18
28	2	2.2624e-18
28	3	2.06979e-17
28	4	1.18529e-17
28	5	2.85653e-17
28	6	3.946e-05
28	7	2.01131e-17
28	8	1.52785e-17
28	9	2.73889e-17
28	10	1.4899e-17
28	11	1.95665e-17
28	12	1.2895e-17
28	13	1.02488e-17
28	14	9.51852e-18
28	15	2.04544e-17
28	16	0.000238935
28	17	3.57783e-18
28	18	4.22082e-18
28	19	2.6969e-17
28	20	7.11683e-18
28	21	8.85088e-18
28	22	0.000279582
28	23	1.78705e-17
28	24	1.46054e-17
28	25	1.15044e-17
28	26	8.14487e-19
28	27	8.1119e-18
28	28	1.40566e-19
28	29	2.29743e-17
28	30	5.14827e-18
28	31	1.9225e-17
28	32	2.88681e-17
28	33	2.47182e-18
28	34	2.34778e-17
28	35	5.49009e-05
28	36	8.05947e-18
28	37	3.04397e-18
28	38	6.59687e-19
28	39	1.26555e-17
28	40	7.38344e-19
28	41	1.35163e-17
28	42	2.90139e-17
28	43	1.25906e-17
28	44	2.73633e-17
28	45	7.24142e-18
28	46	7.97077e-18
28	47	1.93506e-17
28	48	6.87208e-19
28	49	1.19979e-17
28	50	1.14348e-17
28	51	1.2309e-17
28	52	2.14014e-17
28	53	5.98484e-19
28	54	1.83713e-17
28	55	1.9664e-17
28	56	3.07486e-18
28	57	1.6312e-17
28	58	2.90931e-17
28	59	1.68716e-18
28	60	0.000279395
28	61	0.000396888
28	62	2.52057e-18
28	63	1.07072e-17
28	64	1.91677e-17
28	65	0.000282253
28	66	8.73098e-18
28	67	0.000417702
28	68	4.73059e-18
28	69	2.74685e-17
28	70	2.1125e-17
28	71	2.21167e-17
28	72	2.58465e-17
29	0	2.17267e-17
29	1	0.00209552
29	2	0.00195736
29	3	0.00175067
29	4	1.37609e-17
29	5	0.00185079
29	6	2.45824e-17
29	7	0.00264742
29	8	0.0021771
29	9	2.98067e-17
29	10	0.00190034
29	11	6.45083e-18
29	12	2.94229e-17
29	13	0.11038
29	14	7.76538e-18
29	15	2.88345e-17
29	16	0.00192196
29	17	0.00179879
29	18	1.09482e-17
29	19	0.00172363
29	20	0.00240692
29	21	0.00220246
29	22	0.00196261
29	23	1.14109e-17
29	24	2.26864e-17
29	25	1.561e-17
29	26	1.12017e-17
29	27	3.03729e-17
29	28	2.42464e-17
29	29	0.00212089
29	30	2.35031e-17
29	31	0.00279916
29	32	0.00192739
29	33	1.57729e-17
29	34	0.00197601
29	35	0.00173793
29	36	7.50373e-18
29	37	5.75343e-18
29	38	1.85218e-17
29	39	6.7645e-18
29	40	9.06262e-18
29	41	1.83079e-17
29	42	0.00177973
29	43	2.95017e-17
29	44	5.63253e-18
29	45	0.00175477
29	46	1.03052e-17
29	47	2.22725e-17
29	48	1.52691e-17
29	49	1.66576e-18
29	50	2.08923e-17
29	51	0.00220698
29	52	1.31931e-17
29	53	2.81536e-17
29	54	2.61549e-17
29	55	1.77441e-17
29	56	0.00215481
29	57	0.00204853
29	58	0.00176151
29	59	1.12134e-17
29	60	0.00196242
29	61	0.00207992
29	62	9.52586e-18
29	63	1.38791e-17
29	64	1.11958e-17
29	65	0.00196528
29	66	2.94278e-17
29	67	0.00210073
29	68	0.00222756
29	69	1.70832e-17
29	70	0.00178435
29	71	2.68359e-17
29	72	1.75424e-17
30	0	0.000620254
30	1	0.000996846
30	2	0.000858681
30	3	0.000651993
30	4	1.47434e-17
30	5	0.000752113
30	6	0.000623812
30	7	0.00154875
30	8	0.00107842
30	9	0.000738959
30	10	0.000801658
30	11	0.00124133
30	12	5.3396e-18
30	13	0.109281
30	14	0.000708777
30	15	0.00130845
30	16	0.000823287
30	17	0.000700116
30	18	1.15413e-17
30	19	0.000624953
30	20	0.00130824
30	21	0.00110378
30	22	0.000863935
30	23	2.67122e-18
30	24	1.89072e-17
30	25	1.94004e-17
30	26	0.00062099
30	27	0.000875144
30	28	3.11047e-19
30	29	1.34893e-17
30	30	0.000624718
30	31	0.00170048
30	32	0.000828713
30	33	0.000770335
30	34	0.000877329
30	35	0.000639253
30	36	8.54907e-18
30	37	0.000683232
30	38	0.000626623
30	39	4.33993e-18
30	40	0.000643069
30	41	9.14702e-18
30	42	0.000681048
30	43	1.28999e-17
30	44	0.000630853
30	45	0.000656097
30	46	1.51507e-17
30	47	0.000632291
30	48	1.8012e-17
30	49	2.65889e-17
30	50	0.000739849
30	51	0.0011083
30	52	1.90073e-17
30	53	1.17211e-17
30	54	4.77435e-18
30	55	1.08374e-17
30	56	0.00105614
30	57	0.000949856
30	58	0.00066283
30	59	0.00065055
30	60	0.000863747
30	61	0.00098124
30	62	0.000976384
30	63	2.63521e-18
30	64	0.000687015
30	65	0.000866605
30	66	3.01486e-17
30	67	0.00100205
30	68	0.00112889
30	69	0.000625906
30	70	0.000685676
30	71	0.000724533
30	72	1.3148e-17
31	0	0.00209966
31	1	0.00247625
31	2	0.00233809
31	3	2.18392e-17
31	4	6.2797e-18
31	5	0.00223152
31	6	1.85651e-17
31	7	0.00302816
31	8	0.00255783
31	9	0.00221837
31	10	0.00228107
31	11	0.00272074
31	12	0.00213848
31	13	0.110761
31	14	0.00218818
31	15	0.00278786
31	16	0.0023027
31	17	0.00217952
31	18	1.49068e-17
31	19	0.00210436
31	20	0.00278765
31	21	0.00258319
31	22	0.00234334
31	23	0.00210144
31	24	1.97971e-17
31	25	0.00210234
31	26	1.42179e-17
31	27	0.00235455
31	28	0.00213444
31	29	0.00250162
31	30	0.00210413
31	31	0.00317989
31	32	0.00230812
31	33	0.00224974
31	34	0.00235674
31	35	0.00211866
31	36	5.93136e-18
31	37	0.00216264
31	38	0.00210603
31	39	2.93227e-17
31	40	0.00212248
31	41	0.00211612
31	42	0.00216046
31	43	0.00211036
31	44	0.00211026
31	45	0.00213551
31	46	2.4198e-17
31	47	0.0021117
31	48	1.80211e-17
31	49	0.00211232
31	50	0.00221926
31	51	0.00258771
31	52	2.19777e-17
31	53	1.56816e-17
31	54	2.47262e-17
31	55	2.91163e-17
31	56	0.00253554
31	57	0.00242926
31	58	0.00214224
31	59	0.00212996
31	60	0.00234316
31	61	0.00246065
31	62	0.00245579
31	63	5.49681e-18
31	64	0.00216642
31	65	0.00234601
31	66	2.6646e-17
31	67	0.00248146
31	68	0.00260829
31	69	1.48535e-17
31	70	0.00216508
31	71	0.00220394
31	72	2.95889e-17
32	0	0.00113388
32	1	0.00151047
32	2	0.00137231
32	3	0.00116562
32	4	4.83324e-18
32	5	0.00126574
32	6	0.00113744
32	7	0.00206237
32	8	0.00159205
32	9	0.00125258
32	10	0.00131528
32	11	0.00175495
32	12	0.0011727
32	13	0.109795
32	14	0.0012224
32	15	0.00182208
32	16	0.00133691
32	17	0.00121374
32	18	4.08187e-18
32	19	0.00113858
32	20	0.00182187
32	21	0.0016174
32	22	0.00137756
32	23	0.00113565
32	24	1.06301e-17
32	25	0.00113656
32	26	0.00113461
32	27	0.00138877
32	28	1.71612e-17
32	29	0.00153583
32	30	0.00113834
32	31	0.0022141
32	32	0.00134234
32	33	0.00128396
32	34	0.00139095
32	35	0.00115288
32	36	0.00113957
32	37	0.00119686
32	38	0.00114025
32	39	2.54486e-17
32	40	0.00115669
32	41	0.00115034
32	42	0.00119467
32	43	0.00114457
32	44	0.00114448
32	45	1.83596e-17
32	46	2.18429e-17
32	47	0.00114592
32	48	5.68445e-18
32	49	0.00114653
32	50	0.00125347
32	51	0.00162192
32	52	1.97817e-17
32	53	9.71993e-18
32	54	3.13744e-18
32	55	7.11298e-18
32	56	0.00156976
32	57	0.00146348
32	58	0.00117645
32	59	0.00116417
32	60	0.00137737
32	61	0.00149486
32	62	0.00149001
32	63	1.44107e-17
32	64	0.00120064
32	65	0.00138023
32	66	7.12549e-18
32	67	0.00151568
32	68	0.00164251
32	69	0.00113953
32	70	0.0011993
32	71	0.00123816
32	72	9.43695e-18
33	0	0.000998816
33	1	0.00137541
33	2	0.00123724
33	3	0.00103055
33	4	4.97518e-19
33	5	0.00113067
33	6	0.00100237
33	7	0.00192731
33	8	0.00145698
33	9	0.00111752
33	10	0.00118022
33	11	0.00161989
33	12	0.00103764
33	13	0.10966
33	14	0.00108734
33	15	0.00168701
33	16	0.00120185
33	17	0.00107868
33	18	2.06752e-17
33	19	0.00100351
33	20	0.00168681
33	21	0.00148234
33	22	0.0012425
33	23	2.81631e-17
33	24	2.28606e-17
33	25	0.00100149
33	26	1.63607e-17
33	27	0.00125371
33	28	2.18303e-17
33	29	0.00140077
33	30	0.00100328
33	31	0.00207904
33	32	0.00120727
33	33	0.0011489
33	34	0.00125589
33	35	0.00101782
33	36	0.00100451
33	37	0.00106179
33	38	0.00100518
33	39	2.33513e-17
33	40	0.00102163
33	41	1.31214e-17
33	42	0.00105961
33	43	0.00100951
33	44	0.00100942
33	45	0.00103466
33	46	0.00100399
33	47	0.00101085
33	48	2.66851e-17
33	49	0.00101147
33	50	0.00111841
33	51	0.00148686
33	52	1.0909e-17
33	53	2.46185e-18
33	54	1.98063e-17
33	55	0.000999118
33	56	0.0014347
33	57	0.00132842
33	58	0.00104139
33	59	0.00102911
33	60	0.00124231
33	61	0.0013598
33	62	0.00135495
33	63	2.62173e-17
33	64	0.00106558
33	65	0.00124517
33	66	3.51159e-18
33	67	0.00138062
33	68	0.00150745
33	69	1.3545e-19
33	70	0.00106424
33	71	0.0011031
33	72	8.21104e-18
34	0	0.00118528
34	1	0.00156188
34	2	0.00142371
34	3	0.00121702
34	4	3.03818e-17
34	5	0.00131714
34	6	3.38877e-19
34	7	0.00211378
34	8	0.00164345
34	9	0.00130399
34	10	0.00136669
34	11	0.00180636
34	12	0.0012241
34	13	0.109846
34	14	0.00127381
34	15	0.00187348
34	16	0.00138832
34	17	0.00126515
34	18	1.6946e-17
34	19	0.00118998
34	20	0.00187327
34	21	0.00166881
34	22	0.00142896
34	23	0.00118706
34	24	2.69434e-17
34	25	2.19529e-17
34	26	0.00118602
34	27	0.00144017
34	28	3.01972e-17
34	29	1.54925e-17
34	30	0.00118975
34	31	0.00226551
34	32	0.00139374
34	33	0.00133536
34	34	0.00144236
34	35	0.00120428
34	36	0.00119098
34	37	0.00124826
34	38	1.67339e-17
34	39	2.90667e-17
34	40	0.0012081
34	41	2.06006e-18
34	42	0.00124608
34	43	5.25722e-18
34	44	0.00119588
34	45	0.00122113
34	46	8.1705e-18
34	47	0.00119732
34	48	5.7597e-18
34	49	0.00119794
34	50	0.00130488
34	51	0.00167333
34	52	2.71764e-17
34	53	1.99585e-18
34	54	1.66585e-17
34	55	6.46744e-18
34	56	0.00162116
34	57	0.00151488
34	58	0.00122786
34	59	0.00121558
34	60	0.00142878
34	61	0.00154627
34	62	0.00154141
34	63	2.13762e-17
34	64	0.00125204
34	65	0.00143163
34	66	2.96914e-17
34	67	0.00156708
34	68	0.00169391
34	69	5.94471e-19
34	70	0.0012507
34	71	0.00128956
34	72	3.06517e-17
35	0	0.000710851
35	1	0.00108744
35	2	0.000949278
35	3	0.00074259
35	4	0.000719223
35	5	0.00084271
35	6	0.00071441
35	7	0.00163934
35	8	0.00116902
35	9	0.000829556
35	10	0.000892256
35	11	0.00133192
35	12	0.000749672
35	13	0.109372
35	14	0.000799374
35	15	0.00139905
35	16	0.000913884
35	17	0.000790714
35	18	1.03475e-18
35	19	0.00071555
35	20	0.00139884
35	21	0.00119438
35	22	0.000954532
35	23	0.000712624
35	24	0.000712786
35	25	1.86959e-17
35	26	0.000711587
35	27	0.000965741
35	28	0.000745626
35	29	1.13383e-17
35	30	0.000715315
35	31	0.00179108
35	32	0.00091931
35	33	0.000860932
35	34	0.000967926
35	35	0.00072985
35	36	2.03837e-17
35	37	0.000773829
35	38	0.00071722
35	39	9.38419e-18
35	40	0.000733666
35	41	2.35916e-17
35	42	0.000771646
35	43	6.08753e-18
35	44	0.000721451
35	45	0.000746694
35	46	0.000716021
35	47	0.000722888
35	48	8.38287e-18
35	49	0.000723504
35	50	0.000830447
35	51	0.0011989
35	52	1.43328e-17
35	53	2.46721e-17
35	54	3.92577e-18
35	55	0.000711154
35	56	0.00114673
35	57	0.00104045
35	58	0.000753427
35	59	0.000741147
35	60	0.000954344
35	61	0.00107184
35	62	0.00106698
35	63	1.84843e-17
35	64	0.000777612
35	65	0.000957202
35	66	3.06215e-17
35	67	0.00109265
35	68	0.00121948
35	69	4.56818e-18
35	70	0.000776273
35	71	0.000815131
35	72	1.13571e-17
36	0	2.86525e-17
36	1	0.00106029
36	2	0.000922125
36	3	1.664e-17
36	4	0.000692069
36	5	0.000815557
36	6	1.85692e-18
36	7	0.00161219
36	8	0.00114187
36	9	0.000802403
36	10	0.000865102
36	11	0.00130477
36	12	0.000722519
36	13	0.109345
36	14	0.000772221
36	15	0.0013719
36	16	0.000886731
36	17	0.00076356
36	18	2.91501e-17
36	19	0.000688397
36	20	0.00137169
36	21	0.00116722
36	22	0.000927379
36	23	0.000685471
36	24	0.000685633
36	25	0.000686376
36	26	4.13249e-18
36	27	0.000938588
36	28	1.33342e-17
36	29	1.35258e-17
36	30	0.000688162
36	31	0.00176392
36	32	0.000892157
36	33	0.000833779
36	34	0.000940773
36	35	0.000702697
36	36	0.000689392
36	37	0.000746676
36	38	0.000690067
36	39	2.69316e-17
36	40	0.000706513
36	41	0.000700158
36	42	0.000744492
36	43	0.000694394
36	44	0.000694297
36	45	8.66792e-18
36	46	0.000688867
36	47	2.16078e-17
36	48	1.41101e-17
36	49	0.000696351
36	50	0.000803293
36	51	0.00117174
36	52	1.19498e-17
36	53	2.77989e-17
36	54	2.97074e-17
36	55	2.19704e-17
36	56	0.00111958
36	57	0.0010133
36	58	0.000726274
36	59	0.000713994
36	60	0.000927191
36	61	0.00104468
36	62	2.35564e-17
36	63	8.10677e-18
36	64	8.96964e-19
36	65	0.000930049
36	66	5.35538e-18
36	67	0.0010655
36	68	0.00119233
36	69	0.00068935
36	70	0.00074912
36	71	0.000787977
36	72	2.67918e-17
37	0	0.00129917
37	1	0.00167577
37	2	0.0015376
37	3	0.00133091
37	4	2.16738e-17
37	5	0.00143103
37	6	0.00130273
37	7	0.00222767
37	8	0.00175734
37	9	0.00141788
37	10	0.00148058
37	11	0.00192025
37	12	0.00133799
37	13	0.10996
37	14	0.0013877
37	15	0.00198737
37	16	0.00150221
37	17	0.00137904
37	18	8.1167e-18
37	19	0.00130387
37	20	0.00198716
37	21	0.0017827
37	22	0.00154285
37	23	0.00130095
37	24	0.00130111
37	25	0.00130185
37	26	0.00129991
37	27	0.00155406
37	28	1.65365e-17
37	29	3.50529e-18
37	30	0.00130364
37	31	0.0023794
37	32	0.00150763
37	33	0.00144925
37	34	0.00155625
37	35	0.00131817
37	36	9.17298e-19
37	37	0.00136215
37	38	0.00130554
37	39	2.22348e-17
37	40	0.00132199
37	41	0.00131563
37	42	0.00135997
37	43	8.37739e-18
37	44	0.00130977
37	45	0.00133502
37	46	1.02718e-17
37	47	0.00131121
37	48	1.58753e-17
37	49	0.00131183
37	50	0.00141877
37	51	0.00178722
37	52	2.44566e-17
37	53	2.50354e-17
37	54	1.87827e-17
37	55	1.39152e-18
37	56	0.00173505
37	57	0.00162877
37	58	0.00134175
37	59	0.00132947
37	60	0.00154267
37	61	0.00166016
37	62	0.0016553
37	63	1.49687e-19
37	64	0.00136593
37	65	0.00154552
37	66	8.29295e-18
37	67	0.00168097
37	68	0.0018078
37	69	0.00130482
37	70	0.00136459
37	71	0.00140345
37	72	2.31846e-19
38	0	0.000582259
38	1	0.000958852
38	2	0.000820686
38	3	3.31304e-18
38	4	0.000590631
38	5	0.000714118
38	6	1.27372e-17
38	7	0.00151075
38	8	0.00104043
38	9	0.000700964
38	10	0.000763664
38	11	0.00120333
38	12	0.00062108
38	13	0.109243
38	14	0.000670782
38	15	0.00127046
38	16	0.000785292
38	17	0.000662122
38	18	1.39111e-17
38	19	0.000586958
38	20	0.00127025
38	21	0.00106579
38	22	0.00082594
38	23	0.000584032
38	24	2.21138e-17
38	25	0.000584937
38	26	2.39523e-17
38	27	0.00083715
38	28	1.85099e-17
38	29	2.13957e-17
38	30	0.000586723
38	31	0.00166248
38	32	0.000790718
38	33	0.000732341
38	34	0.000839334
38	35	0.000601259
38	36	1.16545e-17
38	37	0.000645237
38	38	0.000588628
38	39	2.18929e-17
38	40	0.000605074
38	41	0.00059872
38	42	0.000643054
38	43	0.000592955
38	44	0.000592859
38	45	0.000618102
38	46	0.000587429
38	47	0.000594297
38	48	2.61293e-17
38	49	0.000594912
38	50	0.000701855
38	51	0.00107031
38	52	0.000584108
38	53	2.82935e-17
38	54	6.17738e-18
38	55	1.63327e-17
38	56	0.00101814
38	57	0.000911861
38	58	0.000624835
38	59	0.000612556
38	60	0.000825752
38	61	0.000943245
38	62	0.000938389
38	63	1.12364e-17
38	64	4.47325e-19
38	65	0.000828611
38	66	1.78226e-18
38	67	0.000964059
38	68	0.00109089
38	69	1.64724e-17
38	70	0.000647681
38	71	0.000686539
38	72	0.000583413
39	0	1.727e-17
39	1	1.28741e-17
39	2	9.36223e-18
39	3	1.78098e-17
39	4	1.67656e-17
39	5	1.12042e-17
39	6	2.50898e-17
39	7	0.00183934
39	8	0.00136901
39	9	0.00102955
39	10	2.21165e-17
39	11	1.83512e-17
39	12	1.17125e-17
39	13	0.109572
39	14	0.000999369
39	15	1.18767e-18
39	16	0.00111388
39	17	2.40126e-17
39	18	1.33606e-17
39	19	4.07887e-18
39	20	0.00159884
39	21	0.00139437
39	22	0.00115453
39	23	0.00091262
39	24	0.000912781
39	25	0.000913524
39	26	2.00996e-17
39	27	0.00116574
39	28	2.951e-17
39	29	2.15993e-17
39	30	2.38924e-17
39	31	0.00199107
39	32	8.74557e-18
39	33	3.02328e-17
39	34	2.25099e-17
39	35	0.000929846
39	36	2.48651e-17
39	37	0.000973824
39	38	0.000917215
39	39	3.1223e-18
39	40	1.14193e-18
39	41	0.000927307
39	42	0.000971641
39	43	1.55086e-17
39	44	0.000921446
39	45	1.46673e-17
39	46	2.04199e-17
39	47	2.2597e-17
39	48	3.27655e-18
39	49	0.000923499
39	50	0.00103044
39	51	3.9759e-19
39	52	1.16538e-17
39	53	7.3483e-18
39	54	1.157e-17
39	55	2.8884e-17
39	56	1.40659e-17
39	57	0.00124045
39	58	4.85399e-18
39	59	0.000941143
39	60	0.00115434
39	61	0.00127183
39	62	4.80838e-18
39	63	1.88072e-17
39	64	2.43319e-17
39	65	0.0011572
39	66	4.23176e-18
39	67	0.00129265
39	68	0.00141948
39	69	0.000916498
39	70	0.000976268
39	71	6.7384e-18
39	72	1.58514e-17
40	0	0.000895834
40	1	0.00127243
40	2	0.00113426
40	3	4.03593e-18
40	4	0.000904205
40	5	0.00102769
40	6	0.000899392
40	7	0.00182433
40	8	0.001354
40	9	0.00101454
40	10	0.00107724
40	11	0.00151691
40	12	0.000934655
40	13	0.109557
40	14	0.000984357
40	15	0.00158403
40	16	0.00109887
40	17	0.000975696
40	18	1.9419e-17
40	19	0.000900533
40	20	0.00158382
40	21	0.00137936
40	22	0.00113951
40	23	0.000897607
40	24	2.67148e-17
40	25	1.87454e-17
40	26	2.87822e-17
40	27	0.00115072
40	28	1.20862e-17
40	29	1.41792e-17
40	30	0.000900298
40	31	0.00197606
40	32	0.00110429
40	33	0.00104592
40	34	0.00115291
40	35	0.000914833
40	36	9.75726e-18
40	37	0.000958812
40	38	0.000902203
40	39	2.39232e-17
40	40	0.000918649
40	41	0.000912294
40	42	0.000956628
40	43	0.00090653
40	44	0.000906433
40	45	0.000931677
40	46	0.000901003
40	47	0.000907871
40	48	2.18317e-17
40	49	0.000908487
40	50	0.00101543
40	51	0.00138388
40	52	1.26863e-17
40	53	1.83578e-17
40	54	0.000938422
40	55	0.000896136
40	56	0.00133172
40	57	0.00122544
40	58	0.00093841
40	59	0.00092613
40	60	0.00113933
40	61	0.00125682
40	62	0.00125196
40	63	2.0003e-17
40	64	0.000962595
40	65	0.00114219
40	66	1.91688e-17
40	67	0.00127763
40	68	0.00140447
40	69	8.37784e-19
40	70	0.000961256
40	71	0.00100011
40	72	1.72514e-17
41	0	5.72116e-18
41	1	0.00124402
41	2	0.00110585
41	3	2.83493e-17
41	4	0.000875796
41	5	0.000999283
41	6	5.69156e-18
41	7	0.00179592
41	8	0.00132559
41	9	0.000986129
41	10	0.00104883
41	11	0.0014885
41	12	0.000906245
41	13	0.109528
41	14	0.000955947
41	15	0.00155562
41	16	0.00107046
41	17	0.000947287
41	18	1.96048e-17
41	19	0.000872123
41	20	0.00155541
41	21	0.00135095
41	22	0.0011111
41	23	0.000869197
41	24	0.000869359
41	25	0.000870102
41	26	7.99117e-18
41	27	0.00112231
41	28	2.121e-17
41	29	2.53161e-17
41	30	0.000871888
41	31	0.00194765
41	32	0.00107588
41	33	0.00101751
41	34	0.0011245
41	35	0.000886424
41	36	0.000873119
41	37	0.000930402
41	38	0.000873793
41	39	1.71683e-17
41	40	0.000890239
41	41	0.000883885
41	42	0.000928219
41	43	0.00087812
41	44	0.000878024
41	45	0.000903267
41	46	0.000872594
41	47	0.000879461
41	48	0.000868732
41	49	0.000880077
41	50	0.00098702
41	51	0.00135547
41	52	2.84522e-17
41	53	2.83782e-17
41	54	5.63799e-18
41	55	8.62263e-18
41	56	0.00130331
41	57	0.00119703
41	58	0.00091
41	59	0.00089772
41	60	0.00111092
41	61	0.00122841
41	62	0.00122355
41	63	3.53984e-18
41	64	1.21276e-17
41	65	0.00111378
41	66	3.03116e-17
41	67	0.00124922
41	68	0.00137606
41	69	0.000873076
41	70	0.000932846
41	71	0.000971704
41	72	0.000868578
42	0	0.000664093
42	1	0.00104069
42	2	0.00090252
42	3	3.75059e-18
42	4	0.000672465
42	5	0.000795952
42	6	0.000667652
42	7	0.00159259
42	8	0.00112226
42	9	0.000782798
42	10	0.000845498
42	11	0.00128517
42	12	0.000702914
42	13	0.109325
42	14	0.000752616
42	15	0.00135229
42	16	0.000867126
42	17	0.000743956
42	18	2.12753e-17
42	19	0.000668792
42	20	0.00135208
42	21	0.00114762
42	22	0.000907774
42	23	0.000665866
42	24	0.000666028
42	25	0.000666771
42	26	0.00066483
42	27	0.000918983
42	28	1.8635e-17
42	29	2.52221e-17
42	30	0.000668557
42	31	0.00174432
42	32	0.000872552
42	33	0.000814175
42	34	0.000921168
42	35	0.000683093
42	36	0.000669788
42	37	0.000727071
42	38	0.000670462
42	39	1.65284e-17
42	40	0.000686908
42	41	0.000680554
42	42	0.000724888
42	43	0.000674789
42	44	0.000674693
42	45	0.000699936
42	46	0.000669263
42	47	0.00067613
42	48	2.24906e-17
42	49	0.000676746
42	50	0.000783689
42	51	0.00115214
42	52	0.000665942
42	53	1.56477e-17
42	54	7.74595e-18
42	55	1.10395e-17
42	56	0.00109998
42	57	0.000993695
42	58	0.000706669
42	59	0.000694389
42	60	0.000907586
42	61	0.00102508
42	62	0.00102022
42	63	1.22461e-17
42	64	0.000730855
42	65	0.000910444
42	66	0.000910155
42	67	0.00104589
42	68	0.00117272
42	69	0.000669745
42	70	0.000729515
42	71	0.000768373
42	72	0.000665247
43	0	2.90829e-19
43	1	0.00116441
43	2	0.00102624
43	3	6.65065e-18
43	4	2.94165e-17
43	5	0.000919675
43	6	4.04737e-18
43	7	0.00171631
43	8	0.00124598
43	9	0.000906521
43	10	0.000969221
43	11	4.14068e-18
43	12	0.000826637
43	13	0.109449
43	14	0.000876339
43	15	0.00147602
43	16	0.000990849
43	17	0.000867679
43	18	1.27508e-17
43	19	0.000792515
43	20	0.00147581
43	21	0.00127134
43	22	0.0010315
43	23	0.000789589
43	24	8.12214e-18
43	25	1.55002e-17
43	26	7.81931e-18
43	27	0.00104271
43	28	1.99648e-17
43	29	1.0825e-18
43	30	0.00079228
43	31	0.00186804
43	32	0.000996275
43	33	0.000937898
43	34	0.00104489
43	35	0.000806816
43	36	6.78843e-18
43	37	2.99751e-17
43	38	1.84481e-17
43	39	4.5659e-18
43	40	0.000810631
43	41	2.02269e-17
43	42	0.000848611
43	43	0.000798512
43	44	0.000798416
43	45	0.000823659
43	46	2.4658e-17
43	47	2.15276e-18
43	48	1.17509e-17
43	49	2.84395e-17
43	50	0.000907412
43	51	0.00127586
43	52	1.97774e-17
43	53	2.46096e-17
43	54	1.90597e-17
43	55	2.12812e-17
43	56	0.0012237
43	57	0.00111742
43	58	0.000830392
43	59	2.55996e-18
43	60	0.00103131
43	61	0.0011488
43	62	3.28593e-18
43	63	2.44848e-17
43	64	2.74039e-17
43	65	0.00103417
43	66	2.52776e-17
43	67	0.00116962
43	68	0.00129645
43	69	2.86958e-17
43	70	0.000853238
43	71	0.000892096
43	72	0.00078897
44	0	0.000886225
44	1	0.00126282
44	2	0.00112465
44	3	0.000917964
44	4	2.68203e-18
44	5	0.00101808
44	6	2.95764e-17
44	7	0.00181472
44	8	0.00134439
44	9	0.00100493
44	10	0.00106763
44	11	0.0015073
44	12	0.000925046
44	13	0.109547
44	14	0.000974748
44	15	0.00157442
44	16	0.00108926
44	17	0.000966088
44	18	6.0433e-18
44	19	0.000890924
44	20	0.00157422
44	21	0.00136975
44	22	0.00112991
44	23	0.000887998
44	24	2.4653e-17
44	25	1.24758e-17
44	26	0.000886962
44	27	0.00114112
44	28	2.38412e-17
44	29	4.37556e-18
44	30	0.000890689
44	31	0.00196645
44	32	0.00109468
44	33	0.00103631
44	34	0.0011433
44	35	0.000905225
44	36	0.00089192
44	37	0.000949203
44	38	0.000892594
44	39	1.91639e-17
44	40	0.00090904
44	41	1.49038e-18
44	42	0.00094702
44	43	0.000896921
44	44	0.000896825
44	45	0.000922068
44	46	1.46333e-17
44	47	0.000898262
44	48	2.80767e-17
44	49	0.000898878
44	50	0.00100582
44	51	0.00137427
44	52	5.2945e-18
44	53	2.10974e-17
44	54	2.82409e-17
44	55	2.37874e-17
44	56	0.00132211
44	57	0.00121583
44	58	0.000928801
44	59	0.000916521
44	60	0.00112972
44	61	0.00124721
44	62	0.00124236
44	63	9.88802e-18
44	64	0.000952987
44	65	0.00113258
44	66	6.96296e-18
44	67	0.00126803
44	68	0.00139486
44	69	2.29463e-17
44	70	0.000951647
44	71	0.000990505
44	72	0.000887379
45	0	1.08711e-18
45	1	0.00130442
45	2	0.00116626
45	3	2.18156e-17
45	4	2.75304e-17
45	5	0.00105969
45	6	0.000931388
45	7	0.00185632
45	8	0.001386
45	9	0.00104654
45	10	0.00110923
45	11	8.5275e-18
45	12	4.4927e-18
45	13	0.109589
45	14	0.00101635
45	15	0.00161603
45	16	0.00113086
45	17	0.00100769
45	18	4.20036e-18
45	19	0.000932529
45	20	0.00161582
45	21	0.00141136
45	22	0.00117151
45	23	1.59021e-17
45	24	8.33074e-18
45	25	2.71074e-17
45	26	1.88001e-17
45	27	0.00118272
45	28	2.69341e-17
45	29	6.79806e-18
45	30	0.000932294
45	31	0.00200806
45	32	0.00113629
45	33	1.82452e-17
45	34	0.0011849
45	35	0.000946829
45	36	1.80423e-17
45	37	0.000990808
45	38	2.18311e-17
45	39	5.72789e-18
45	40	0.000950645
45	41	2.59238e-17
45	42	0.000988624
45	43	1.67445e-17
45	44	6.64092e-18
45	45	0.000963673
45	46	2.89516e-17
45	47	3.32225e-18
45	48	2.3647e-17
45	49	3.84176e-18
45	50	0.00104743
45	51	8.27831e-18
45	52	1.70388e-17
45	53	1.68427e-17
45	54	5.11176e-18
45	55	3.42252e-20
45	56	2.41659e-17
45	57	1.49182e-17
45	58	3.68741e-18
45	59	2.59738e-17
45	60	0.00117132
45	61	0.00128882
45	62	0.00128396
45	63	2.01046e-17
45	64	2.7742e-17
45	65	0.00117418
45	66	1.93291e-17
45	67	0.00130963
45	68	0.00143646
45	69	2.30756e-17
45	70	0.000993252
45	71	0.00103211
45	72	1.42507e-17
46	0	2.16806e-17
46	1	0.00107266
46	2	0.000934497
46	3	8.57953e-18
46	4	0.000704441
46	5	0.000827929
46	6	2.16628e-17
46	7	0.00162456
46	8	0.00115424
46	9	0.000814775
46	10	0.000877474
46	11	2.79073e-17
46	12	0.000734891
46	13	0.109357
46	14	0.000784592
46	15	0.00138427
46	16	0.000899103
46	17	0.000775932
46	18	1.45671e-17
46	19	0.000700769
46	20	0.00138406
46	21	0.0011796
46	22	0.00093975
46	23	0.000697843
46	24	4.54715e-18
46	25	1.42872e-17
46	26	9.10562e-18
46	27	0.00095096
46	28	1.00654e-17
46	29	7.39698e-18
46	30	1.2523e-17
46	31	0.0017763
46	32	0.000904529
46	33	0.000846151
46	34	0.000953145
46	35	0.000715069
46	36	0.000701764
46	37	0.000759047
46	38	0.000702439
46	39	1.98303e-17
46	40	0.000718885
46	41	0.00071253
46	42	0.000756864
46	43	0.000706766
46	44	7.01775e-18
46	45	0.000731913
46	46	0.000701239
46	47	1.06203e-17
46	48	1.66732e-17
46	49	0.000708723
46	50	0.000815665
46	51	0.00118412
46	52	1.78872e-17
46	53	1.96114e-17
46	54	2.17256e-17
46	55	1.36383e-17
46	56	1.76645e-17
46	57	0.00102567
46	58	1.12375e-17
46	59	0.000726366
46	60	0.000939563
46	61	0.00105706
46	62	1.70559e-17
46	63	4.26005e-18
46	64	1.66354e-17
46	65	0.000942421
46	66	2.9612e-17
46	67	0.00107787
46	68	0.0012047
46	69	0.000701722
46	70	0.000761492
46	71	0.000800349
46	72	0.000697224
47	0	0.00105879
47	1	0.00143538
47	2	0.00129722
47	3	0.00109053
47	4	2.01945e-17
47	5	0.00119065
47	6	0.00106235
47	7	0.00198728
47	8	0.00151696
47	9	0.0011775
47	10	0.0012402
47	11	0.00167986
47	12	0.00109761
47	13	0.10972
47	14	0.00114731
47	15	0.00174699
47	16	0.00126182
47	17	0.00113865
47	18	1.02351e-17
47	19	0.00106349
47	20	0.00174678
47	21	0.00154232
47	22	0.00130247
47	23	0.00106056
47	24	7.7464e-18
47	25	2.60839e-17
47	26	2.74992e-17
47	27	0.00131368
47	28	4.14756e-18
47	29	0.00146075
47	30	0.00106325
47	31	0.00213902
47	32	0.00126725
47	33	0.00120887
47	34	0.00131587
47	35	0.00107779
47	36	1.77253e-17
47	37	0.00112177
47	38	0.00106516
47	39	1.1227e-17
47	40	0.00108161
47	41	9.7698e-18
47	42	0.00111959
47	43	4.34774e-18
47	44	0.00106939
47	45	0.00109463
47	46	2.06104e-17
47	47	0.00107083
47	48	3.02376e-17
47	49	0.00107144
47	50	0.00117839
47	51	0.00154684
47	52	9.72267e-18
47	53	3.77608e-18
47	54	0.00110138
47	55	5.60842e-18
47	56	0.00149467
47	57	0.00138839
47	58	0.00110137
47	59	0.00108909
47	60	0.00130228
47	61	0.00141978
47	62	0.00141492
47	63	1.20073e-17
47	64	0.00112555
47	65	0.00130514
47	66	9.83744e-18
47	67	0.00144059
47	68	0.00156742
47	69	1.81316e-17
47	70	0.00112421
47	71	0.00116307
47	72	7.04254e-18
48	0	2.97546e-17
48	1	2.54388e-17
48	2	2.03844e-17
48	3	2.3865e-17
48	4	1.94969e-17
48	5	1.41729e-17
48	6	2.37421e-17
48	7	0.00169428
48	8	0.00122396
48	9	2.45033e-17
48	10	0.000947195
48	11	2.45971e-17
48	12	2.06227e-17
48	13	0.109427
48	14	0.000854313
48	15	0.00145399
48	16	0.000968823
48	17	0.000845653
48	18	2.33397e-17
48	19	4.17226e-18
48	20	0.00145378
48	21	1.46405e-17
48	22	1.61946e-17
48	23	1.72037e-17
48	24	0.000767725
48	25	5.40087e-18
48	26	4.92477e-18
48	27	0.00102068
48	28	1.87194e-17
48	29	1.11785e-17
48	30	5.22602e-18
48	31	0.00184602
48	32	0.000974249
48	33	1.95962e-17
48	34	1.18368e-17
48	35	0.00078479
48	36	0.000771485
48	37	3.72334e-18
48	38	0.000772159
48	39	2.14489e-18
48	40	0.000788605
48	41	4.54301e-18
48	42	0.000826585
48	43	1.00817e-17
48	44	2.104e-17
48	45	2.55318e-17
48	46	1.00327e-17
48	47	2.2316e-17
48	48	1.71296e-17
48	49	0.000778443
48	50	0.000885386
48	51	0.00125384
48	52	2.61483e-18
48	53	7.1118e-18
48	54	2.23544e-17
48	55	2.58141e-17
48	56	7.38905e-18
48	57	0.00109539
48	58	2.10051e-17
48	59	0.000796087
48	60	0.00100928
48	61	2.24029e-17
48	62	2.85062e-17
48	63	1.87334e-17
48	64	2.024e-17
48	65	0.00101214
48	66	6.96644e-18
48	67	0.00114759
48	68	1.88555e-17
48	69	2.56135e-17
48	70	0.000831212
48	71	2.86423e-18
48	72	1.47311e-17
49	0	1.34848e-17
49	1	0.0011088
49	2	0.000970634
49	3	0.000763946
49	4	0.000740578
49	5	0.000864066
49	6	1.72021e-17
49	7	0.0016607
49	8	0.00119037
49	9	0.000850912
49	10	0.000913611
49	11	1.65943e-17
49	12	0.000771028
49	13	0.109393
49	14	0.000820729
49	15	0.00142041
49	16	0.00093524
49	17	0.000812069
49	18	3.55866e-18
49	19	0.000736906
49	20	0.0014202
49	21	0.00121573
49	22	0.000975887
49	23	0.00073398
49	24	0.000734142
49	25	0.000734884
49	26	1.25549e-17
49	27	0.000987097
49	28	2.69561e-17
49	29	0.00113416
49	30	0.000736671
49	31	0.00181243
49	32	0.000940666
49	33	0.000882288
49	34	0.000989282
49	35	0.000751206
49	36	0.000737901
49	37	0.000795184
49	38	0.000738576
49	39	1.22112e-17
49	40	0.000755022
49	41	0.000748667
49	42	0.000793001
49	43	0.000742903
49	44	0.000742806
49	45	0.00076805
49	46	0.000737376
49	47	2.4974e-17
49	48	1.36225e-17
49	49	0.00074486
49	50	0.000851802
49	51	0.00122025
49	52	1.98697e-17
49	53	2.82579e-17
49	54	9.0642e-18
49	55	1.47214e-17
49	56	0.00116809
49	57	0.00106181
49	58	0.000774783
49	59	0.000762503
49	60	0.0009757
49	61	0.00109319
49	62	0.00108834
49	63	0.000732455
49	64	0.000798968
49	65	0.000978558
49	66	1.73217e-17
49	67	0.00111401
49	68	0.00124084
49	69	0.000737859
49	70	0.000797628
49	71	0.000836486
49	72	0.000733361
50	0	0.000651679
50	1	0.00102827
50	2	0.000890106
50	3	0.000683418
50	4	1.39082e-17
50	5	0.000783538
50	6	3.0322e-17
50	7	0.00158017
50	8	0.00110985
50	9	0.000770384
50	10	0.000833083
50	11	0.00127275
50	12	0.0006905
50	13	0.109313
50	14	0.000740201
50	15	0.00133988
50	16	0.000854712
50	17	0.000731541
50	18	3.33235e-18
50	19	0.000656378
50	20	0.00133967
50	21	0.0011352
50	22	0.000895359
50	23	0.000653452
50	24	0.000653614
50	25	2.03348e-18
50	26	1.23124e-17
50	27	0.000906569
50	28	2.49634e-17
50	29	0.00105363
50	30	0.000656143
50	31	0.0017319
50	32	0.000860138
50	33	0.00080176
50	34	0.000908754
50	35	0.000670678
50	36	7.6725e-18
50	37	0.000714656
50	38	0.000658048
50	39	2.12538e-17
50	40	0.000674494
50	41	0.000668139
50	42	0.000712473
50	43	2.14641e-18
50	44	0.000662278
50	45	0.000687522
50	46	0.000656848
50	47	0.000663716
50	48	2.50342e-17
50	49	0.000664332
50	50	0.000771274
50	51	0.00113973
50	52	0.000653527
50	53	3.17397e-18
50	54	3.45124e-18
50	55	1.98049e-17
50	56	0.00108756
50	57	0.000981281
50	58	0.000694255
50	59	0.000681975
50	60	0.000895172
50	61	0.00101266
50	62	0.00100781
50	63	2.30668e-18
50	64	0.00071844
50	65	0.00089803
50	66	1.14971e-18
50	67	0.00103348
50	68	0.00116031
50	69	2.47752e-17
50	70	0.000717101
50	71	0.000755958
50	72	0.000652833
51	0	0.00124609
51	1	0.00162268
51	2	0.00148452
51	3	1.2973e-17
51	4	0.00125446
51	5	0.00137795
51	6	0.00124965
51	7	0.00217458
51	8	0.00170426
51	9	0.0013648
51	10	0.0014275
51	11	0.00186716
51	12	0.00128491
51	13	0.109907
51	14	0.00133461
51	15	0.00193429
51	16	0.00144912
51	17	0.00132595
51	18	2.1191e-17
51	19	0.00125079
51	20	0.00193408
51	21	0.00172962
51	22	0.00148977
51	23	0.00124786
51	24	1.37649e-17
51	25	0.00124877
51	26	0.00124683
51	27	0.00150098
51	28	1.65248e-18
51	29	1.06483e-17
51	30	0.00125055
51	31	0.00232632
51	32	0.00145455
51	33	0.00139617
51	34	0.00150317
51	35	0.00126509
51	36	5.38564e-18
51	37	0.00130907
51	38	0.00125246
51	39	8.04822e-18
51	40	0.00126891
51	41	0.00126255
51	42	0.00130689
51	43	0.00125679
51	44	0.00125669
51	45	0.00128193
51	46	0.00125126
51	47	0.00125813
51	48	1.36701e-17
51	49	0.00125874
51	50	0.00136569
51	51	0.00173414
51	52	2.91807e-17
51	53	2.29313e-17
51	54	7.76697e-19
51	55	9.07972e-18
51	56	0.00168197
51	57	0.00157569
51	58	0.00128867
51	59	0.00127639
51	60	0.00148958
51	61	0.00160708
51	62	0.00160222
51	63	8.11596e-18
51	64	0.00131285
51	65	0.00149244
51	66	1.49361e-17
51	67	0.00162789
51	68	0.00175472
51	69	0.00125174
51	70	0.00131151
51	71	0.00135037
51	72	1.44949e-18
52	0	1.16339e-17
52	1	0.000991697
52	2	0.000853531
52	3	0.000646843
52	4	1.6598e-17
52	5	0.000746963
52	6	3.01747e-17
52	7	0.0015436
52	8	0.00107327
52	9	2.2868e-17
52	10	0.000796509
52	11	2.67343e-17
52	12	1.25234e-17
52	13	0.109276
52	14	0.000703627
52	15	0.0013033
52	16	0.000818137
52	17	0.000694967
52	18	1.0474e-17
52	19	0.000619803
52	20	0.00130309
52	21	0.00109863
52	22	0.000858785
52	23	0.000616877
52	24	0.000617039
52	25	2.39277e-17
52	26	1.48053e-17
52	27	0.000869994
52	28	8.60128e-19
52	29	2.54342e-17
52	30	2.03252e-17
52	31	0.00169533
52	32	0.000823563
52	33	0.000765186
52	34	0.000872179
52	35	0.000634104
52	36	0.000620799
52	37	5.05171e-18
52	38	0.000621473
52	39	4.39722e-18
52	40	2.77779e-17
52	41	0.000631565
52	42	0.000675899
52	43	2.99654e-18
52	44	2.27739e-17
52	45	2.38151e-17
52	46	0.000620274
52	47	1.66015e-17
52	48	1.98491e-17
52	49	0.000627757
52	50	0.0007347
52	51	1.29888e-18
52	52	0.000616953
52	53	8.71061e-18
52	54	1.81081e-17
52	55	4.53503e-18
52	56	0.00105099
52	57	0.000944706
52	58	1.52906e-17
52	59	0.0006454
52	60	0.000858597
52	61	0.00097609
52	62	0.000971234
52	63	2.20117e-17
52	64	8.02523e-18
52	65	0.000861456
52	66	2.27522e-17
52	67	0.000996904
52	68	0.00112374
52	69	2.97199e-17
52	70	0.000680526
52	71	0.000719384
52	72	0.000616258
53	0	1.65255e-17
53	1	9.87971e-18
53	2	2.53586e-17
53	3	2.69094e-17
53	4	2.73539e-17
53	5	0.00157973
53	6	1.92958e-17
53	7	9.94877e-19
53	8	8.74581e-18
53	9	0.00156657
53	10	0.00162927
53	11	2.21e-19
53	12	2.01944e-17
53	13	0.110109
53	14	2.95078e-17
53	15	0.00213607
53	16	0.0016509
53	17	2.20365e-17
53	18	1.69166e-17
53	19	2.1408e-18
53	20	1.10314e-17
53	21	2.16178e-17
53	22	1.59733e-17
53	23	9.17857e-18
53	24	1.61804e-17
53	25	1.15386e-17
53	26	2.515e-18
53	27	3.82591e-18
53	28	6.64064e-18
53	29	1.10408e-17
53	30	2.99638e-17
53	31	4.32063e-18
53	32	1.53923e-17
53	33	1.24632e-18
53	34	4.17927e-18
53	35	1.31291e-17
53	36	1.50728e-17
53	37	1.35908e-17
53	38	8.14724e-18
53	39	1.89013e-17
53	40	1.36234e-18
53	41	2.71437e-17
53	42	0.00150866
53	43	2.50012e-17
53	44	1.97391e-17
53	45	2.48342e-17
53	46	1.25623e-17
53	47	6.52264e-18
53	48	4.92126e-18
53	49	1.21896e-17
53	50	2.1831e-17
53	51	3.85668e-18
53	52	6.18941e-18
53	53	1.63339e-17
53	54	2.7903e-17
53	55	2.21269e-17
53	56	1.21844e-17
53	57	9.01428e-18
53	58	0.00149044
53	59	1.62269e-17
53	60	0.00169136
53	61	1.90107e-17
53	62	6.38015e-18
53	63	3.04991e-17
53	64	1.73411e-17
53	65	0.00169422
53	66	1.06918e-17
53	67	2.10932e-17
53	68	1.5293e-17
53	69	1.10448e-18
53	70	1.54874e-17
53	71	1.70866e-17
53	72	2.80627e-17
54	0	5.96669e-18
54	1	0.00210252
54	2	2.68087e-17
54	3	9.26338e-19
54	4	1.89989e-18
54	5	2.73608e-17
54	6	2.53151e-17
54	7	0.00265442
54	8	2.63904e-17
54	9	2.79705e-17
54	10	1.71598e-17
54	11	1.90954e-17
54	12	1.71696e-17
54	13	0.110387
54	14	0.00181445
54	15	9.05777e-19
54	16	0.00192896
54	17	7.94938e-18
54	18	4.50948e-19
54	19	1.41657e-17
54	20	5.76888e-18
54	21	2.186e-17
54	22	2.27556e-17
54	23	2.01045e-17
54	24	2.02526e-17
54	25	1.40736e-17
54	26	5.74768e-19
54	27	3.00563e-17
54	28	2.45085e-17
54	29	1.28207e-17
54	30	1.03996e-17
54	31	3.02652e-17
54	32	1.91147e-17
54	33	1.40242e-17
54	34	2.39786e-17
54	35	1.45146e-17
54	36	2.43192e-17
54	37	0.00178891
54	38	1.9558e-17
54	39	2.42725e-17
54	40	1.94315e-17
54	41	8.10187e-18
54	42	6.18714e-18
54	43	2.06059e-17
54	44	2.97094e-17
54	45	1.4157e-17
54	46	4.72717e-18
54	47	2.8368e-17
54	48	2.39998e-17
54	49	1.29137e-17
54	50	7.17144e-18
54	51	6.54735e-18
54	52	1.63508e-17
54	53	2.69849e-17
54	54	1.58386e-17
54	55	1.38532e-17
54	56	1.63914e-17
54	57	2.43606e-17
54	58	6.92164e-18
54	59	4.48123e-18
54	60	0.00196942
54	61	0.00208692
54	62	0.00208206
54	63	2.29235e-17
54	64	2.9913e-17
54	65	0.00197228
54	66	8.0126e-18
54	67	2.11696e-17
54	68	0.00223456
54	69	4.02956e-18
54	70	1.86448e-17
54	71	1.30502e-17
54	72	1.14643e-17
55	0	0.000604489
55	1	0.000981081
55	2	0.000842916
55	3	1.85666e-17
55	4	2.44056e-17
55	5	0.000736348
55	6	0.000608047
55	7	0.00153298
55	8	0.00106266
55	9	0.000723194
55	10	0.000785893
55	11	2.25311e-17
55	12	1.99949e-17
55	13	0.109265
55	14	0.000693012
55	15	0.00129269
55	16	0.000807522
55	17	0.000684351
55	18	7.73666e-18
55	19	0.000609188
55	20	0.00129248
55	21	0.00108801
55	22	0.00084817
55	23	0.000606262
55	24	0.000606424
55	25	1.65621e-18
55	26	7.32033e-18
55	27	0.000859379
55	28	0.000639263
55	29	3.02419e-17
55	30	0.000608953
55	31	0.00168471
55	32	0.000812948
55	33	1.44493e-17
55	34	0.000861564
55	35	0.000623488
55	36	2.62683e-17
55	37	0.000667467
55	38	2.91183e-18
55	39	2.55133e-18
55	40	0.000627304
55	41	1.20927e-17
55	42	0.000665283
55	43	0.000615185
55	44	0.000615088
55	45	0.000640332
55	46	1.22464e-17
55	47	0.000616526
55	48	1.98209e-17
55	49	0.000617142
55	50	0.000724084
55	51	0.00109254
55	52	7.82557e-18
55	53	2.62049e-17
55	54	1.69437e-17
55	55	0.000604792
55	56	0.00104037
55	57	0.000934091
55	58	0.000647065
55	59	0.000634785
55	60	0.000847982
55	61	0.000965475
55	62	0.000960619
55	63	1.24525e-17
55	64	0.00067125
55	65	0.00085084
55	66	2.45401e-17
55	67	0.000986289
55	68	0.00111312
55	69	3.73298e-18
55	70	0.000669911
55	71	0.000708769
55	72	2.38572e-18
56	0	0.00141299
56	1	0.00178959
56	2	0.00165142
56	3	2.66755e-17
56	4	0.00142136
56	5	0.00154485
56	6	2.64345e-19
56	7	0.00234149
56	8	0.00187116
56	9	0.0015317
56	10	0.0015944
56	11	0.00203407
56	12	0.00145181
56	13	0.110074
56	14	0.00150152
56	15	0.00210119
56	16	0.00161603
56	17	0.00149286
56	18	2.62283e-17
56	19	0.00141769
56	20	0.00210098
56	21	0.00189652
56	22	0.00165667
56	23	0.00141477
56	24	1.11477e-17
56	25	2.07282e-17
56	26	0.00141373
56	27	0.00166788
56	28	2.11732e-17
56	29	0.00181495
56	30	0.00141746
56	31	0.00249322
56	32	0.00162145
56	33	0.00156307
56	34	0.00167007
56	35	0.00143199
56	36	1.0457e-19
56	37	0.00147597
56	38	0.00141936
56	39	2.17031e-17
56	40	0.00143581
56	41	0.00142945
56	42	0.00147379
56	43	0.00142369
56	44	0.00142359
56	45	0.00144884
56	46	0.00141816
56	47	0.00142503
56	48	5.86808e-18
56	49	0.00142565
56	50	0.00153259
56	51	0.00190104
56	52	2.9751e-17
56	53	6.38211e-18
56	54	5.91876e-18
56	55	1.208e-17
56	56	0.00184888
56	57	0.0017426
56	58	0.00145557
56	59	0.00144329
56	60	0.00165649
56	61	0.00177398
56	62	0.00176912
56	63	7.4762e-18
56	64	0.00147975
56	65	0.00165934
56	66	1.47557e-17
56	67	0.00179479
56	68	0.00192163
56	69	0.00141865
56	70	0.00147842
56	71	0.00151727
56	72	0.00141415
57	0	1.81045e-17
57	1	0.00186289
57	2	0.00172472
57	3	5.93934e-18
57	4	1.45147e-17
57	5	0.00161815
57	6	7.31927e-19
57	7	0.00241479
57	8	0.00194446
57	9	0.001605
57	10	0.0016677
57	11	0.00210737
57	12	0.00152512
57	13	0.110147
57	14	0.00157482
57	15	0.00217449
57	16	0.00168933
57	17	0.00156616
57	18	1.90163e-17
57	19	0.00149099
57	20	0.00217428
57	21	0.00196982
57	22	0.00172997
57	23	0.00148807
57	24	2.63239e-17
57	25	1.36585e-17
57	26	2.92533e-17
57	27	0.00174118
57	28	1.05085e-18
57	29	0.00188825
57	30	0.00149076
57	31	0.00256652
57	32	0.00169475
57	33	0.00163638
57	34	0.00174337
57	35	0.00150529
57	36	2.33238e-17
57	37	0.00154927
57	38	0.00149266
57	39	9.47299e-18
57	40	0.00150911
57	41	0.00150275
57	42	0.00154709
57	43	0.00149699
57	44	0.00149689
57	45	0.00152214
57	46	0.00149146
57	47	0.00149833
57	48	1.55188e-17
57	49	0.00149895
57	50	0.00160589
57	51	0.00197434
57	52	2.73316e-17
57	53	2.86294e-18
57	54	2.6943e-17
57	55	1.98672e-17
57	56	0.00192218
57	57	0.0018159
57	58	0.00152887
57	59	0.00151659
57	60	0.00172979
57	61	0.00184728
57	62	0.00184242
57	63	2.8712e-17
57	64	0.00155306
57	65	0.00173265
57	66	2.7782e-17
57	67	0.00186809
57	68	0.00199493
57	69	2.53197e-17
57	70	0.00155172
57	71	0.00159057
57	72	7.33013e-18
58	0	0.000911138
58	1	0.00128773
58	2	0.00114956
58	3	0.000942877
58	4	2.77749e-17
58	5	0.001043
58	6	2.33981e-17
58	7	0.00183963
58	8	0.00136931
58	9	0.00102984
58	10	0.00109254
58	11	0.00153221
58	12	0.000949959
58	13	0.109572
58	14	0.00099966
58	15	0.00159934
58	16	0.00111417
58	17	0.000991
58	18	2.12113e-17
58	19	0.000915837
58	20	0.00159913
58	21	0.00139466
58	22	0.00115482
58	23	0.000912911
58	24	2.30195e-17
58	25	2.74179e-17
58	26	0.000911874
58	27	0.00116603
58	28	5.86534e-18
58	29	7.66902e-18
58	30	0.000915602
58	31	0.00199136
58	32	0.0011196
58	33	0.00106122
58	34	0.00116821
58	35	0.000930137
58	36	0.000916832
58	37	0.000974115
58	38	0.000917507
58	39	0.000934825
58	40	0.000933953
58	41	0.000927598
58	42	0.000971932
58	43	0.000921834
58	44	0.000921737
58	45	0.000946981
58	46	2.1567e-17
58	47	0.000923175
58	48	2.19906e-17
58	49	2.71296e-17
58	50	0.00103073
58	51	0.00139918
58	52	5.57964e-18
58	53	2.6207e-17
58	54	1.70796e-17
58	55	2.54058e-17
58	56	0.00134702
58	57	0.00124074
58	58	0.000953714
58	59	0.000941434
58	60	0.00115463
58	61	0.00127212
58	62	0.00126727
58	63	3.9625e-18
58	64	0.000977899
58	65	0.00115749
58	66	5.55386e-18
58	67	0.00129294
58	68	0.00141977
58	69	1.62346e-17
58	70	0.000976559
58	71	0.00101542
58	72	0.000912292
59	0	0.000617437
59	1	0.00099403
59	2	0.000855864
59	3	1.78348e-17
59	4	0.000625809
59	5	0.000749296
59	6	0.000620996
59	7	0.00154593
59	8	0.0010756
59	9	0.000736142
59	10	0.000798842
59	11	2.64956e-17
59	12	0.000656258
59	13	0.109278
59	14	0.00070596
59	15	0.00130564
59	16	0.00082047
59	17	0.0006973
59	18	2.50443e-17
59	19	0.000622136
59	20	0.00130543
59	21	0.00110096
59	22	0.000861118
59	23	0.00061921
59	24	0.000619372
59	25	0.000620115
59	26	2.83442e-17
59	27	0.000872327
59	28	1.26513e-17
59	29	0.00101939
59	30	0.000621901
59	31	0.00169766
59	32	0.000825896
59	33	0.000767518
59	34	0.000874512
59	35	0.000636436
59	36	0.000623132
59	37	0.000680415
59	38	0.000623806
59	39	9.82313e-20
59	40	0.000640252
59	41	0.000633898
59	42	0.000678232
59	43	2.56705e-17
59	44	0.000628037
59	45	0.00065328
59	46	0.000622607
59	47	2.12254e-17
59	48	1.99646e-17
59	49	0.00063009
59	50	0.000737033
59	51	0.00110548
59	52	0.000619286
59	53	2.39258e-17
59	54	8.19207e-18
59	55	1.59188e-17
59	56	0.00105332
59	57	0.000947039
59	58	0.000660013
59	59	0.000647733
59	60	0.00086093
59	61	0.000978423
59	62	0.000973567
59	63	2.14344e-17
59	64	0.000684198
59	65	0.000863788
59	66	2.62573e-17
59	67	0.000999237
59	68	0.00112607
59	69	0.000623089
59	70	0.000682859
59	71	0.000721717
59	72	0.000618591
60	0	0.00145378
60	1	0.00183038
60	2	0.00169221
60	3	0.00148552
60	4	2.86513e-17
60	5	0.00158564
60	6	0.00145734
60	7	0.00238228
60	8	0.00191195
60	9	0.00157249
60	10	0.00163519
60	11	0.00207486
60	12	0.00149261
60	13	0.110115
60	14	0.00154231
60	15	0.00214198
60	16	0.00165682
60	17	0.00153365
60	18	1.69773e-17
60	19	0.00145848
60	20	0.00214177
60	21	0.00193731
60	22	0.00169747
60	23	2.43057e-17
60	24	2.04604e-17
60	25	1.44657e-17
60	26	0.00145452
60	27	0.00170867
60	28	0.00148856
60	29	0.00185574
60	30	0.00145825
60	31	0.00253401
60	32	0.00166224
60	33	0.00160387
60	34	0.00171086
60	35	0.00147278
60	36	1.86503e-17
60	37	0.00151676
60	38	0.00146015
60	39	4.38294e-18
60	40	0.0014766
60	41	0.00147024
60	42	0.00151458
60	43	1.36159e-17
60	44	0.00146438
60	45	0.00148963
60	46	0.00145895
60	47	0.00146582
60	48	2.63379e-17
60	49	0.00146644
60	50	0.00157338
60	51	0.00194183
60	52	2.7279e-17
60	53	1.52986e-17
60	54	0.00149637
60	55	1.30842e-17
60	56	0.00188967
60	57	0.00178339
60	58	0.00149636
60	59	0.00148408
60	60	0.00169728
60	61	0.00181477
60	62	0.00180991
60	63	2.97733e-17
60	64	0.00152055
60	65	0.00170014
60	66	9.24252e-18
60	67	0.00183558
60	68	0.00196242
60	69	2.79263e-17
60	70	0.00151921
60	71	0.00155806
60	72	8.57715e-18
61	0	0.001588
61	1	0.00196459
61	2	0.00182643
61	3	0.00161974
61	4	1.01159e-17
61	5	0.00171986
61	6	0.00159156
61	7	0.0025165
61	8	0.00204617
61	9	0.00170671
61	10	0.00176941
61	11	0.00220908
61	12	0.00162682
61	13	0.110249
61	14	0.00167652
61	15	0.0022762
61	16	0.00179104
61	17	0.00166786
61	18	7.93732e-18
61	19	0.0015927
61	20	0.00227599
61	21	0.00207153
61	22	0.00183168
61	23	0.00158978
61	24	2.74959e-17
61	25	0.00159068
61	26	0.00158874
61	27	0.00184289
61	28	0.00162278
61	29	0.00198996
61	30	0.00159247
61	31	0.00266823
61	32	0.00179646
61	33	0.00173808
61	34	0.00184508
61	35	0.001607
61	36	0.0015937
61	37	0.00165098
61	38	0.00159437
61	39	4.77698e-18
61	40	0.00161082
61	41	0.00160446
61	42	0.0016488
61	43	0.0015987
61	44	0.0015986
61	45	0.00162385
61	46	1.23712e-17
61	47	0.00160004
61	48	2.99047e-17
61	49	0.00160066
61	50	0.0017076
61	51	0.00207605
61	52	5.59978e-18
61	53	3.26419e-18
61	54	1.90598e-17
61	55	2.2497e-17
61	56	0.00202388
61	57	0.0019176
61	58	0.00163058
61	59	0.0016183
61	60	0.0018315
61	61	0.00194899
61	62	0.00194413
61	63	3.02615e-17
61	64	0.00165476
61	65	0.00183435
61	66	2.51485e-17
61	67	0.0019698
61	68	0.00209663
61	69	3.06548e-17
61	70	0.00165342
61	71	0.00169228
61	72	2.26078e-17
62	0	0.00130475
62	1	0.00168135
62	2	0.00154318
62	3	0.00133649
62	4	1.00066e-17
62	5	0.00143661
62	6	0.00130831
62	7	0.00223325
62	8	0.00176292
62	9	0.00142346
62	10	0.00148616
62	11	0.00192583
62	12	0.00134357
62	13	0.109966
62	14	0.00139328
62	15	0.00199295
62	16	0.00150779
62	17	0.00138462
62	18	4.67921e-18
62	19	0.00130945
62	20	0.00199274
62	21	0.00178828
62	22	0.00154843
62	23	0.00130653
62	24	1.30572e-17
62	25	2.29326e-17
62	26	1.09458e-17
62	27	0.00155964
62	28	6.63787e-18
62	29	0.00170671
62	30	0.00130922
62	31	0.00238498
62	32	0.00151321
62	33	0.00145483
62	34	0.00156183
62	35	0.00132375
62	36	9.7642e-18
62	37	0.00136773
62	38	0.00131112
62	39	3.08713e-18
62	40	0.00132757
62	41	0.00132121
62	42	0.00136555
62	43	0.00131545
62	44	0.00131535
62	45	0.0013406
62	46	3.03779e-17
62	47	0.00131679
62	48	8.69227e-18
62	49	0.00131741
62	50	0.00142435
62	51	0.0017928
62	52	2.07436e-17
62	53	1.44969e-17
62	54	5.57343e-18
62	55	1.81949e-17
62	56	0.00174063
62	57	0.00163435
62	58	0.00134733
62	59	0.00133505
62	60	0.00154825
62	61	0.00166574
62	62	0.00166088
62	63	2.28569e-17
62	64	0.00137151
62	65	0.0015511
62	66	2.70783e-19
62	67	0.00168655
62	68	0.00181338
62	69	9.50276e-18
62	70	0.00137017
62	71	0.00140903
62	72	1.08958e-17
63	0	1.96456e-17
63	1	1.89769e-17
63	2	1.65557e-17
63	3	4.10137e-18
63	4	6.48665e-18
63	5	1.10697e-17
63	6	9.00782e-18
63	7	1.20192e-17
63	8	0.00104701
63	9	7.80476e-19
63	10	0.000770247
63	11	1.38684e-18
63	12	1.96822e-17
63	13	0.10925
63	14	0.000677365
63	15	0.00127704
63	16	0.000791875
63	17	0.000668705
63	18	2.70032e-17
63	19	2.25607e-17
63	20	0.00127683
63	21	0.00107237
63	22	0.000832523
63	23	0.000590615
63	24	0.000590777
63	25	0.00059152
63	26	2.37559e-17
63	27	1.01724e-17
63	28	4.07323e-18
63	29	1.46163e-17
63	30	8.7284e-18
63	31	4.27034e-18
63	32	0.000797301
63	33	0.000738924
63	34	2.95513e-17
63	35	4.97668e-18
63	36	0.000594537
63	37	3.01909e-17
63	38	0.000595211
63	39	2.85757e-17
63	40	2.07477e-17
63	41	0.000605303
63	42	0.000649637
63	43	4.90735e-18
63	44	1.11345e-17
63	45	1.67708e-17
63	46	1.37112e-17
63	47	1.56425e-17
63	48	1.14062e-17
63	49	0.000601495
63	50	0.000708438
63	51	0.00107689
63	52	2.65978e-17
63	53	2.83708e-17
63	54	1.03006e-17
63	55	3.04869e-17
63	56	4.5221e-18
63	57	0.000918444
63	58	1.8064e-17
63	59	0.000619139
63	60	2.85631e-17
63	61	2.51048e-18
63	62	2.21223e-17
63	63	0.000589091
63	64	1.84412e-18
63	65	0.000835194
63	66	2.35033e-17
63	67	0.000970642
63	68	0.00109747
63	69	0.000594494
63	70	2.77214e-17
63	71	2.06587e-17
63	72	0.000589996
64	0	0.000746326
64	1	0.00112292
64	2	0.000984753
64	3	1.55894e-17
64	4	5.3638e-18
64	5	0.000878185
64	6	2.2644e-17
64	7	0.00167482
64	8	0.00120449
64	9	0.000865031
64	10	0.000927731
64	11	1.00628e-17
64	12	0.000785147
64	13	0.109407
64	14	0.000834849
64	15	0.00143453
64	16	0.000949359
64	17	0.000826189
64	18	1.68608e-17
64	19	0.000751025
64	20	0.00143432
64	21	0.00122985
64	22	0.000990007
64	23	1.95133e-17
64	24	2.00363e-17
64	25	2.33121e-17
64	26	0.000747063
64	27	0.00100122
64	28	1.87634e-17
64	29	1.39392e-17
64	30	0.00075079
64	31	0.00182655
64	32	0.000954785
64	33	0.000896408
64	34	0.0010034
64	35	0.000765326
64	36	1.15413e-17
64	37	0.000809304
64	38	0.000752695
64	39	2.32444e-17
64	40	0.000769141
64	41	1.28087e-17
64	42	0.000807121
64	43	7.65459e-19
64	44	0.000756926
64	45	0.000782169
64	46	2.88791e-17
64	47	0.000758364
64	48	1.03202e-17
64	49	1.99475e-17
64	50	0.000865922
64	51	0.00123437
64	52	2.24789e-17
64	53	5.22414e-18
64	54	2.6925e-17
64	55	1.17508e-17
64	56	0.00118221
64	57	0.00107593
64	58	0.000788902
64	59	0.000776623
64	60	0.000989819
64	61	0.00110731
64	62	0.00110246
64	63	2.96515e-17
64	64	0.000813088
64	65	0.000992678
64	66	3.32149e-19
64	67	0.00112813
64	68	0.00125496
64	69	5.42049e-18
64	70	0.000811748
64	71	0.000850606
64	72	2.64362e-17
65	0	0.00126893
65	1	0.00164553
65	2	0.00150736
65	3	0.00130067
65	4	4.71085e-18
65	5	0.00140079
65	6	0.00127249
65	7	0.00219743
65	8	0.0017271
65	9	0.00138764
65	10	0.00145034
65	11	0.00189001
65	12	0.00130775
65	13	0.10993
65	14	0.00135746
65	15	0.00195713
65	16	0.00147197
65	17	0.0013488
65	18	2.76482e-17
65	19	0.00127363
65	20	0.00195692
65	21	0.00175246
65	22	0.00151261
65	23	0.00127071
65	24	3.73398e-18
65	25	2.43051e-17
65	26	6.16712e-18
65	27	0.00152382
65	28	1.80591e-17
65	29	0.00167089
65	30	0.0012734
65	31	0.00234916
65	32	0.00147739
65	33	0.00141901
65	34	0.00152601
65	35	0.00128793
65	36	8.59556e-18
65	37	0.00133191
65	38	0.0012753
65	39	2.66714e-17
65	40	0.00129175
65	41	0.00128539
65	42	0.00132973
65	43	2.78868e-17
65	44	0.00127953
65	45	0.00130478
65	46	0.0012741
65	47	0.00128097
65	48	4.9405e-18
65	49	0.00128159
65	50	0.00138853
65	51	0.00175698
65	52	7.35729e-18
65	53	9.41836e-18
65	54	1.38163e-17
65	55	3.05013e-18
65	56	0.00170482
65	57	0.00159854
65	58	0.00131151
65	59	0.00129923
65	60	0.00151243
65	61	0.00162992
65	62	0.00162506
65	63	8.78453e-18
65	64	0.00133569
65	65	0.00151528
65	66	6.59702e-18
65	67	0.00165073
65	68	0.00177757
65	69	9.48833e-18
65	70	0.00133436
65	71	0.00137321
65	72	1.23713e-17
66	0	2.03412e-17
66	1	0.00208656
66	2	2.58128e-17
66	3	2.92195e-17
66	4	1.24435e-17
66	5	2.65305e-17
66	6	6.95547e-18
66	7	0.00263846
66	8	5.8119e-19
66	9	2.76486e-17
66	10	1.69755e-17
66	11	3.38451e-18
66	12	1.98905e-17
66	13	0.110371
66	14	0.00179849
66	15	1.32974e-17
66	16	0.001913
66	17	1.79729e-17
66	18	2.18645e-17
66	19	1.72273e-17
66	20	0.00239796
66	21	2.38313e-17
66	22	1.65356e-17
66	23	7.1876e-18
66	24	1.05678e-17
66	25	5.77175e-18
66	26	2.24358e-17
66	27	2.58713e-17
66	28	2.51866e-17
66	29	1.44899e-17
66	30	2.17615e-17
66	31	4.60195e-18
66	32	2.70797e-17
66	33	2.80742e-17
66	34	2.60005e-17
66	35	9.49304e-18
66	36	2.78437e-17
66	37	2.66278e-18
66	38	6.82065e-18
66	39	2.65733e-17
66	40	2.44386e-17
66	41	2.59168e-17
66	42	0.00177076
66	43	2.61072e-17
66	44	5.9047e-18
66	45	1.31819e-17
66	46	2.70955e-17
66	47	2.69472e-17
66	48	1.87574e-18
66	49	2.82482e-17
66	50	0.00182956
66	51	8.08691e-18
66	52	2.67831e-17
66	53	2.90411e-17
66	54	1.10535e-17
66	55	7.53719e-18
66	56	1.78846e-17
66	57	8.35906e-18
66	58	1.38781e-18
66	59	0.00174026
66	60	9.63432e-18
66	61	0.00207095
66	62	5.83769e-18
66	63	1.8879e-17
66	64	2.30898e-17
66	65	0.00195632
66	66	2.03045e-19
66	67	0.00209177
66	68	0.0022186
66	69	1.68917e-17
66	70	5.10594e-18
66	71	1.64607e-17
66	72	0.00171112
67	0	1.56859e-17
67	1	0.0014381
67	2	0.00129993
67	3	0.00109324
67	4	1.6271e-17
67	5	0.00119336
67	6	4.87954e-18
67	7	0.00199
67	8	0.00151967
67	9	0.00118021
67	10	0.00124291
67	11	0.00168258
67	12	0.00110032
67	13	0.109722
67	14	0.00115003
67	15	0.0017497
67	16	0.00126454
67	17	0.00114137
67	18	6.70247e-18
67	19	0.0010662
67	20	0.00174949
67	21	0.00154503
67	22	0.00130518
67	23	2.41273e-17
67	24	2.0902e-17
67	25	0.00106418
67	26	2.82349e-17
67	27	0.00131639
67	28	6.44448e-19
67	29	0.00146346
67	30	0.00106597
67	31	0.00214173
67	32	0.00126996
67	33	0.00121158
67	34	0.00131858
67	35	0.0010805
67	36	2.59643e-17
67	37	0.00112448
67	38	0.00106787
67	39	1.44023e-17
67	40	0.00108432
67	41	0.00107796
67	42	0.0011223
67	43	0.0010722
67	44	0.0010721
67	45	0.00109735
67	46	0.00106667
67	47	0.00107354
67	48	4.47886e-18
67	49	0.00107416
67	50	0.0011811
67	51	0.00154955
67	52	2.39246e-17
67	53	2.98163e-17
67	54	1.67163e-17
67	55	0.00106181
67	56	0.00149739
67	57	0.00139111
67	58	0.00110408
67	59	0.0010918
67	60	0.001305
67	61	0.00142249
67	62	0.00141763
67	63	2.21095e-17
67	64	0.00112826
67	65	0.00130785
67	66	8.66726e-18
67	67	0.0014433
67	68	0.00157013
67	69	0.00106716
67	70	0.00112693
67	71	0.00116578
67	72	3.21711e-18
68	0	0.00150973
68	1	0.00188633
68	2	0.00174816
68	3	5.70764e-18
68	4	9.58516e-18
68	5	0.00164159
68	6	8.94651e-18
68	7	0.00243823
68	8	0.0019679
68	9	0.00162844
68	10	0.00169114
68	11	0.00213081
68	12	0.00154855
68	13	0.110171
68	14	0.00159826
68	15	0.00219793
68	16	0.00171277
68	17	0.0015896
68	18	2.99966e-17
68	19	0.00151443
68	20	0.00219772
68	21	0.00199326
68	22	0.00175341
68	23	0.00151151
68	24	2.8282e-18
68	25	1.1506e-17
68	26	1.40322e-17
68	27	0.00176462
68	28	2.61449e-17
68	29	0.00191169
68	30	0.0015142
68	31	0.00258996
68	32	0.00171819
68	33	0.00165981
68	34	0.00176681
68	35	0.00152873
68	36	0.00151543
68	37	0.00157271
68	38	0.0015161
68	39	1.6256e-17
68	40	0.00153255
68	41	0.00152619
68	42	0.00157053
68	43	1.91317e-17
68	44	0.00152033
68	45	0.00154558
68	46	2.3868e-17
68	47	0.00152177
68	48	2.07761e-17
68	49	0.00152239
68	50	0.00162933
68	51	0.00199778
68	52	7.55201e-18
68	53	1.35968e-17
68	54	2.52901e-17
68	55	2.96714e-17
68	56	0.00194562
68	57	0.00183933
68	58	0.00155231
68	59	0.00154003
68	60	0.00175323
68	61	0.00187072
68	62	0.00186586
68	63	1.97038e-17
68	64	0.00157649
68	65	0.00175608
68	66	2.96238e-17
68	67	0.00189153
68	68	0.00201836
68	69	0.00151538
68	70	0.00157515
68	71	0.00161401
68	72	4.29877e-18
69	0	0.00060364
69	1	0.000980232
69	2	0.000842066
69	3	2.0164e-17
69	4	0.000612011
69	5	0.000735498
69	6	2.57506e-17
69	7	0.00153213
69	8	0.00106181
69	9	0.000722345
69	10	0.000785044
69	11	2.8129e-17
69	12	2.17022e-17
69	13	0.109265
69	14	0.000692162
69	15	0.00129184
69	16	0.000806672
69	17	0.000683502
69	18	2.62034e-17
69	19	0.000608338
69	20	0.00129163
69	21	0.00108717
69	22	0.00084732
69	23	0.000605412
69	24	0.000605574
69	25	0.000606317
69	26	1.96891e-17
69	27	0.00085853
69	28	3.01327e-17
69	29	2.22772e-17
69	30	1.07961e-17
69	31	0.00168386
69	32	0.000812098
69	33	0.000753721
69	34	0.000860714
69	35	0.000622639
69	36	0.000609334
69	37	0.000666617
69	38	0.000610008
69	39	2.44578e-17
69	40	0.000626454
69	41	0.0006201
69	42	0.000664434
69	43	5.21496e-18
69	44	0.000614239
69	45	3.04701e-17
69	46	1.72274e-17
69	47	8.72231e-18
69	48	0.000604947
69	49	0.000616292
69	50	0.000723235
69	51	0.00109169
69	52	1.71661e-17
69	53	1.90063e-17
69	54	7.70056e-18
69	55	1.71227e-17
69	56	0.00103952
69	57	0.000933242
69	58	2.79665e-17
69	59	0.000633936
69	60	0.000847133
69	61	0.000964625
69	62	0.000959769
69	63	1.52331e-17
69	64	1.52575e-17
69	65	0.000849991
69	66	2.3684e-17
69	67	0.000985439
69	68	0.00111227
69	69	0.000609291
69	70	0.000669061
69	71	0.000707919
69	72	0.000604793
70	0	0.000977529
70	1	0.00135412
70	2	0.00121596
70	3	0.00100927
70	4	2.42299e-17
70	5	0.00110939
70	6	0.000981088
70	7	0.00190602
70	8	0.0014357
70	9	0.00109623
70	10	0.00115893
70	11	0.0015986
70	12	0.00101635
70	13	0.109638
70	14	0.00106605
70	15	0.00166573
70	16	0.00118056
70	17	0.00105739
70	18	1.42673e-17
70	19	0.000982228
70	20	0.00166552
70	21	0.00146106
70	22	0.00122121
70	23	0.000979302
70	24	1.42696e-17
70	25	8.56042e-18
70	26	0.000978266
70	27	0.00123242
70	28	1.04341e-17
70	29	0.00137948
70	30	0.000981993
70	31	0.00205775
70	32	0.00118599
70	33	0.00112761
70	34	0.0012346
70	35	0.000996529
70	36	0.000983224
70	37	0.00104051
70	38	0.000983898
70	39	2.5207e-17
70	40	0.00100034
70	41	0.00099399
70	42	0.00103832
70	43	0.000988225
70	44	0.000988129
70	45	0.00101337
70	46	0.000982699
70	47	0.000989566
70	48	2.31632e-18
70	49	0.000990182
70	50	0.00109712
70	51	0.00146558
70	52	5.20268e-18
70	53	2.35329e-17
70	54	0.00102012
70	55	0.000977832
70	56	0.00141341
70	57	0.00130713
70	58	0.0010201
70	59	0.00100783
70	60	0.00122102
70	61	0.00133852
70	62	0.00133366
70	63	2.45001e-17
70	64	0.00104429
70	65	0.00122388
70	66	1.09334e-17
70	67	0.00135933
70	68	0.00148616
70	69	0.000983181
70	70	0.00104295
70	71	0.00108181
70	72	2.87576e-17
71	0	0.00148313
71	1	0.00185973
71	2	0.00172156
71	3	1.52188e-18
71	4	2.34979e-17
71	5	0.00161499
71	6	2.73619e-17
71	7	0.00241163
71	8	0.0019413
71	9	1.13757e-17
71	10	0.00166454
71	11	1.36515e-17
71	12	1.96571e-17
71	13	0.110144
71	14	0.00157166
71	15	0.00217133
71	16	0.00168617
71	17	1.83873e-17
71	18	2.41509e-17
71	19	8.5743e-18
71	20	0.00217112
71	21	0.00196666
71	22	0.00172681
71	23	1.60868e-17
71	24	1.59109e-17
71	25	5.08771e-18
71	26	2.67014e-17
71	27	0.00173802
71	28	1.74468e-17
71	29	1.94803e-17
71	30	8.95551e-18
71	31	0.00256336
71	32	0.00169159
71	33	1.6563e-18
71	34	0.00174021
71	35	0.00150213
71	36	1.66502e-17
71	37	4.79231e-18
71	38	9.76207e-18
71	39	2.29042e-17
71	40	1.22416e-17
71	41	1.30247e-17
71	42	2.7318e-17
71	43	1.80117e-17
71	44	0.00149373
71	45	1.08304e-17
71	46	2.60023e-17
71	47	2.92997e-18
71	48	1.25804e-17
71	49	1.14698e-17
71	50	3.00475e-17
71	51	0.00197118
71	52	2.02374e-17
71	53	2.57249e-17
71	54	2.14345e-17
71	55	1.18384e-18
71	56	0.00191901
71	57	0.00181273
71	58	0.00152571
71	59	0.00151343
71	60	0.00172663
71	61	0.00184412
71	62	9.43728e-18
71	63	1.21924e-17
71	64	2.23344e-17
71	65	0.00172948
71	66	2.4432e-17
71	67	0.00186493
71	68	0.00199176
71	69	2.74819e-17
71	70	0.00154855
71	71	0.00158741
71	72	1.52838e-17
72	0	1.55154e-17
72	1	0.000896955
72	2	0.000758789
72	3	2.48103e-17
72	4	0.000528734
72	5	0.000652221
72	6	2.1433e-17
72	7	0.00144886
72	8	0.000978529
72	9	3.81892e-18
72	10	0.000701766
72	11	2.65843e-17
72	12	1.27951e-17
72	13	0.109181
72	14	0.000608885
72	15	0.00120856
72	16	0.000723395
72	17	0.000600224
72	18	5.58954e-18
72	19	0.000525061
72	20	0.00120835
72	21	0.00100389
72	22	0.000764043
72	23	0.000522135
72	24	0.000522297
72	25	0.00052304
72	26	1.52102e-17
72	27	0.000775252
72	28	2.89307e-17
72	29	2.20384e-17
72	30	3.41312e-18
72	31	0.00160059
72	32	0.000728821
72	33	0.000670443
72	34	0.000777437
72	35	2.48706e-17
72	36	0.000526057
72	37	0.00058334
72	38	0.000526731
72	39	1.37691e-17
72	40	0.000543177
72	41	0.000536822
72	42	0.000581157
72	43	2.5628e-17
72	44	1.21827e-17
72	45	5.01793e-18
72	46	0.000525532
72	47	1.65431e-18
72	48	0.00052167
72	49	0.000533015
72	50	0.000639958
72	51	0.00100841
72	52	1.67943e-17
72	53	2.29283e-17
72	54	2.9245e-17
72	55	2.61504e-17
72	56	0.000956244
72	57	0.000849964
72	58	0.000562938
72	59	0.000550658
72	60	0.000763855
72	61	0.000881348
72	62	1.91356e-17
72	63	0.000520611
72	64	2.21569e-17
72	65	0.000766713
72	66	8.03145e-18
72	67	0.000902162
72	68	0.00102899
72	69	0.000526014
72	70	0.000585784
72	71	0.000624642
72	72	0.000521516
