0	0	0.000306434
0	1	0.000254415
0	2	3.32759e-15
0	3	0.00037728
0	4	0.000427122
0	5	0.000254611
0	6	5.89698e-15
0	7	0.000259819
0	8	0.000400322
0	9	5.65916e-15
0	10	1.51662e-15
0	11	0.000257755
0	12	0.000601493
0	13	0.000407755
0	14	0.000277456
0	15	0.000256923
0	16	0.000339153
0	17	0.000357542
0	18	1.5178e-15
0	19	0.000258669
0	20	0.000293647
0	21	0.000257201
0	22	0.000294503
0	23	0.000258511
0	24	4.50664e-15
0	25	0.000262614
0	26	0.113233
0	27	0.000340615
0	28	0.00032904
0	29	0.00220441
0	30	0.000322047
0	31	0.000379845
0	32	0.00057318
0	33	0.000255175
0	34	0.000505619
0	35	0.000598664
0	36	0.000268451
0	37	0.000391969
0	38	0.000446163
0	39	0.000254067
0	40	0.000256832
0	41	0.000389219
0	42	0.000286031
0	43	0.000685924
0	44	0.000466447
0	45	0.000255218
0	46	0.000258838
0	47	0.000861659
0	48	0.00027353
0	49	0.00410701
0	50	0.000293111
0	51	0.000386957
0	52	0.000615294
0	53	0.000257885
0	54	0.000258269
0	55	0.000503957
0	56	0.000399736
0	57	0.000260549
0	58	0.000317629
0	59	0.000387075
0	60	5.26806e-15
0	61	0.000254088
0	62	0.00026231
0	63	0.000291665
0	64	0.000356515
0	65	0.000713559
0	66	0.000348398
0	67	0.000317033
1	0	0.000120278
1	1	6.8259e-05
1	2	6.9341e-05
1	3	0.000191125
1	4	0.000240966
1	5	6.84557e-05
1	6	7.4128e-05
1	7	7.36628e-05
1	8	0.000214166
1	9	5.8574e-15
1	10	3.40476e-15
1	11	7.15991e-05
1	12	0.000415337
1	13	0.000221599
1	14	9.12999e-05
1	15	7.07677e-05
1	16	0.000152997
1	17	0.000171386
1	18	6.89532e-05
1	19	7.25137e-05
1	20	0.000107491
1	21	7.10455e-05
1	22	0.000108347
1	23	7.23556e-05
1	24	6.78393e-05
1	25	7.64583e-05
1	26	0.113047
1	27	0.000154459
1	28	0.000142884
1	29	0.00201826
1	30	0.000135892
1	31	0.00019369
1	32	0.000387024
1	33	6.90196e-05
1	34	0.000319463
1	35	0.000412508
1	36	8.22948e-05
1	37	0.000205814
1	38	0.000260007
1	39	6.79111e-05
1	40	7.06764e-05
1	41	0.000203063
1	42	9.98756e-05
1	43	0.000499768
1	44	0.000280292
1	45	6.90619e-05
1	46	7.26827e-05
1	47	0.000675503
1	48	8.7374e-05
1	49	0.00392085
1	50	0.000106955
1	51	0.000200801
1	52	0.000429139
1	53	7.17296e-05
1	54	7.21128e-05
1	55	0.000317802
1	56	0.00021358
1	57	7.43933e-05
1	58	0.000131473
1	59	0.000200919
1	60	4.15439e-15
1	61	6.79324e-05
1	62	7.61542e-05
1	63	0.00010551
1	64	0.00017036
1	65	0.000527403
1	66	0.000162242
1	67	0.000130878
2	0	0.000129531
2	1	7.75112e-05
2	2	7.85932e-05
2	3	0.000200377
2	4	0.000250218
2	5	7.7708e-05
2	6	7.30952e-16
2	7	8.2915e-05
2	8	0.000223418
2	9	1.18774e-15
2	10	4.66307e-15
2	11	8.08514e-05
2	12	3.22703e-15
2	13	0.000230851
2	14	0.000100552
2	15	8.00199e-05
2	16	0.00016225
2	17	0.000180638
2	18	2.35313e-15
2	19	8.1766e-05
2	20	4.85971e-15
2	21	8.02977e-05
2	22	0.000117599
2	23	3.94561e-15
2	24	7.70915e-05
2	25	3.06821e-16
2	26	0.113056
2	27	0.000163712
2	28	0.000152136
2	29	0.00202751
2	30	0.000145144
2	31	0.000202942
2	32	0.000396276
2	33	1.16758e-15
2	34	0.000328715
2	35	0.00042176
2	36	9.15471e-05
2	37	0.000215066
2	38	0.000269259
2	39	7.71634e-05
2	40	7.99287e-05
2	41	0.000212315
2	42	0.000109128
2	43	0.00050902
2	44	0.000289544
2	45	6.20978e-16
2	46	8.19349e-05
2	47	0.000684756
2	48	9.66263e-05
2	49	0.0039301
2	50	0.000116208
2	51	0.000210053
2	52	0.000438391
2	53	4.69793e-15
2	54	8.1365e-05
2	55	0.000327054
2	56	0.000222832
2	57	8.36456e-05
2	58	0.000140726
2	59	0.000210171
2	60	7.87708e-05
2	61	7.71847e-05
2	62	8.54064e-05
2	63	0.000114762
2	64	0.000179612
2	65	0.000536655
2	66	0.000171494
2	67	5.91584e-15
3	0	0.000378091
3	1	0.000326072
3	2	4.87218e-16
3	3	0.000448937
3	4	0.000498778
3	5	0.000326268
3	6	9.98736e-16
3	7	0.000331475
3	8	0.000471979
3	9	2.99094e-15
3	10	4.80722e-15
3	11	0.000329412
3	12	0.00067315
3	13	0.000479412
3	14	0.000349113
3	15	0.00032858
3	16	0.00041081
3	17	0.000429199
3	18	0.000326766
3	19	0.000330326
3	20	0.000365304
3	21	0.000328858
3	22	0.00036616
3	23	0.000330168
3	24	0.000325652
3	25	0.000334271
3	26	0.113305
3	27	0.000412272
3	28	0.000400697
3	29	0.00227607
3	30	0.000393704
3	31	0.000451502
3	32	0.000644836
3	33	0.000326832
3	34	0.000577275
3	35	0.000670321
3	36	0.000340108
3	37	0.000463626
3	38	0.000517819
3	39	0.000325724
3	40	0.000328489
3	41	0.000460876
3	42	0.000357688
3	43	0.000757581
3	44	0.000538104
3	45	0.000326875
3	46	0.000330495
3	47	0.000933316
3	48	0.000345187
3	49	0.00417866
3	50	0.000364768
3	51	0.000458613
3	52	0.000686951
3	53	0.000329542
3	54	0.000329925
3	55	0.000575614
3	56	0.000471393
3	57	0.000332206
3	58	0.000389286
3	59	0.000458732
3	60	0.000327331
3	61	0.000325745
3	62	0.000333967
3	63	0.000363322
3	64	0.000428172
3	65	0.000785216
3	66	0.000420055
3	67	0.00038869
4	0	0.000416063
4	1	0.000364044
4	2	0.000365126
4	3	0.000486909
4	4	0.00053675
4	5	0.00036424
4	6	1.00946e-15
4	7	0.000369447
4	8	0.000509951
4	9	0.000444026
4	10	4.012e-15
4	11	0.000367384
4	12	0.000711122
4	13	0.000517384
4	14	0.000387085
4	15	0.000366552
4	16	0.000448782
4	17	0.000467171
4	18	0.000364738
4	19	0.000368298
4	20	0.000403276
4	21	0.00036683
4	22	0.000404132
4	23	0.00036814
4	24	0.000363624
4	25	0.000372243
4	26	0.113343
4	27	0.000450244
4	28	0.000438669
4	29	0.00231404
4	30	0.000431676
4	31	0.000489474
4	32	0.000682808
4	33	0.000364804
4	34	0.000615247
4	35	0.000708293
4	36	0.00037808
4	37	0.000501598
4	38	0.000555791
4	39	0.000363696
4	40	0.000366461
4	41	0.000498848
4	42	0.00039566
4	43	0.000795553
4	44	0.000576076
4	45	0.000364847
4	46	0.000368467
4	47	0.000971288
4	48	0.000383159
4	49	0.00421663
4	50	0.00040274
4	51	0.000496585
4	52	0.000724923
4	53	0.000367514
4	54	0.000367897
4	55	0.000613586
4	56	0.000509365
4	57	0.000370178
4	58	0.000427258
4	59	0.000496704
4	60	0.000365303
4	61	0.000363717
4	62	0.000371939
4	63	0.000401294
4	64	0.000466144
4	65	0.000823188
4	66	0.000458027
4	67	0.000426662
5	0	0.000122482
5	1	7.04622e-05
5	2	1.81432e-16
5	3	0.000193328
5	4	0.000243169
5	5	7.06589e-05
5	6	7.63313e-05
5	7	7.5866e-05
5	8	0.000216369
5	9	5.15095e-16
5	10	2.23211e-16
5	11	7.38024e-05
5	12	0.000417541
5	13	0.000223802
5	14	9.35032e-05
5	15	7.29709e-05
5	16	0.000155201
5	17	0.000173589
5	18	7.11565e-05
5	19	7.4717e-05
5	20	0.000109694
5	21	7.32487e-05
5	22	0.00011055
5	23	7.45588e-05
5	24	7.00425e-05
5	25	7.86616e-05
5	26	0.113049
5	27	0.000156663
5	28	3.29716e-15
5	29	0.00202046
5	30	0.000138095
5	31	0.000195893
5	32	0.000389227
5	33	7.12228e-05
5	34	0.000321666
5	35	0.000414711
5	36	8.44981e-05
5	37	0.000208017
5	38	0.00026221
5	39	7.01144e-05
5	40	7.28797e-05
5	41	0.000205266
5	42	0.000102079
5	43	0.000501971
5	44	0.000282495
5	45	7.12652e-05
5	46	7.48859e-05
5	47	0.000677707
5	48	8.95773e-05
5	49	0.00392305
5	50	0.000109159
5	51	0.000203004
5	52	0.000431342
5	53	7.39329e-05
5	54	7.4316e-05
5	55	0.000320005
5	56	0.000215783
5	57	7.65966e-05
5	58	0.000133677
5	59	0.000203122
5	60	7.17218e-05
5	61	7.01357e-05
5	62	7.83574e-05
5	63	0.000107713
5	64	0.000172563
5	65	0.000529606
5	66	0.000164445
5	67	0.000133081
6	0	2.42279e-15
6	1	6.01002e-05
6	2	6.38769e-15
6	3	0.000182966
6	4	2.7287e-16
6	5	6.02969e-05
6	6	6.59693e-05
6	7	6.5504e-05
6	8	0.000206007
6	9	4.42274e-15
6	10	2.91314e-15
6	11	2.64254e-15
6	12	5.85065e-15
6	13	0.00021344
6	14	8.31412e-05
6	15	6.26089e-05
6	16	0.000144839
6	17	0.000163227
6	18	2.7867e-15
6	19	6.4355e-05
6	20	9.93322e-05
6	21	1.01253e-15
6	22	0.000100188
6	23	2.19792e-15
6	24	5.7611e-15
6	25	6.82996e-05
6	26	0.113039
6	27	0.000146301
6	28	4.637e-15
6	29	0.0020101
6	30	1.59411e-15
6	31	0.000185531
6	32	0.000378865
6	33	3.11092e-15
6	34	2.3347e-15
6	35	0.000404349
6	36	7.41361e-05
6	37	4.91446e-15
6	38	6.16244e-15
6	39	5.97524e-05
6	40	6.25177e-05
6	41	0.000194904
6	42	9.17168e-05
6	43	0.000491609
6	44	0.000272133
6	45	6.09032e-05
6	46	1.8626e-15
6	47	0.000667345
6	48	7.92153e-05
6	49	0.00391269
6	50	9.87967e-05
6	51	0.000192642
6	52	0.00042098
6	53	5.18026e-15
6	54	3.32521e-15
6	55	0.000309643
6	56	0.000205421
6	57	6.62346e-05
6	58	0.000123315
6	59	0.00019276
6	60	6.13598e-05
6	61	5.97737e-05
6	62	6.79954e-05
6	63	9.73509e-05
6	64	0.000162201
6	65	0.000519244
6	66	0.000154083
6	67	8.86435e-16
7	0	0.000166297
7	1	0.000114278
7	2	0.00011536
7	3	0.000237143
7	4	0.000286984
7	5	0.000114474
7	6	0.000120147
7	7	0.000119681
7	8	0.000260185
7	9	0.00019426
7	10	5.65051e-15
7	11	0.000117618
7	12	0.000461356
7	13	0.000267618
7	14	0.000137319
7	15	0.000116786
7	16	0.000199016
7	17	0.000217405
7	18	0.000114972
7	19	0.000118532
7	20	0.00015351
7	21	0.000117064
7	22	0.000154366
7	23	0.000118374
7	24	0.000113858
7	25	0.000122477
7	26	0.113093
7	27	0.000200478
7	28	0.000188903
7	29	0.00206427
7	30	0.00018191
7	31	0.000239708
7	32	0.000433042
7	33	0.000115038
7	34	0.000365481
7	35	0.000458527
7	36	0.000128313
7	37	0.000251832
7	38	0.000306025
7	39	0.00011393
7	40	0.000116695
7	41	0.000249082
7	42	0.000145894
7	43	0.000545787
7	44	0.00032631
7	45	0.000115081
7	46	0.000118701
7	47	0.000721522
7	48	0.000133393
7	49	0.00396687
7	50	0.000152974
7	51	0.000246819
7	52	0.000475157
7	53	0.000117748
7	54	0.000118131
7	55	0.00036382
7	56	0.000259599
7	57	0.000120412
7	58	0.000177492
7	59	0.000246938
7	60	0.000115537
7	61	0.000113951
7	62	0.000122173
7	63	0.000151528
7	64	0.000216378
7	65	0.000573422
7	66	0.000208261
7	67	0.000176896
8	0	0.000559133
8	1	0.000507114
8	2	0.000508196
8	3	0.000629979
8	4	0.00067982
8	5	0.00050731
8	6	4.38204e-15
8	7	0.000512517
8	8	0.00065302
8	9	5.66624e-15
8	10	1.37481e-15
8	11	0.000510454
8	12	0.000854192
8	13	0.000660453
8	14	0.000530155
8	15	0.000509622
8	16	0.000591852
8	17	0.000610241
8	18	3.59577e-16
8	19	0.000511368
8	20	0.000546346
8	21	0.0005099
8	22	0.000547202
8	23	0.00051121
8	24	0.000506694
8	25	0.000515313
8	26	0.113486
8	27	0.000593314
8	28	0.000581739
8	29	0.00245711
8	30	0.000574746
8	31	0.000632544
8	32	0.000825878
8	33	0.000507874
8	34	0.000758317
8	35	0.000851362
8	36	0.000521149
8	37	0.000644668
8	38	0.000698861
8	39	0.000506766
8	40	0.000509531
8	41	0.000641918
8	42	0.00053873
8	43	0.000938622
8	44	0.000719146
8	45	0.000507917
8	46	0.000511537
8	47	0.00111436
8	48	0.000526229
8	49	0.0043597
8	50	0.00054581
8	51	0.000639655
8	52	0.000867993
8	53	0.000510584
8	54	0.000510967
8	55	0.000756656
8	56	0.000652435
8	57	0.000513248
8	58	0.000570328
8	59	0.000639774
8	60	0.000508373
8	61	0.000506787
8	62	0.000515009
8	63	0.000544364
8	64	0.000609214
8	65	0.000966258
8	66	0.000601097
8	67	0.000569732
9	0	6.98993e-17
9	1	3.10119e-15
9	2	2.75436e-15
9	3	0.000874761
9	4	0.000924602
9	5	3.48116e-15
9	6	8.31955e-16
9	7	3.971e-16
9	8	0.000897802
9	9	6.21303e-15
9	10	7.22304e-16
9	11	6.06367e-15
9	12	3.09481e-16
9	13	0.000905235
9	14	0.000774936
9	15	1.19236e-15
9	16	0.000836634
9	17	0.000855023
9	18	3.48798e-15
9	19	4.7557e-16
9	20	9.03242e-16
9	21	1.2552e-15
9	22	6.34429e-15
9	23	6.07849e-15
9	24	4.5634e-15
9	25	4.78448e-15
9	26	0.113731
9	27	0.000838096
9	28	0.000826521
9	29	0.00270189
9	30	0.000819528
9	31	0.000877326
9	32	0.00107066
9	33	4.10609e-15
9	34	0.0010031
9	35	0.00109614
9	36	4.43656e-15
9	37	0.00088945
9	38	0.000943643
9	39	0.000751548
9	40	5.97459e-15
9	41	0.0008867
9	42	0.000783512
9	43	0.0011834
9	44	0.000963928
9	45	6.2175e-15
9	46	8.00419e-16
9	47	0.00135914
9	48	0.000771011
9	49	0.00460449
9	50	0.000790592
9	51	0.000884437
9	52	6.21222e-15
9	53	0.000755366
9	54	2.22612e-15
9	55	0.00100144
9	56	0.000897217
9	57	0.00075803
9	58	0.00081511
9	59	3.62372e-15
9	60	1.56075e-15
9	61	1.11981e-15
9	62	0.000759791
9	63	0.000789146
9	64	2.48821e-15
9	65	0.00121104
9	66	2.78204e-15
9	67	5.50264e-15
10	0	1.16916e-15
10	1	5.5395e-15
10	2	5.59413e-15
10	3	9.05475e-16
10	4	7.77158e-17
10	5	4.31254e-15
10	6	5.45793e-15
10	7	3.22696e-05
10	8	2.91414e-15
10	9	2.51737e-16
10	10	1.19549e-16
10	11	4.40789e-15
10	12	6.19856e-15
10	13	9.68065e-16
10	14	2.95196e-15
10	15	2.93745e-05
10	16	2.58497e-15
10	17	2.17479e-15
10	18	5.24086e-15
10	19	6.34486e-16
10	20	1.44162e-15
10	21	2.18665e-15
10	22	6.69541e-05
10	23	3.09624e-05
10	24	1.15719e-15
10	25	7.64016e-16
10	26	4.54073e-15
10	27	2.96142e-17
10	28	3.01203e-15
10	29	6.09728e-15
10	30	5.83713e-15
10	31	2.87244e-16
10	32	2.335e-15
10	33	6.05292e-15
10	34	3.31792e-15
10	35	5.114e-15
10	36	4.09017e-05
10	37	6.74753e-16
10	38	0.000218614
10	39	1.44652e-15
10	40	5.6664e-15
10	41	3.54145e-15
10	42	5.84824e-05
10	43	1.73395e-16
10	44	1.95438e-15
10	45	2.76688e-05
10	46	1.20372e-15
10	47	1.71199e-16
10	48	4.59809e-05
10	49	0.00387946
10	50	4.45235e-16
10	51	2.90778e-15
10	52	1.37397e-15
10	53	2.86275e-15
10	54	2.64752e-15
10	55	3.96931e-16
10	56	0.000172187
10	57	3.30002e-05
10	58	1.1262e-15
10	59	1.26902e-15
10	60	3.68432e-15
10	61	5.47108e-15
10	62	3.4761e-05
10	63	6.41165e-05
10	64	3.56884e-16
10	65	3.51153e-15
10	66	4.63876e-15
10	67	5.20128e-15
11	0	0.000215424
11	1	0.000163405
11	2	0.000164487
11	3	0.000286271
11	4	0.000336112
11	5	0.000163602
11	6	0.000169274
11	7	0.000168809
11	8	0.000309312
11	9	4.90857e-15
11	10	1.08735e-15
11	11	0.000166745
11	12	0.000510483
11	13	0.000316745
11	14	0.000186446
11	15	0.000165914
11	16	0.000248143
11	17	0.000266532
11	18	0.000164099
11	19	0.00016766
11	20	0.000202637
11	21	0.000166191
11	22	0.000203493
11	23	0.000167501
11	24	0.000162985
11	25	0.000171604
11	26	0.113142
11	27	0.000249605
11	28	0.00023803
11	29	0.0021134
11	30	0.000231038
11	31	0.000288836
11	32	0.00048217
11	33	0.000164165
11	34	0.000414609
11	35	0.000507654
11	36	0.000177441
11	37	0.00030096
11	38	0.000355153
11	39	0.000163057
11	40	0.000165822
11	41	0.000298209
11	42	0.000195021
11	43	0.000594914
11	44	0.000375437
11	45	0.000164208
11	46	0.000167829
11	47	0.000770649
11	48	0.00018252
11	49	0.004016
11	50	0.000202101
11	51	0.000295947
11	52	0.000524284
11	53	0.000166876
11	54	0.000167259
11	55	0.000412948
11	56	0.000308726
11	57	0.000169539
11	58	0.000226619
11	59	0.000296065
11	60	0.000164664
11	61	0.000163078
11	62	0.0001713
11	63	0.000200655
11	64	0.000265505
11	65	0.000622549
11	66	0.000257388
11	67	0.000226023
12	0	0.000604484
12	1	0.000552464
12	2	4.93623e-15
12	3	0.00067533
12	4	0.000725171
12	5	0.000552661
12	6	1.83066e-15
12	7	0.000557868
12	8	0.000698371
12	9	1.0832e-15
12	10	5.25414e-15
12	11	0.000555804
12	12	0.000899543
12	13	0.000705804
12	14	0.000575505
12	15	0.000554973
12	16	0.000637203
12	17	0.000655591
12	18	4.92655e-15
12	19	0.000556719
12	20	0.000591696
12	21	0.000555251
12	22	0.000592552
12	23	0.000556561
12	24	0.000552045
12	25	0.000560664
12	26	0.113531
12	27	0.000638665
12	28	0.000627089
12	29	0.00250246
12	30	0.000620097
12	31	0.000677895
12	32	0.000871229
12	33	0.000553225
12	34	0.000803668
12	35	0.000896713
12	36	0.0005665
12	37	0.000690019
12	38	0.000744212
12	39	0.000552116
12	40	0.000554882
12	41	0.000687268
12	42	0.000584081
12	43	0.000983973
12	44	0.000764497
12	45	0.000553267
12	46	0.000556888
12	47	0.00115971
12	48	0.000571579
12	49	0.00440506
12	50	0.000591161
12	51	0.000685006
12	52	0.000913344
12	53	0.000555935
12	54	0.000556318
12	55	0.000802007
12	56	0.000697785
12	57	0.000558599
12	58	0.000615679
12	59	0.000685124
12	60	0.000553724
12	61	0.000552138
12	62	0.000560359
12	63	0.000589715
12	64	0.000654565
12	65	0.00101161
12	66	0.000646447
12	67	0.000615083
13	0	0.00037149
13	1	0.000319471
13	2	0.000320553
13	3	0.000442337
13	4	0.000492178
13	5	0.000319668
13	6	3.81943e-15
13	7	0.000324875
13	8	0.000465378
13	9	2.63247e-16
13	10	1.81037e-15
13	11	0.000322811
13	12	0.000666549
13	13	0.000472811
13	14	0.000342512
13	15	0.00032198
13	16	0.000404209
13	17	0.000422598
13	18	0.000320165
13	19	0.000323726
13	20	0.000358703
13	21	0.000322258
13	22	0.000359559
13	23	0.000323568
13	24	0.000319051
13	25	0.00032767
13	26	0.113298
13	27	0.000405671
13	28	0.000394096
13	29	0.00226947
13	30	0.000387104
13	31	0.000444902
13	32	0.000638236
13	33	0.000320232
13	34	0.000570675
13	35	0.00066372
13	36	0.000333507
13	37	0.000457026
13	38	0.000511219
13	39	0.000319123
13	40	0.000321888
13	41	0.000454275
13	42	0.000351088
13	43	0.00075098
13	44	0.000531504
13	45	0.000320274
13	46	0.000323895
13	47	0.000926715
13	48	0.000338586
13	49	0.00417206
13	50	0.000358167
13	51	0.000452013
13	52	0.000680351
13	53	0.000322942
13	54	0.000323325
13	55	0.000569014
13	56	0.000464792
13	57	0.000325605
13	58	0.000382686
13	59	0.000452131
13	60	0.000320731
13	61	0.000319144
13	62	0.000327366
13	63	0.000356722
13	64	0.000421572
13	65	0.000778615
13	66	0.000413454
13	67	0.00038209
14	0	0.000295333
14	1	0.000243313
14	2	1.22652e-15
14	3	0.000366179
14	4	0.00041602
14	5	0.00024351
14	6	0.000249182
14	7	0.000248717
14	8	0.00038922
14	9	0.000323296
14	10	2.15209e-15
14	11	0.000246654
14	12	0.000590392
14	13	0.000396653
14	14	0.000266354
14	15	0.000245822
14	16	0.000328052
14	17	0.000346441
14	18	0.000244008
14	19	0.000247568
14	20	0.000282545
14	21	0.0002461
14	22	0.000283402
14	23	0.00024741
14	24	0.000242894
14	25	0.000251513
14	26	0.113222
14	27	0.000329514
14	28	0.000317938
14	29	0.00219331
14	30	0.000310946
14	31	0.000368744
14	32	0.000562078
14	33	0.000244074
14	34	0.000494517
14	35	0.000587562
14	36	0.000257349
14	37	0.000380868
14	38	0.000435061
14	39	0.000242966
14	40	0.000245731
14	41	0.000378118
14	42	0.00027493
14	43	0.000674822
14	44	0.000455346
14	45	0.000244116
14	46	0.000247737
14	47	0.000850558
14	48	0.000262428
14	49	0.0040959
14	50	0.00028201
14	51	0.000375855
14	52	0.000604193
14	53	0.000246784
14	54	0.000247167
14	55	0.000492856
14	56	0.000388635
14	57	0.000249448
14	58	0.000306528
14	59	0.000375973
14	60	0.000244573
14	61	0.000242987
14	62	0.000251209
14	63	0.000280564
14	64	0.000345414
14	65	0.000702458
14	66	0.000337297
14	67	0.000305932
15	0	0.000154256
15	1	0.000102237
15	2	0.000103319
15	3	0.000225103
15	4	0.000274944
15	5	0.000102434
15	6	0.000108106
15	7	0.000107641
15	8	0.000248144
15	9	0.000182219
15	10	7.46953e-16
15	11	0.000105577
15	12	0.000449315
15	13	0.000255577
15	14	0.000125278
15	15	0.000104746
15	16	0.000186975
15	17	0.000205364
15	18	0.000102931
15	19	0.000106492
15	20	0.000141469
15	21	0.000105023
15	22	0.000142325
15	23	0.000106333
15	24	0.000101817
15	25	0.000110436
15	26	0.113081
15	27	0.000188437
15	28	0.000176862
15	29	0.00205223
15	30	0.00016987
15	31	0.000227668
15	32	0.000421002
15	33	0.000102997
15	34	0.000353441
15	35	0.000446486
15	36	0.000116273
15	37	0.000239792
15	38	0.000293985
15	39	0.000101889
15	40	0.000104654
15	41	0.000237041
15	42	0.000133853
15	43	0.000533746
15	44	0.000314269
15	45	0.00010304
15	46	0.000106661
15	47	0.000709481
15	48	0.000121352
15	49	0.00395483
15	50	0.000140933
15	51	0.000234779
15	52	0.000463116
15	53	0.000105707
15	54	0.000106091
15	55	0.00035178
15	56	0.000247558
15	57	0.000108371
15	58	0.000165451
15	59	0.000234897
15	60	0.000103496
15	61	0.00010191
15	62	0.000110132
15	63	0.000139487
15	64	0.000204337
15	65	0.000561381
15	66	0.00019622
15	67	0.000164855
16	0	0.000362527
16	1	0.000310507
16	2	0.000311589
16	3	0.000433373
16	4	0.000483214
16	5	0.000310704
16	6	0.000316376
16	7	0.000315911
16	8	0.000456414
16	9	2.05894e-15
16	10	8.17026e-16
16	11	0.000313848
16	12	0.000657586
16	13	0.000463847
16	14	0.000333548
16	15	0.000313016
16	16	0.000395246
16	17	0.000413635
16	18	0.000311202
16	19	0.000314762
16	20	0.000349739
16	21	0.000313294
16	22	0.000350596
16	23	0.000314604
16	24	0.000310088
16	25	0.000318707
16	26	0.113289
16	27	0.000396708
16	28	0.000385132
16	29	0.0022605
16	30	0.00037814
16	31	0.000435938
16	32	0.000629272
16	33	0.000311268
16	34	0.000561711
16	35	0.000654756
16	36	0.000324543
16	37	0.000448062
16	38	0.000502255
16	39	0.00031016
16	40	0.000312925
16	41	0.000445312
16	42	0.000342124
16	43	0.000742016
16	44	0.00052254
16	45	3.93299e-15
16	46	0.000314931
16	47	0.000917752
16	48	0.000329622
16	49	0.0041631
16	50	0.000349204
16	51	0.000443049
16	52	0.000671387
16	53	0.000313978
16	54	0.000314361
16	55	0.00056005
16	56	0.000455829
16	57	0.000316642
16	58	0.000373722
16	59	0.000443167
16	60	0.000311767
16	61	0.000310181
16	62	0.000318403
16	63	0.000347758
16	64	0.000412608
16	65	0.000769652
16	66	0.000404491
16	67	0.000373126
17	0	0.000381904
17	1	0.000329885
17	2	0.000330967
17	3	0.00045275
17	4	0.000502591
17	5	0.000330081
17	6	0.000335754
17	7	0.000335288
17	8	0.000475791
17	9	8.41312e-16
17	10	1.92265e-15
17	11	0.000333225
17	12	0.000676963
17	13	0.000483224
17	14	0.000352925
17	15	0.000332393
17	16	0.000414623
17	17	0.000433012
17	18	0.000330579
17	19	0.000334139
17	20	0.000369117
17	21	0.000332671
17	22	0.000369973
17	23	0.000333981
17	24	0.000329465
17	25	0.000338084
17	26	0.113309
17	27	0.000416085
17	28	0.00040451
17	29	0.00227988
17	30	0.000397517
17	31	0.000455315
17	32	0.000648649
17	33	0.000330645
17	34	0.000581088
17	35	0.000674133
17	36	0.00034392
17	37	0.000467439
17	38	0.000521632
17	39	0.000329537
17	40	0.000332302
17	41	0.000464689
17	42	0.000361501
17	43	0.000761393
17	44	0.000541917
17	45	0.000330687
17	46	0.000334308
17	47	0.000937129
17	48	0.000349
17	49	0.00418248
17	50	0.000368581
17	51	0.000462426
17	52	0.000690764
17	53	0.000333355
17	54	0.000333738
17	55	0.000579427
17	56	0.000475206
17	57	0.000336019
17	58	0.000393099
17	59	0.000462544
17	60	0.000331144
17	61	0.000329558
17	62	0.00033778
17	63	0.000367135
17	64	0.000431985
17	65	0.000789029
17	66	0.000423868
17	67	0.000392503
18	0	0.000184449
18	1	0.00013243
18	2	0.000133512
18	3	0.000255296
18	4	0.000305137
18	5	0.000132627
18	6	0.000138299
18	7	0.000137834
18	8	0.000278337
18	9	1.61437e-15
18	10	2.00324e-15
18	11	0.00013577
18	12	0.000479508
18	13	0.00028577
18	14	0.000155471
18	15	0.000134939
18	16	0.000217168
18	17	0.000235557
18	18	0.000133124
18	19	0.000136685
18	20	0.000171662
18	21	0.000135216
18	22	0.000172518
18	23	0.000136526
18	24	0.00013201
18	25	0.000140629
18	26	0.113111
18	27	0.00021863
18	28	0.000207055
18	29	0.00208243
18	30	0.000200063
18	31	0.000257861
18	32	0.000451195
18	33	0.00013319
18	34	0.000383634
18	35	0.000476679
18	36	0.000146466
18	37	0.000269985
18	38	0.000324178
18	39	0.000132082
18	40	0.000134847
18	41	0.000267234
18	42	0.000164046
18	43	0.000563939
18	44	0.000344463
18	45	0.000133233
18	46	0.000136854
18	47	0.000739674
18	48	0.000151545
18	49	0.00398502
18	50	0.000171126
18	51	0.000264972
18	52	0.000493309
18	53	0.000135901
18	54	0.000136284
18	55	0.000381973
18	56	0.000277751
18	57	0.000138564
18	58	0.000195644
18	59	0.00026509
18	60	0.000133689
18	61	0.000132103
18	62	0.000140325
18	63	0.000169681
18	64	0.00023453
18	65	0.000591574
18	66	0.000226413
18	67	0.000195048
19	0	0.000151951
19	1	9.99319e-05
19	2	0.000101014
19	3	0.000222798
19	4	0.000272639
19	5	0.000100129
19	6	0.000105801
19	7	0.000105336
19	8	0.000245839
19	9	4.71279e-15
19	10	1.31303e-15
19	11	0.000103272
19	12	0.00044701
19	13	0.000253272
19	14	0.000122973
19	15	0.000102441
19	16	0.00018467
19	17	0.000203059
19	18	0.000100626
19	19	0.000104187
19	20	0.000139164
19	21	0.000102718
19	22	0.00014002
19	23	0.000104029
19	24	9.95122e-05
19	25	0.000108131
19	26	0.113079
19	27	0.000186132
19	28	0.000174557
19	29	0.00204993
19	30	0.000167565
19	31	0.000225363
19	32	0.000418697
19	33	0.000100693
19	34	0.000351136
19	35	0.000444181
19	36	0.000113968
19	37	0.000237487
19	38	0.00029168
19	39	9.95841e-05
19	40	0.000102349
19	41	0.000234736
19	42	0.000131549
19	43	0.000531441
19	44	0.000311965
19	45	0.000100735
19	46	0.000104356
19	47	0.000707176
19	48	0.000119047
19	49	0.00395252
19	50	0.000138628
19	51	0.000232474
19	52	0.000460811
19	53	0.000103403
19	54	0.000103786
19	55	0.000349475
19	56	0.000245253
19	57	0.000106066
19	58	0.000163146
19	59	0.000232592
19	60	0.000101191
19	61	9.96054e-05
19	62	0.000107827
19	63	0.000137183
19	64	0.000202032
19	65	0.000559076
19	66	0.000193915
19	67	0.000162551
20	0	0.000295904
20	1	0.000243884
20	2	1.08205e-15
20	3	0.00036675
20	4	0.000416591
20	5	0.000244081
20	6	2.41059e-15
20	7	0.000249288
20	8	0.000389791
20	9	4.14778e-16
20	10	6.17784e-15
20	11	0.000247224
20	12	0.000590963
20	13	0.000397224
20	14	0.000266925
20	15	0.000246393
20	16	0.000328623
20	17	0.000347011
20	18	3.25672e-16
20	19	0.000248139
20	20	0.000283116
20	21	0.000246671
20	22	0.000283972
20	23	0.000247981
20	24	0.000243464
20	25	0.000252083
20	26	0.113223
20	27	0.000330085
20	28	0.000318509
20	29	0.00219388
20	30	0.000311517
20	31	0.000369315
20	32	0.000562649
20	33	0.000244645
20	34	0.000495088
20	35	0.000588133
20	36	0.00025792
20	37	0.000381439
20	38	0.000435632
20	39	0.000243536
20	40	0.000246302
20	41	0.000378688
20	42	0.000275501
20	43	0.000675393
20	44	0.000455917
20	45	0.000244687
20	46	0.000248308
20	47	0.000851128
20	48	0.000262999
20	49	0.00409648
20	50	0.000282581
20	51	0.000376426
20	52	0.000604764
20	53	0.000247355
20	54	0.000247738
20	55	0.000493427
20	56	0.000389205
20	57	0.000250018
20	58	0.000307099
20	59	0.000376544
20	60	0.000245144
20	61	4.1902e-15
20	62	0.000251779
20	63	0.000281135
20	64	0.000345985
20	65	0.000703028
20	66	0.000337867
20	67	0.000306503
21	0	0.000291864
21	1	0.000239845
21	2	4.82259e-15
21	3	0.000362711
21	4	0.000412552
21	5	0.000240042
21	6	0.000245714
21	7	0.000245249
21	8	0.000385752
21	9	3.85473e-15
21	10	4.29172e-15
21	11	0.000243185
21	12	0.000586923
21	13	0.000393185
21	14	0.000262886
21	15	0.000242354
21	16	0.000324583
21	17	0.000342972
21	18	0.000240539
21	19	6.11829e-15
21	20	0.000279077
21	21	0.000242632
21	22	0.000279933
21	23	6.17113e-16
21	24	0.000239425
21	25	0.000248044
21	26	0.113219
21	27	0.000326046
21	28	0.00031447
21	29	0.00218984
21	30	0.000307478
21	31	0.000365276
21	32	0.00055861
21	33	0.000240606
21	34	0.000491049
21	35	0.000584094
21	36	0.000253881
21	37	0.0003774
21	38	0.000431593
21	39	0.000239497
21	40	0.000242262
21	41	0.000374649
21	42	0.000271462
21	43	0.000671354
21	44	0.000451878
21	45	0.000240648
21	46	0.000244269
21	47	0.000847089
21	48	0.00025896
21	49	0.00409244
21	50	0.000278541
21	51	0.000372387
21	52	0.000600725
21	53	0.000243316
21	54	3.06219e-15
21	55	0.000489388
21	56	0.000385166
21	57	0.000245979
21	58	0.00030306
21	59	0.000372505
21	60	0.000241105
21	61	0.000239518
21	62	0.00024774
21	63	0.000277096
21	64	0.000341946
21	65	0.000698989
21	66	0.000333828
21	67	0.000302464
22	0	0.000189139
22	1	0.000137119
22	2	0.000138201
22	3	0.000259985
22	4	0.000309826
22	5	0.000137316
22	6	2.48497e-15
22	7	0.000142523
22	8	0.000283026
22	9	2.31534e-15
22	10	1.56767e-15
22	11	0.00014046
22	12	0.000484198
22	13	0.000290459
22	14	0.00016016
22	15	0.000139628
22	16	0.000221858
22	17	0.000240247
22	18	0.000137814
22	19	0.000141374
22	20	0.000176351
22	21	0.000139906
22	22	0.000177208
22	23	0.000141216
22	24	0.0001367
22	25	0.000145319
22	26	0.113116
22	27	0.00022332
22	28	0.000211744
22	29	0.00208712
22	30	0.000204752
22	31	0.00026255
22	32	0.000455884
22	33	0.00013788
22	34	0.000388323
22	35	0.000481368
22	36	0.000151155
22	37	0.000274674
22	38	0.000328867
22	39	0.000136772
22	40	0.000139537
22	41	0.000271924
22	42	0.000168736
22	43	0.000568628
22	44	0.000349152
22	45	0.000137922
22	46	0.000141543
22	47	0.000744364
22	48	0.000156234
22	49	0.00398971
22	50	0.000175816
22	51	0.000269661
22	52	0.000497999
22	53	0.00014059
22	54	0.000140973
22	55	0.000386662
22	56	0.000282441
22	57	0.000143254
22	58	0.000200334
22	59	0.000269779
22	60	0.000138379
22	61	0.000136793
22	62	0.000145015
22	63	0.00017437
22	64	0.00023922
22	65	0.000596264
22	66	0.000231103
22	67	0.000199738
23	0	0.000193645
23	1	0.000141626
23	2	0.000142708
23	3	0.000264492
23	4	0.000314333
23	5	4.04058e-15
23	6	6.18755e-15
23	7	0.00014703
23	8	0.000287533
23	9	6.08826e-15
23	10	2.40032e-16
23	11	0.000144966
23	12	0.000488705
23	13	0.000294966
23	14	0.000164667
23	15	0.000144135
23	16	0.000226365
23	17	0.000244753
23	18	0.00014232
23	19	0.000145881
23	20	0.000180858
23	21	0.000144413
23	22	0.000181714
23	23	0.000145723
23	24	0.000141206
23	25	0.000149825
23	26	0.113121
23	27	0.000227827
23	28	0.000216251
23	29	0.00209162
23	30	0.000209259
23	31	0.000267057
23	32	0.000460391
23	33	0.000142387
23	34	4.10515e-15
23	35	0.000485875
23	36	0.000155662
23	37	0.000279181
23	38	0.000333374
23	39	1.31085e-15
23	40	0.000144044
23	41	0.00027643
23	42	0.000173243
23	43	0.000573135
23	44	0.000353659
23	45	0.000142429
23	46	0.00014605
23	47	0.00074887
23	48	0.000160741
23	49	0.00399422
23	50	0.000180323
23	51	0.000274168
23	52	0.000502506
23	53	2.17547e-15
23	54	6.22571e-15
23	55	0.000391169
23	56	0.000286947
23	57	0.00014776
23	58	0.000204841
23	59	0.000274286
23	60	0.000142886
23	61	0.000141299
23	62	0.000149521
23	63	0.000178877
23	64	3.32972e-15
23	65	0.00060077
23	66	0.000235609
23	67	0.000204245
24	0	0.000118459
24	1	6.64399e-05
24	2	2.04193e-15
24	3	0.000189306
24	4	0.000239147
24	5	6.66366e-05
24	6	7.2309e-05
24	7	7.18437e-05
24	8	0.000212347
24	9	6.17404e-15
24	10	5.80954e-15
24	11	6.97801e-05
24	12	0.000413518
24	13	0.00021978
24	14	8.94809e-05
24	15	6.89486e-05
24	16	0.000151178
24	17	0.000169567
24	18	6.71342e-05
24	19	7.06947e-05
24	20	0.000105672
24	21	6.92264e-05
24	22	0.000106528
24	23	7.05365e-05
24	24	6.60202e-05
24	25	7.46393e-05
24	26	0.113045
24	27	0.00015264
24	28	0.000141065
24	29	0.00201644
24	30	0.000134073
24	31	0.000191871
24	32	0.000385205
24	33	6.72005e-05
24	34	0.000317644
24	35	0.000410689
24	36	8.04758e-05
24	37	0.000203995
24	38	0.000258188
24	39	6.60921e-05
24	40	6.88574e-05
24	41	0.000201244
24	42	9.80565e-05
24	43	0.000497949
24	44	0.000278473
24	45	6.72429e-05
24	46	7.08636e-05
24	47	0.000673684
24	48	8.5555e-05
24	49	0.00391903
24	50	0.000105136
24	51	0.000198982
24	52	0.000427319
24	53	6.99106e-05
24	54	7.02937e-05
24	55	0.000315983
24	56	0.000211761
24	57	7.25743e-05
24	58	0.000129654
24	59	0.0001991
24	60	6.76995e-05
24	61	6.61134e-05
24	62	7.43351e-05
24	63	0.000103691
24	64	0.00016854
24	65	0.000525584
24	66	0.000160423
24	67	0.000129059
25	0	0.000236846
25	1	0.000184826
25	2	1.49432e-15
25	3	0.000307692
25	4	0.000357533
25	5	0.000185023
25	6	0.000190695
25	7	0.00019023
25	8	0.000330733
25	9	3.79037e-15
25	10	6.04325e-15
25	11	0.000188167
25	12	0.000531905
25	13	0.000338166
25	14	0.000207867
25	15	0.000187335
25	16	0.000269565
25	17	0.000287954
25	18	0.000185521
25	19	0.000189081
25	20	0.000224058
25	21	0.000187613
25	22	0.000224915
25	23	0.000188923
25	24	0.000184407
25	25	0.000193026
25	26	0.113164
25	27	0.000271027
25	28	0.000259451
25	29	0.00213482
25	30	0.000252459
25	31	0.000310257
25	32	0.000503591
25	33	0.000185587
25	34	0.00043603
25	35	0.000529075
25	36	0.000198862
25	37	0.000322381
25	38	0.000376574
25	39	0.000184479
25	40	0.000187244
25	41	0.000319631
25	42	0.000216443
25	43	0.000616335
25	44	0.000396859
25	45	0.000185629
25	46	0.00018925
25	47	0.000792071
25	48	0.000203941
25	49	0.00403742
25	50	0.000223523
25	51	0.000317368
25	52	0.000545706
25	53	0.000188297
25	54	0.00018868
25	55	0.000434369
25	56	0.000330148
25	57	0.000190961
25	58	0.000248041
25	59	0.000317486
25	60	0.000186086
25	61	0.0001845
25	62	0.000192722
25	63	0.000222077
25	64	0.000286927
25	65	0.000643971
25	66	0.00027881
25	67	0.000247445
26	0	0.0536895
26	1	0.0536375
26	2	3.60676e-15
26	3	0.0537604
26	4	0.0538102
26	5	1.66638e-15
26	6	3.49409e-15
26	7	0.0536429
26	8	0.0537834
26	9	1.04083e-15
26	10	3.92652e-15
26	11	2.89555e-16
26	12	2.48357e-15
26	13	0.0537908
26	14	0.0536605
26	15	2.67157e-15
26	16	0.0537222
26	17	0.0537406
26	18	5.18969e-15
26	19	9.21168e-16
26	20	3.12558e-15
26	21	4.68255e-16
26	22	0.0536776
26	23	2.05779e-15
26	24	5.31372e-15
26	25	8.11135e-16
26	26	0.166616
26	27	0.0537237
26	28	0.0537121
26	29	0.0555875
26	30	0.0537051
26	31	0.0537629
26	32	0.0539563
26	33	6.44197e-15
26	34	0.0538887
26	35	0.0539818
26	36	0.0536515
26	37	3.71481e-15
26	38	0.0538293
26	39	3.20698e-15
26	40	2.77826e-15
26	41	0.0537723
26	42	0.0536691
26	43	0.054069
26	44	0.0538495
26	45	5.50758e-15
26	46	0.0536419
26	47	0.0542447
26	48	0.0536566
26	49	0.0574901
26	50	0.0536762
26	51	0.05377
26	52	3.79156e-15
26	53	0.053641
26	54	5.17836e-15
26	55	0.053887
26	56	0.0537828
26	57	0.0536436
26	58	0.0537007
26	59	0.0537702
26	60	3.0869e-15
26	61	1.34757e-15
26	62	0.0536454
26	63	0.0536748
26	64	0.0537396
26	65	0.0540966
26	66	1.05875e-15
26	67	0.0537001
27	0	0.000321111
27	1	0.000269092
27	2	4.28946e-15
27	3	0.000391957
27	4	0.000441798
27	5	0.000269288
27	6	4.94713e-15
27	7	0.000274495
27	8	0.000414998
27	9	5.50354e-15
27	10	9.77273e-16
27	11	0.000272432
27	12	0.00061617
27	13	0.000422431
27	14	0.000292132
27	15	0.0002716
27	16	0.00035383
27	17	0.000372219
27	18	0.000269786
27	19	0.000273346
27	20	0.000308324
27	21	0.000271878
27	22	0.00030918
27	23	0.000273188
27	24	0.000268672
27	25	0.000277291
27	26	0.113248
27	27	0.000355292
27	28	0.000343717
27	29	0.00221909
27	30	0.000336724
27	31	0.000394522
27	32	0.000587856
27	33	0.000269852
27	34	0.000520295
27	35	0.00061334
27	36	0.000283127
27	37	0.000406646
27	38	0.000460839
27	39	0.000268744
27	40	0.000271509
27	41	0.000403896
27	42	0.000300708
27	43	0.0007006
27	44	0.000481124
27	45	0.000269894
27	46	0.000273515
27	47	0.000876336
27	48	0.000288207
27	49	0.00412168
27	50	0.000307788
27	51	0.000401633
27	52	0.000629971
27	53	0.000272562
27	54	0.000272945
27	55	0.000518634
27	56	0.000414413
27	57	0.000275226
27	58	0.000332306
27	59	0.000401751
27	60	0.000270351
27	61	0.000268765
27	62	0.000276987
27	63	0.000306342
27	64	0.000371192
27	65	0.000728236
27	66	0.000363075
27	67	0.00033171
28	0	0.000393052
28	1	0.000341032
28	2	0.000342114
28	3	0.000463898
28	4	0.000513739
28	5	0.000341229
28	6	2.80504e-15
28	7	0.000346436
28	8	0.000486939
28	9	3.70444e-15
28	10	6.24302e-15
28	11	0.000344373
28	12	0.000688111
28	13	0.000494372
28	14	0.000364073
28	15	0.000343541
28	16	0.000425771
28	17	0.00044416
28	18	0.000341727
28	19	0.000345287
28	20	0.000380264
28	21	0.000343819
28	22	0.000381121
28	23	2.93226e-15
28	24	0.000340613
28	25	0.000349232
28	26	0.11332
28	27	0.000427233
28	28	0.000415657
28	29	0.00229103
28	30	0.000408665
28	31	0.000466463
28	32	0.000659797
28	33	1.71638e-15
28	34	0.000592236
28	35	0.000685281
28	36	0.000355068
28	37	0.000478587
28	38	0.00053278
28	39	5.88109e-15
28	40	0.00034345
28	41	0.000475837
28	42	0.000372649
28	43	0.000772541
28	44	0.000553065
28	45	0.000341835
28	46	0.000345456
28	47	0.000948277
28	48	0.000360147
28	49	0.00419362
28	50	0.000379729
28	51	0.000473574
28	52	0.000701912
28	53	0.000344503
28	54	0.000344886
28	55	0.000590575
28	56	0.000486354
28	57	0.000347167
28	58	0.000404247
28	59	0.000473692
28	60	0.000342292
28	61	0.000340706
28	62	0.000348928
28	63	0.000378283
28	64	0.000443133
28	65	0.000800177
28	66	0.000435016
28	67	0.000403651
29	0	0.00165041
29	1	0.00159839
29	2	6.23055e-15
29	3	0.00172126
29	4	0.0017711
29	5	0.00159859
29	6	4.93241e-15
29	7	0.0016038
29	8	0.0017443
29	9	4.55163e-15
29	10	2.76189e-15
29	11	0.00160173
29	12	0.00194547
29	13	0.00175173
29	14	0.00162144
29	15	0.0016009
29	16	0.00168313
29	17	0.00170152
29	18	6.11378e-15
29	19	0.00160265
29	20	0.00163763
29	21	0.00160118
29	22	0.00163848
29	23	0.00160249
29	24	0.00159798
29	25	0.00160659
29	26	0.114577
29	27	0.0016846
29	28	0.00167302
29	29	0.00354839
29	30	0.00166603
29	31	0.00172383
29	32	0.00191716
29	33	0.00159916
29	34	0.0018496
29	35	0.00194264
29	36	0.00161243
29	37	0.00173595
29	38	0.00179014
29	39	0.00159805
29	40	0.00160081
29	41	0.0017332
29	42	0.00163001
29	43	0.0020299
29	44	0.00181043
29	45	5.35834e-16
29	46	0.00160282
29	47	0.00220564
29	48	0.00161751
29	49	0.00545099
29	50	0.00163709
29	51	0.00173094
29	52	0.00195927
29	53	0.00160187
29	54	0.00160225
29	55	0.00184794
29	56	0.00174372
29	57	0.00160453
29	58	0.00166161
29	59	0.00173105
29	60	0.00159965
29	61	0.00159807
29	62	0.00160629
29	63	0.00163565
29	64	0.0017005
29	65	0.00205754
29	66	0.00169238
29	67	0.00166101
30	0	0.000426899
30	1	0.000374879
30	2	5.32394e-15
30	3	0.000497745
30	4	0.000547586
30	5	0.000375076
30	6	4.7897e-16
30	7	0.000380283
30	8	0.000520786
30	9	6.05815e-15
30	10	2.50943e-15
30	11	0.000378219
30	12	0.000721958
30	13	0.000528219
30	14	0.00039792
30	15	0.000377388
30	16	0.000459618
30	17	0.000478006
30	18	0.000375573
30	19	0.000379134
30	20	0.000414111
30	21	0.000377666
30	22	0.000414967
30	23	5.74042e-15
30	24	0.000374459
30	25	0.000383078
30	26	0.113354
30	27	0.00046108
30	28	0.000449504
30	29	0.00232488
30	30	0.000442512
30	31	0.00050031
30	32	0.000693644
30	33	0.00037564
30	34	0.000626083
30	35	0.000719128
30	36	0.000388915
30	37	0.000512434
30	38	0.000566627
30	39	0.000374531
30	40	0.000377297
30	41	0.000509683
30	42	0.000406496
30	43	0.000806388
30	44	0.000586912
30	45	0.000375682
30	46	0.000379303
30	47	0.000982123
30	48	0.000393994
30	49	0.00422747
30	50	0.000413576
30	51	0.000507421
30	52	0.000735759
30	53	0.00037835
30	54	0.000378733
30	55	0.000624422
30	56	0.0005202
30	57	0.000381013
30	58	0.000438094
30	59	0.000507539
30	60	0.000376139
30	61	0.000374553
30	62	0.000382774
30	63	0.00041213
30	64	0.00047698
30	65	0.000834023
30	66	0.000468862
30	67	0.000437498
31	0	0.000383078
31	1	0.000331059
31	2	1.85958e-15
31	3	0.000453925
31	4	0.000503766
31	5	0.000331256
31	6	0.000336928
31	7	0.000336463
31	8	0.000476966
31	9	4.63543e-15
31	10	4.16768e-15
31	11	0.000334399
31	12	0.000678137
31	13	0.000484399
31	14	0.0003541
31	15	0.000333568
31	16	0.000415797
31	17	0.000434186
31	18	0.000331753
31	19	0.000335314
31	20	0.000370291
31	21	0.000333846
31	22	0.000371147
31	23	0.000335156
31	24	0.000330639
31	25	0.000339258
31	26	0.11331
31	27	0.000417259
31	28	0.000405684
31	29	0.00228106
31	30	0.000398692
31	31	0.00045649
31	32	0.000649824
31	33	0.00033182
31	34	0.000582263
31	35	0.000675308
31	36	0.000345095
31	37	0.000468614
31	38	0.000522807
31	39	0.000330711
31	40	0.000333476
31	41	0.000465863
31	42	0.000362676
31	43	0.000762568
31	44	0.000543092
31	45	0.000331862
31	46	0.000335483
31	47	0.000938303
31	48	0.000350174
31	49	0.00418365
31	50	0.000369755
31	51	0.000463601
31	52	0.000691939
31	53	0.00033453
31	54	0.000334913
31	55	0.000580602
31	56	0.00047638
31	57	0.000337193
31	58	0.000394274
31	59	0.000463719
31	60	0.000332319
31	61	0.000330732
31	62	0.000338954
31	63	0.00036831
31	64	0.00043316
31	65	0.000790203
31	66	0.000425042
31	67	0.000393678
32	0	0.000469459
32	1	0.000417439
32	2	0.000418521
32	3	0.000540305
32	4	0.000590146
32	5	0.000417636
32	6	6.21351e-15
32	7	0.000422843
32	8	0.000563346
32	9	0.000497422
32	10	3.62943e-15
32	11	0.000420779
32	12	0.000764518
32	13	0.000570779
32	14	0.00044048
32	15	0.000419948
32	16	0.000502178
32	17	0.000520566
32	18	0.000418133
32	19	0.000421694
32	20	0.000456671
32	21	0.000420226
32	22	0.000457527
32	23	0.000421536
32	24	0.000417019
32	25	0.000425638
32	26	0.113396
32	27	0.00050364
32	28	0.000492064
32	29	0.00236744
32	30	0.000485072
32	31	0.00054287
32	32	0.000736204
32	33	0.0004182
32	34	0.000668643
32	35	0.000761688
32	36	0.000431475
32	37	0.000554994
32	38	0.000609187
32	39	0.000417091
32	40	0.000419857
32	41	0.000552243
32	42	0.000449056
32	43	0.000848948
32	44	0.000629472
32	45	0.000418242
32	46	0.000421863
32	47	0.00102468
32	48	0.000436554
32	49	0.00427003
32	50	0.000456136
32	51	0.000549981
32	52	0.000778319
32	53	0.00042091
32	54	0.000421293
32	55	0.000666982
32	56	0.00056276
32	57	0.000423573
32	58	0.000480654
32	59	0.000550099
32	60	0.000418699
32	61	0.000417113
32	62	0.000425334
32	63	0.00045469
32	64	0.00051954
32	65	0.000876583
32	66	0.000511422
32	67	0.000480058
33	0	0.000171433
33	1	0.000119413
33	2	0.000120495
33	3	0.000242279
33	4	0.00029212
33	5	0.00011961
33	6	8.67549e-16
33	7	0.000124817
33	8	0.00026532
33	9	5.62731e-16
33	10	6.29988e-15
33	11	0.000122753
33	12	6.41866e-15
33	13	0.000272753
33	14	0.000142454
33	15	0.000121922
33	16	0.000204152
33	17	0.00022254
33	18	0.000120107
33	19	0.000123668
33	20	0.000158645
33	21	0.0001222
33	22	0.000159501
33	23	0.00012351
33	24	0.000118993
33	25	0.000127612
33	26	0.113098
33	27	0.000205614
33	28	0.000194038
33	29	0.00206941
33	30	0.000187046
33	31	0.000244844
33	32	0.000438178
33	33	0.000120174
33	34	3.98033e-15
33	35	0.000463662
33	36	0.000133449
33	37	0.000256968
33	38	0.000311161
33	39	0.000119065
33	40	0.000121831
33	41	0.000254217
33	42	0.00015103
33	43	0.000550922
33	44	0.000331446
33	45	0.000120216
33	46	0.000123837
33	47	0.000726657
33	48	0.000138528
33	49	0.003972
33	50	0.00015811
33	51	0.000251955
33	52	0.000480293
33	53	0.000122884
33	54	0.000123267
33	55	0.000368956
33	56	0.000264734
33	57	0.000125547
33	58	0.000182628
33	59	0.000252073
33	60	0.000120673
33	61	0.000119087
33	62	0.000127308
33	63	0.000156664
33	64	0.000221514
33	65	0.000578557
33	66	0.000213396
33	67	0.000182032
34	0	0.000539955
34	1	0.000487935
34	2	1.93909e-15
34	3	0.000610801
34	4	0.000660642
34	5	0.000488132
34	6	6.19261e-15
34	7	0.000493339
34	8	0.000633842
34	9	2.77658e-15
34	10	5.3532e-15
34	11	0.000491275
34	12	0.000835014
34	13	0.000641275
34	14	0.000510976
34	15	0.000490444
34	16	0.000572674
34	17	0.000591062
34	18	2.96137e-15
34	19	0.00049219
34	20	0.000527167
34	21	0.000490722
34	22	0.000528023
34	23	0.000492032
34	24	2.93377e-15
34	25	0.000496135
34	26	0.113467
34	27	0.000574136
34	28	0.00056256
34	29	0.00243793
34	30	0.000555568
34	31	0.000613366
34	32	0.0008067
34	33	0.000488696
34	34	0.000739139
34	35	0.000832184
34	36	0.000501971
34	37	0.00062549
34	38	0.000679683
34	39	0.000487587
34	40	0.000490353
34	41	0.000622739
34	42	0.000519552
34	43	0.000919444
34	44	0.000699968
34	45	4.76368e-15
34	46	0.000492359
34	47	0.00109518
34	48	0.00050705
34	49	0.00434053
34	50	0.000526632
34	51	0.000620477
34	52	0.000848815
34	53	0.000491406
34	54	0.000491789
34	55	0.000737478
34	56	0.000633256
34	57	0.00049407
34	58	0.00055115
34	59	0.000620595
34	60	6.10544e-15
34	61	2.0401e-15
34	62	0.00049583
34	63	0.000525186
34	64	0.000590036
34	65	0.000947079
34	66	0.000581918
34	67	0.000550554
35	0	0.000601555
35	1	0.000549536
35	2	4.66138e-15
35	3	0.000672401
35	4	0.000722242
35	5	0.000549732
35	6	2.3494e-15
35	7	0.000554939
35	8	0.000695443
35	9	2.06817e-15
35	10	6.6838e-16
35	11	0.000552876
35	12	0.000896614
35	13	0.000702876
35	14	0.000572577
35	15	0.000552044
35	16	0.000634274
35	17	0.000652663
35	18	1.4003e-15
35	19	0.00055379
35	20	0.000588768
35	21	0.000552322
35	22	0.000589624
35	23	0.000553632
35	24	0.000549116
35	25	0.000557735
35	26	0.113529
35	27	0.000635736
35	28	0.000624161
35	29	0.00249953
35	30	0.000617168
35	31	0.000674966
35	32	0.0008683
35	33	0.000550296
35	34	0.000800739
35	35	0.000893785
35	36	0.000563572
35	37	0.00068709
35	38	0.000741283
35	39	0.000549188
35	40	0.000551953
35	41	0.00068434
35	42	0.000581152
35	43	0.000981045
35	44	0.000761568
35	45	0.000550339
35	46	0.000553959
35	47	0.00115678
35	48	0.000568651
35	49	0.00440213
35	50	0.000588232
35	51	0.000682077
35	52	0.000910415
35	53	0.000553006
35	54	0.000553389
35	55	0.000799078
35	56	0.000694857
35	57	0.00055567
35	58	0.00061275
35	59	0.000682196
35	60	0.000550795
35	61	0.000549209
35	62	0.000557431
35	63	0.000586786
35	64	0.000651636
35	65	0.00100868
35	66	0.000643519
35	67	0.000612154
36	0	0.00016922
36	1	0.000117201
36	2	0.000118283
36	3	0.000240067
36	4	0.000289908
36	5	0.000117398
36	6	0.00012307
36	7	0.000122605
36	8	0.000263108
36	9	5.68818e-15
36	10	5.641e-15
36	11	0.000120541
36	12	0.000464279
36	13	0.000270541
36	14	0.000140242
36	15	0.00011971
36	16	0.000201939
36	17	0.000220328
36	18	0.000117895
36	19	0.000121456
36	20	0.000156433
36	21	0.000119987
36	22	0.000157289
36	23	0.000121298
36	24	0.000116781
36	25	0.0001254
36	26	0.113096
36	27	0.000203401
36	28	0.000191826
36	29	0.0020672
36	30	0.000184834
36	31	0.000242632
36	32	0.000435966
36	33	0.000117962
36	34	0.000368405
36	35	0.00046145
36	36	0.000131237
36	37	0.000254756
36	38	0.000308949
36	39	0.000116853
36	40	0.000119618
36	41	0.000252005
36	42	0.000148818
36	43	0.00054871
36	44	0.000329234
36	45	0.000118004
36	46	0.000121625
36	47	0.000724445
36	48	0.000136316
36	49	0.00396979
36	50	0.000155897
36	51	0.000249743
36	52	0.000478081
36	53	0.000120672
36	54	0.000121055
36	55	0.000366744
36	56	0.000262522
36	57	0.000123335
36	58	0.000180415
36	59	0.000249861
36	60	0.00011846
36	61	0.000116874
36	62	0.000125096
36	63	0.000154452
36	64	0.000219302
36	65	0.000576345
36	66	0.000211184
36	67	0.00017982
37	0	0.000556511
37	1	0.000504491
37	2	0.000505573
37	3	0.000627357
37	4	0.000677198
37	5	0.000504688
37	6	2.51585e-15
37	7	0.000509895
37	8	0.000650398
37	9	1.11724e-15
37	10	4.49447e-15
37	11	0.000507832
37	12	0.00085157
37	13	0.000657831
37	14	0.000527532
37	15	0.000507
37	16	0.00058923
37	17	0.000607619
37	18	5.81203e-15
37	19	0.000508746
37	20	0.000543723
37	21	0.000507278
37	22	0.00054458
37	23	0.000508588
37	24	0.000504072
37	25	0.000512691
37	26	0.113483
37	27	0.000590692
37	28	0.000579116
37	29	0.00245449
37	30	0.000572124
37	31	0.000629922
37	32	0.000823256
37	33	4.13641e-17
37	34	0.000755695
37	35	0.00084874
37	36	0.000518527
37	37	0.000642046
37	38	0.000696239
37	39	0.000504144
37	40	0.000506909
37	41	0.000639296
37	42	0.000536108
37	43	0.000936
37	44	0.000716524
37	45	0.000505294
37	46	0.000508915
37	47	0.00111174
37	48	0.000523606
37	49	0.00435708
37	50	0.000543188
37	51	0.000637033
37	52	0.000865371
37	53	0.000507962
37	54	0.000508345
37	55	0.000754034
37	56	0.000649813
37	57	0.000510626
37	58	0.000567706
37	59	0.000637151
37	60	2.4439e-15
37	61	5.01102e-16
37	62	0.000512387
37	63	0.000541742
37	64	0.000606592
37	65	0.000963636
37	66	0.000598475
37	67	0.00056711
38	0	0.000454074
38	1	0.000402054
38	2	5.09426e-15
38	3	0.00052492
38	4	0.000574761
38	5	0.000402251
38	6	3.08802e-16
38	7	0.000407458
38	8	0.000547961
38	9	3.17441e-15
38	10	1.99167e-15
38	11	0.000405394
38	12	0.000749133
38	13	0.000555394
38	14	0.000425095
38	15	0.000404563
38	16	0.000486793
38	17	0.000505181
38	18	1.03008e-15
38	19	0.000406309
38	20	0.000441286
38	21	0.000404841
38	22	0.000442142
38	23	0.000406151
38	24	0.000401634
38	25	0.000410253
38	26	0.113381
38	27	0.000488255
38	28	0.000476679
38	29	0.00235205
38	30	0.000469687
38	31	0.000527485
38	32	0.000720819
38	33	0.000402815
38	34	0.000653258
38	35	0.000746303
38	36	0.00041609
38	37	0.000539609
38	38	0.000593802
38	39	0.000401706
38	40	0.000404472
38	41	0.000536858
38	42	0.000433671
38	43	0.000833563
38	44	0.000614087
38	45	0.000402857
38	46	0.000406478
38	47	0.0010093
38	48	0.000421169
38	49	0.00425465
38	50	0.000440751
38	51	0.000534596
38	52	0.000762934
38	53	0.000405525
38	54	0.000405908
38	55	0.000651597
38	56	0.000547375
38	57	0.000408188
38	58	0.000465269
38	59	0.000534714
38	60	0.000403314
38	61	0.000401728
38	62	0.000409949
38	63	0.000439305
38	64	0.000504155
38	65	0.000861198
38	66	0.000496037
38	67	0.000464673
39	0	0.000160252
39	1	0.000108232
39	2	8.78532e-16
39	3	0.000231098
39	4	0.000280939
39	5	0.000108429
39	6	3.70467e-15
39	7	0.000113636
39	8	0.000254139
39	9	6.47246e-15
39	10	4.48831e-15
39	11	0.000111572
39	12	0.000455311
39	13	0.000261572
39	14	0.000131273
39	15	0.000110741
39	16	0.000192971
39	17	0.000211359
39	18	0.000108926
39	19	0.000112487
39	20	0.000147464
39	21	0.000111019
39	22	0.00014832
39	23	4.60282e-15
39	24	0.000107813
39	25	0.000116432
39	26	0.113087
39	27	0.000194433
39	28	0.000182857
39	29	0.00205823
39	30	0.000175865
39	31	0.000233663
39	32	0.000426997
39	33	0.000108993
39	34	3.17323e-15
39	35	0.000452481
39	36	0.000122268
39	37	0.000245787
39	38	0.00029998
39	39	0.000107884
39	40	0.00011065
39	41	0.000243036
39	42	0.000139849
39	43	0.000539741
39	44	0.000320265
39	45	0.000109035
39	46	0.000112656
39	47	0.000715477
39	48	0.000127347
39	49	0.00396082
39	50	0.000146929
39	51	0.000240774
39	52	0.000469112
39	53	0.000111703
39	54	4.77256e-15
39	55	0.000357775
39	56	0.000253553
39	57	0.000114367
39	58	0.000171447
39	59	0.000240892
39	60	0.000109492
39	61	0.000107906
39	62	0.000116127
39	63	0.000145483
39	64	0.000210333
39	65	0.000567376
39	66	0.000202215
39	67	0.000170851
40	0	0.000147562
40	1	9.55429e-05
40	2	9.66249e-05
40	3	0.000218409
40	4	0.00026825
40	5	9.57396e-05
40	6	0.000101412
40	7	0.000100947
40	8	0.00024145
40	9	3.53232e-15
40	10	7.4288e-16
40	11	9.88831e-05
40	12	0.000442621
40	13	0.000248883
40	14	0.000118584
40	15	9.80516e-05
40	16	0.000180281
40	17	0.00019867
40	18	9.62371e-05
40	19	9.97976e-05
40	20	0.000134775
40	21	9.83294e-05
40	22	0.000135631
40	23	9.96395e-05
40	24	9.51232e-05
40	25	0.000103742
40	26	0.113075
40	27	0.000181743
40	28	0.000170168
40	29	0.00204554
40	30	0.000163176
40	31	0.000220974
40	32	0.000414308
40	33	9.63035e-05
40	34	0.000346747
40	35	0.000439792
40	36	0.000109579
40	37	0.000233098
40	38	0.000287291
40	39	9.51951e-05
40	40	9.79604e-05
40	41	0.000230347
40	42	0.000127159
40	43	0.000527052
40	44	0.000307576
40	45	9.63458e-05
40	46	9.99666e-05
40	47	0.000702787
40	48	0.000114658
40	49	0.00394813
40	50	0.000134239
40	51	0.000228085
40	52	0.000456422
40	53	9.90135e-05
40	54	9.93967e-05
40	55	0.000345086
40	56	0.000240864
40	57	0.000101677
40	58	0.000158757
40	59	0.000228203
40	60	9.68024e-05
40	61	9.52163e-05
40	62	0.000103438
40	63	0.000132794
40	64	0.000197643
40	65	0.000554687
40	66	0.000189526
40	67	0.000158161
41	0	0.000441575
41	1	0.000389556
41	2	0.000390638
41	3	0.000512421
41	4	0.000562263
41	5	0.000389752
41	6	2.75519e-15
41	7	0.00039496
41	8	0.000535463
41	9	6.48383e-15
41	10	4.68814e-15
41	11	0.000392896
41	12	0.000736634
41	13	0.000542896
41	14	0.000412597
41	15	0.000392064
41	16	0.000474294
41	17	0.000492683
41	18	0.00039025
41	19	0.000393811
41	20	0.000428788
41	21	0.000392342
41	22	0.000429644
41	23	0.000393652
41	24	0.000389136
41	25	0.000397755
41	26	0.113369
41	27	0.000475756
41	28	0.000464181
41	29	0.00233955
41	30	0.000457188
41	31	0.000514986
41	32	0.000708321
41	33	0.000390316
41	34	0.00064076
41	35	0.000733805
41	36	0.000403592
41	37	0.000527111
41	38	0.000581304
41	39	0.000389208
41	40	0.000391973
41	41	0.00052436
41	42	0.000421172
41	43	0.000821065
41	44	0.000601588
41	45	0.000390359
41	46	0.000393979
41	47	0.0009968
41	48	0.000408671
41	49	0.00424215
41	50	0.000428252
41	51	0.000522098
41	52	0.000750435
41	53	0.000393026
41	54	0.00039341
41	55	0.000639098
41	56	0.000534877
41	57	0.00039569
41	58	0.00045277
41	59	0.000522216
41	60	0.000390815
41	61	0.000389229
41	62	0.000397451
41	63	0.000426806
41	64	0.000491656
41	65	0.0008487
41	66	0.000483539
41	67	0.000452174
42	0	0.000267177
42	1	0.000215157
42	2	0.000216239
42	3	0.000338023
42	4	0.000387864
42	5	0.000215354
42	6	2.52857e-16
42	7	0.000220561
42	8	0.000361064
42	9	2.84733e-15
42	10	8.70392e-16
42	11	0.000218498
42	12	0.000562236
42	13	0.000368497
42	14	0.000238198
42	15	0.000217666
42	16	0.000299896
42	17	0.000318285
42	18	3.58362e-15
42	19	0.000219412
42	20	0.000254389
42	21	0.000217944
42	22	0.000255246
42	23	0.000219254
42	24	0.000214738
42	25	0.000223357
42	26	0.113194
42	27	0.000301358
42	28	0.000289782
42	29	0.00216515
42	30	0.00028279
42	31	0.000340588
42	32	0.000533922
42	33	0.000215918
42	34	0.000466361
42	35	0.000559406
42	36	0.000229193
42	37	0.000352712
42	38	0.000406905
42	39	0.00021481
42	40	0.000217575
42	41	0.000349962
42	42	0.000246774
42	43	0.000646666
42	44	0.00042719
42	45	0.00021596
42	46	0.000219581
42	47	0.000822402
42	48	0.000234273
42	49	0.00406775
42	50	0.000253854
42	51	0.000347699
42	52	0.000576037
42	53	0.000218628
42	54	0.000219011
42	55	0.0004647
42	56	0.000360479
42	57	0.000221292
42	58	0.000278372
42	59	0.000347817
42	60	0.000216417
42	61	0.000214831
42	62	0.000223053
42	63	0.000252408
42	64	0.000317258
42	65	0.000674302
42	66	0.000309141
42	67	0.000277776
43	0	0.000799478
43	1	0.000747459
43	2	0.000748541
43	3	0.000870325
43	4	0.000920166
43	5	0.000747656
43	6	6.14788e-15
43	7	0.000752863
43	8	0.000893366
43	9	0.000827441
43	10	8.97379e-16
43	11	0.000750799
43	12	0.00109454
43	13	0.000900799
43	14	0.0007705
43	15	0.000749968
43	16	0.000832197
43	17	0.000850586
43	18	0.000748153
43	19	0.000751714
43	20	0.000786691
43	21	0.000750245
43	22	0.000787547
43	23	0.000751555
43	24	0.000747039
43	25	0.000755658
43	26	0.113726
43	27	0.000833659
43	28	0.000822084
43	29	0.00269746
43	30	0.000815092
43	31	0.00087289
43	32	0.00106622
43	33	2.04232e-15
43	34	0.000998663
43	35	0.00109171
43	36	0.000761495
43	37	0.000885014
43	38	0.000939207
43	39	0.000747111
43	40	0.000749876
43	41	0.000882263
43	42	0.000779075
43	43	0.00117897
43	44	0.000959492
43	45	0.000748262
43	46	0.000751883
43	47	0.0013547
43	48	0.000766574
43	49	0.00460005
43	50	0.000786155
43	51	0.000880001
43	52	0.00110834
43	53	0.00075093
43	54	0.000751313
43	55	0.000997002
43	56	0.00089278
43	57	0.000753593
43	58	0.000810673
43	59	0.000880119
43	60	0.000748718
43	61	0.000747132
43	62	0.000755354
43	63	0.00078471
43	64	0.000849559
43	65	0.0012066
43	66	0.000841442
43	67	0.000810077
44	0	0.000472578
44	1	0.000420559
44	2	5.40941e-15
44	3	0.000543425
44	4	0.000593266
44	5	0.000420756
44	6	1.39355e-16
44	7	0.000425963
44	8	0.000566466
44	9	6.36585e-15
44	10	5.61751e-15
44	11	0.000423899
44	12	0.000767638
44	13	0.000573899
44	14	0.0004436
44	15	0.000423068
44	16	0.000505298
44	17	0.000523686
44	18	0.000421253
44	19	0.000424814
44	20	0.000459791
44	21	0.000423346
44	22	0.000460647
44	23	0.000424656
44	24	0.000420139
44	25	0.000428758
44	26	0.1134
44	27	0.00050676
44	28	0.000495184
44	29	0.00237056
44	30	0.000488192
44	31	0.00054599
44	32	0.000739324
44	33	0.00042132
44	34	0.000671763
44	35	0.000764808
44	36	0.000434595
44	37	0.000558114
44	38	0.000612307
44	39	0.000420211
44	40	0.000422977
44	41	0.000555363
44	42	0.000452176
44	43	0.000852068
44	44	0.000632592
44	45	0.000421362
44	46	0.000424983
44	47	0.0010278
44	48	0.000439674
44	49	0.00427315
44	50	0.000459255
44	51	0.000553101
44	52	0.000781439
44	53	0.00042403
44	54	0.000424413
44	55	0.000670102
44	56	0.00056588
44	57	0.000426693
44	58	0.000483774
44	59	0.000553219
44	60	0.000421819
44	61	0.000420232
44	62	0.000428454
44	63	0.00045781
44	64	0.00052266
44	65	0.000879703
44	66	0.000514542
44	67	0.000483178
45	0	0.000157878
45	1	0.000105859
45	2	6.29278e-15
45	3	0.000228724
45	4	0.000278566
45	5	0.000106055
45	6	4.79231e-15
45	7	0.000111263
45	8	0.000251766
45	9	7.92527e-16
45	10	2.01768e-15
45	11	0.000109199
45	12	0.000452937
45	13	0.000259199
45	14	0.0001289
45	15	0.000108367
45	16	0.000190597
45	17	0.000208986
45	18	0.000106553
45	19	0.000110114
45	20	0.000145091
45	21	0.000108645
45	22	0.000145947
45	23	0.000109955
45	24	0.000105439
45	25	0.000114058
45	26	0.113085
45	27	0.000192059
45	28	0.000180484
45	29	0.00205586
45	30	0.000173491
45	31	0.000231289
45	32	0.000424624
45	33	0.000106619
45	34	0.000357063
45	35	0.000450108
45	36	0.000119895
45	37	0.000243414
45	38	0.000297607
45	39	0.000105511
45	40	0.000108276
45	41	0.000240663
45	42	0.000137475
45	43	0.000537368
45	44	0.000317891
45	45	0.000106662
45	46	0.000110282
45	47	0.000713103
45	48	0.000124974
45	49	0.00395845
45	50	0.000144555
45	51	0.000238401
45	52	0.000466738
45	53	0.000109329
45	54	0.000109713
45	55	0.000355401
45	56	0.00025118
45	57	0.000111993
45	58	0.000169073
45	59	0.000238519
45	60	0.000107118
45	61	0.000105532
45	62	0.000113754
45	63	0.000143109
45	64	0.000207959
45	65	0.000565003
45	66	0.000199842
45	67	0.000168477
46	0	0.000203095
46	1	0.000151075
46	2	6.18328e-15
46	3	0.000273941
46	4	0.000323782
46	5	0.000151272
46	6	0.000156944
46	7	0.000156479
46	8	0.000296982
46	9	5.01738e-16
46	10	3.25952e-15
46	11	0.000154415
46	12	0.000498154
46	13	0.000304415
46	14	0.000174116
46	15	0.000153584
46	16	0.000235814
46	17	0.000254202
46	18	0.000151769
46	19	0.00015533
46	20	0.000190307
46	21	0.000153862
46	22	0.000191163
46	23	0.000155172
46	24	0.000150656
46	25	0.000159275
46	26	0.11313
46	27	0.000237276
46	28	0.0002257
46	29	0.00210107
46	30	0.000218708
46	31	0.000276506
46	32	0.00046984
46	33	0.000151836
46	34	0.000402279
46	35	0.000495324
46	36	0.000165111
46	37	0.00028863
46	38	0.000342823
46	39	0.000150727
46	40	0.000153493
46	41	0.000285879
46	42	0.000182692
46	43	0.000582584
46	44	0.000363108
46	45	0.000151878
46	46	0.000155499
46	47	0.00075832
46	48	0.00017019
46	49	0.00400367
46	50	0.000189772
46	51	0.000283617
46	52	0.000511955
46	53	0.000154546
46	54	0.000154929
46	55	0.000400618
46	56	0.000296396
46	57	0.00015721
46	58	0.00021429
46	59	0.000283735
46	60	0.000152335
46	61	0.000150749
46	62	0.00015897
46	63	0.000188326
46	64	0.000253176
46	65	0.000610219
46	66	0.000245058
46	67	0.000213694
47	0	0.00066538
47	1	0.000613361
47	2	0.000614443
47	3	0.000736226
47	4	0.000786068
47	5	0.000613558
47	6	5.19949e-15
47	7	0.000618765
47	8	0.000759268
47	9	0.000693343
47	10	3.56418e-16
47	11	0.000616701
47	12	0.000960439
47	13	0.000766701
47	14	0.000636402
47	15	0.00061587
47	16	0.000698099
47	17	0.000716488
47	18	6.58822e-16
47	19	0.000617616
47	20	0.000652593
47	21	0.000616147
47	22	0.000653449
47	23	0.000617457
47	24	0.000612941
47	25	0.00062156
47	26	0.113592
47	27	0.000699561
47	28	0.000687986
47	29	0.00256336
47	30	0.000680994
47	31	0.000738792
47	32	0.000932126
47	33	0.000614121
47	34	0.000864565
47	35	0.00095761
47	36	0.000627397
47	37	0.000750916
47	38	0.000805109
47	39	0.000613013
47	40	0.000615778
47	41	0.000748165
47	42	0.000644977
47	43	0.00104487
47	44	0.000825393
47	45	0.000614164
47	46	0.000617785
47	47	0.00122061
47	48	0.000632476
47	49	0.00446595
47	50	0.000652057
47	51	0.000745903
47	52	0.00097424
47	53	0.000616831
47	54	0.000617215
47	55	0.000862904
47	56	0.000758682
47	57	0.000619495
47	58	0.000676575
47	59	0.000746021
47	60	0.00061462
47	61	0.000613034
47	62	0.000621256
47	63	0.000650611
47	64	0.000715461
47	65	0.00107251
47	66	0.000707344
47	67	0.000675979
48	0	0.000202175
48	1	0.000150155
48	2	0.000151237
48	3	0.000273021
48	4	0.000322862
48	5	0.000150352
48	6	0.000156024
48	7	0.000155559
48	8	0.000296062
48	9	3.26559e-15
48	10	2.63068e-15
48	11	0.000153496
48	12	0.000497234
48	13	0.000303495
48	14	0.000173196
48	15	0.000152664
48	16	0.000234894
48	17	0.000253283
48	18	0.00015085
48	19	0.00015441
48	20	0.000189387
48	21	0.000152942
48	22	0.000190244
48	23	0.000154252
48	24	0.000149736
48	25	0.000158355
48	26	0.113129
48	27	0.000236356
48	28	0.00022478
48	29	0.00210015
48	30	0.000217788
48	31	0.000275586
48	32	0.00046892
48	33	0.000150916
48	34	0.000401359
48	35	0.000494404
48	36	0.000164191
48	37	0.00028771
48	38	0.000341903
48	39	0.000149808
48	40	0.000152573
48	41	0.00028496
48	42	0.000181772
48	43	0.000581664
48	44	0.000362188
48	45	0.000150958
48	46	0.000154579
48	47	0.0007574
48	48	0.00016927
48	49	0.00400275
48	50	0.000188852
48	51	0.000282697
48	52	0.000511035
48	53	0.000153626
48	54	0.000154009
48	55	0.000399698
48	56	0.000295477
48	57	0.00015629
48	58	0.00021337
48	59	0.000282815
48	60	0.000151415
48	61	0.000149829
48	62	0.000158051
48	63	0.000187406
48	64	0.000252256
48	65	0.0006093
48	66	0.000244139
48	67	0.000212774
49	0	0.00246289
49	1	0.00241087
49	2	8.16639e-16
49	3	0.00253374
49	4	0.00258358
49	5	0.00241107
49	6	3.58868e-15
49	7	0.00241628
49	8	0.00255678
49	9	5.15877e-15
49	10	3.17967e-15
49	11	0.00241421
49	12	0.00275795
49	13	0.00256421
49	14	0.00243392
49	15	0.00241338
49	16	0.00249561
49	17	0.002514
49	18	0.00241157
49	19	0.00241513
49	20	0.00245011
49	21	0.00241366
49	22	0.00245096
49	23	0.00241497
49	24	0.00241046
49	25	0.00241907
49	26	0.11539
49	27	0.00249708
49	28	0.0024855
49	29	0.00436087
49	30	0.00247851
49	31	0.00253631
49	32	0.00272964
49	33	0.00241164
49	34	0.00266208
49	35	0.00275512
49	36	0.00242491
49	37	0.00254843
49	38	0.00260262
49	39	0.00241053
49	40	0.00241329
49	41	0.00254568
49	42	0.00244249
49	43	0.00284238
49	44	0.00262291
49	45	0.00241168
49	46	0.0024153
49	47	0.00301812
49	48	0.00242999
49	49	0.00626347
49	50	0.00244957
49	51	0.00254342
49	52	0.00277175
49	53	0.00241435
49	54	0.00241473
49	55	0.00266042
49	56	0.0025562
49	57	0.00241701
49	58	0.00247409
49	59	0.00254353
49	60	0.00241213
49	61	0.00241055
49	62	0.00241877
49	63	0.00244813
49	64	0.00251298
49	65	0.00287002
49	66	0.00250486
49	67	0.00247349
50	0	0.000270411
50	1	0.000218392
50	2	0.000219474
50	3	0.000341258
50	4	0.000391099
50	5	0.000218589
50	6	3.55078e-15
50	7	0.000223796
50	8	0.000364299
50	9	4.67646e-15
50	10	3.79605e-15
50	11	0.000221732
50	12	0.00056547
50	13	0.000371732
50	14	0.000241433
50	15	0.000220901
50	16	0.00030313
50	17	0.000321519
50	18	0.000219086
50	19	0.000222647
50	20	0.000257624
50	21	0.000221178
50	22	0.00025848
50	23	0.000222489
50	24	0.000217972
50	25	0.000226591
50	26	0.113197
50	27	0.000304592
50	28	0.000293017
50	29	0.00216839
50	30	0.000286025
50	31	0.000343823
50	32	0.000537157
50	33	0.000219153
50	34	0.000469596
50	35	0.000562641
50	36	0.000232428
50	37	0.000355947
50	38	0.00041014
50	39	0.000218044
50	40	0.000220809
50	41	0.000353196
50	42	0.000250009
50	43	0.000649901
50	44	0.000430425
50	45	0.000219195
50	46	0.000222816
50	47	0.000825636
50	48	0.000237507
50	49	0.00407098
50	50	0.000257088
50	51	0.000350934
50	52	0.000579272
50	53	0.000221863
50	54	0.000222246
50	55	0.000467935
50	56	0.000363713
50	57	0.000224526
50	58	0.000281607
50	59	0.000351052
50	60	0.000219652
50	61	0.000218065
50	62	0.000226287
50	63	0.000255643
50	64	0.000320493
50	65	0.000677536
50	66	0.000312375
50	67	0.000281011
51	0	0.000355006
51	1	0.000302987
51	2	0.000304068
51	3	0.000425852
51	4	0.000475693
51	5	0.000303183
51	6	0.000308856
51	7	0.00030839
51	8	0.000448893
51	9	4.3819e-15
51	10	9.48476e-16
51	11	0.000306327
51	12	0.000650065
51	13	0.000456326
51	14	0.000326027
51	15	0.000305495
51	16	0.000387725
51	17	0.000406114
51	18	0.000303681
51	19	0.000307241
51	20	0.000342218
51	21	0.000305773
51	22	0.000343075
51	23	0.000307083
51	24	0.000302567
51	25	0.000311186
51	26	0.113282
51	27	0.000389187
51	28	0.000377612
51	29	0.00225298
51	30	0.000370619
51	31	0.000428417
51	32	0.000621751
51	33	0.000303747
51	34	0.00055419
51	35	0.000647235
51	36	0.000317022
51	37	0.000440541
51	38	0.000494734
51	39	0.000302639
51	40	0.000305404
51	41	0.000437791
51	42	0.000334603
51	43	0.000734495
51	44	0.000515019
51	45	5.20588e-15
51	46	0.00030741
51	47	0.000910231
51	48	0.000322102
51	49	0.00415558
51	50	0.000341683
51	51	0.000435528
51	52	0.000663866
51	53	0.000306457
51	54	0.00030684
51	55	0.000552529
51	56	0.000448308
51	57	0.000309121
51	58	0.000366201
51	59	0.000435646
51	60	0.000304246
51	61	0.00030266
51	62	0.000310882
51	63	0.000340237
51	64	0.000405087
51	65	0.000762131
51	66	0.00039697
51	67	0.000365605
52	0	0.000571137
52	1	0.000519117
52	2	2.51676e-15
52	3	0.000641983
52	4	0.000691824
52	5	0.000519314
52	6	2.95671e-15
52	7	0.000524521
52	8	0.000665024
52	9	9.66446e-16
52	10	3.82328e-15
52	11	0.000522457
52	12	0.000866196
52	13	0.000672457
52	14	0.000542158
52	15	0.000521626
52	16	0.000603856
52	17	0.000622245
52	18	0.000519812
52	19	0.000523372
52	20	0.000558349
52	21	0.000521904
52	22	0.000559206
52	23	0.000523214
52	24	0.000518698
52	25	0.000527317
52	26	0.113498
52	27	0.000605318
52	28	0.000593742
52	29	0.00246911
52	30	0.00058675
52	31	0.000644548
52	32	0.000837882
52	33	0.000519878
52	34	0.000770321
52	35	0.000863366
52	36	0.000533153
52	37	0.000656672
52	38	0.000710865
52	39	0.00051877
52	40	0.000521535
52	41	0.000653922
52	42	0.000550734
52	43	0.000950626
52	44	0.00073115
52	45	0.00051992
52	46	0.000523541
52	47	0.00112636
52	48	0.000538232
52	49	0.00437171
52	50	0.000557814
52	51	0.000651659
52	52	0.000879997
52	53	0.000522588
52	54	0.000522971
52	55	0.00076866
52	56	0.000664439
52	57	0.000525252
52	58	0.000582332
52	59	0.000651777
52	60	0.000520377
52	61	0.000518791
52	62	0.000527013
52	63	0.000556368
52	64	0.000621218
52	65	0.000978262
52	66	0.000613101
52	67	0.000581736
53	0	0.000201881
53	1	0.000149862
53	2	3.82029e-15
53	3	0.000272727
53	4	0.000322569
53	5	0.000150058
53	6	3.80182e-15
53	7	0.000155266
53	8	0.000295769
53	9	3.01602e-15
53	10	4.90423e-15
53	11	0.000153202
53	12	0.00049694
53	13	0.000303202
53	14	0.000172903
53	15	0.00015237
53	16	0.0002346
53	17	0.000252989
53	18	0.000150556
53	19	0.000154117
53	20	0.000189094
53	21	0.000152648
53	22	0.00018995
53	23	3.52309e-15
53	24	0.000149442
53	25	0.000158061
53	26	0.113129
53	27	0.000236062
53	28	0.000224487
53	29	0.00209986
53	30	0.000217495
53	31	0.000275292
53	32	0.000468627
53	33	0.000150622
53	34	0.000401066
53	35	0.000494111
53	36	0.000163898
53	37	0.000287417
53	38	0.00034161
53	39	0.000149514
53	40	0.000152279
53	41	0.000284666
53	42	0.000181478
53	43	0.000581371
53	44	0.000361894
53	45	0.000150665
53	46	0.000154285
53	47	0.000757106
53	48	0.000168977
53	49	0.00400245
53	50	0.000188558
53	51	0.000282404
53	52	0.000510741
53	53	0.000153332
53	54	0.000153716
53	55	0.000399404
53	56	0.000295183
53	57	0.000155996
53	58	0.000213076
53	59	0.000282522
53	60	2.91495e-15
53	61	0.000149535
53	62	0.000157757
53	63	0.000187112
53	64	0.000251962
53	65	0.000609006
53	66	0.000243845
53	67	0.00021248
54	0	0.000144567
54	1	9.25479e-05
54	2	9.36299e-05
54	3	0.000215414
54	4	0.000265255
54	5	9.27446e-05
54	6	9.84169e-05
54	7	9.79517e-05
54	8	0.000238455
54	9	2.25277e-15
54	10	2.9813e-15
54	11	9.58881e-05
54	12	4.19711e-15
54	13	0.000245888
54	14	0.000115589
54	15	9.50566e-05
54	16	0.000177286
54	17	0.000195675
54	18	3.50335e-16
54	19	9.68027e-05
54	20	0.00013178
54	21	4.55022e-16
54	22	0.000132636
54	23	9.66445e-05
54	24	9.21282e-05
54	25	0.000100747
54	26	0.113072
54	27	0.000178748
54	28	0.000167173
54	29	0.00204254
54	30	0.000160181
54	31	0.000217979
54	32	0.000411313
54	33	9.33085e-05
54	34	0.000343752
54	35	0.000436797
54	36	0.000106584
54	37	2.99674e-16
54	38	0.000284296
54	39	9.22001e-05
54	40	9.49654e-05
54	41	0.000227352
54	42	0.000124164
54	43	0.000524057
54	44	0.000304581
54	45	9.33508e-05
54	46	5.19242e-15
54	47	0.000699792
54	48	0.000111663
54	49	0.00394514
54	50	0.000131244
54	51	0.00022509
54	52	0.000453427
54	53	6.09444e-16
54	54	9.64017e-05
54	55	0.000342091
54	56	0.000237869
54	57	9.86822e-05
54	58	0.000155762
54	59	0.000225208
54	60	9.38074e-05
54	61	9.22213e-05
54	62	0.000100443
54	63	0.000129799
54	64	0.000194648
54	65	0.000551692
54	66	0.000186531
54	67	0.000155166
55	0	0.000465832
55	1	0.000413812
55	2	0.000414894
55	3	0.000536678
55	4	0.000586519
55	5	0.000414009
55	6	4.45403e-15
55	7	0.000419216
55	8	0.000559719
55	9	0.000493795
55	10	3.39123e-15
55	11	0.000417152
55	12	0.000760891
55	13	0.000567152
55	14	0.000436853
55	15	0.000416321
55	16	0.000498551
55	17	0.00051694
55	18	0.000414507
55	19	0.000418067
55	20	0.000453044
55	21	0.000416599
55	22	0.000453901
55	23	0.000417909
55	24	0.000413393
55	25	0.000422012
55	26	0.113393
55	27	0.000500013
55	28	0.000488437
55	29	0.00236381
55	30	0.000481445
55	31	0.000539243
55	32	0.000732577
55	33	0.000414573
55	34	0.000665016
55	35	0.000758061
55	36	0.000427848
55	37	0.000551367
55	38	0.00060556
55	39	0.000413465
55	40	0.00041623
55	41	0.000548617
55	42	0.000445429
55	43	0.000845321
55	44	0.000625845
55	45	0.000414615
55	46	0.000418236
55	47	0.00102106
55	48	0.000432927
55	49	0.0042664
55	50	0.000452509
55	51	0.000546354
55	52	0.000774692
55	53	0.000417283
55	54	0.000417666
55	55	0.000663355
55	56	0.000559134
55	57	0.000419947
55	58	0.000477027
55	59	0.000546472
55	60	0.000415072
55	61	0.000413486
55	62	0.000421708
55	63	0.000451063
55	64	0.000515913
55	65	0.000872957
55	66	0.000507796
55	67	0.000476431
56	0	0.000378834
56	1	0.000326814
56	2	0.000327896
56	3	0.00044968
56	4	0.000499521
56	5	0.000327011
56	6	2.2238e-15
56	7	0.000332218
56	8	0.000472721
56	9	5.24478e-15
56	10	9.14476e-16
56	11	0.000330154
56	12	0.000673893
56	13	0.000480154
56	14	0.000349855
56	15	0.000329323
56	16	0.000411553
56	17	0.000429942
56	18	0.000327509
56	19	0.000331069
56	20	0.000366046
56	21	0.000329601
56	22	0.000366903
56	23	0.000330911
56	24	0.000326395
56	25	0.000335014
56	26	0.113306
56	27	0.000413015
56	28	0.000401439
56	29	0.00227681
56	30	0.000394447
56	31	0.000452245
56	32	0.000645579
56	33	0.000327575
56	34	0.000578018
56	35	0.000671063
56	36	0.00034085
56	37	0.000464369
56	38	0.000518562
56	39	0.000326466
56	40	0.000329232
56	41	0.000461618
56	42	0.000358431
56	43	0.000758323
56	44	0.000538847
56	45	0.000327617
56	46	0.000331238
56	47	0.000934059
56	48	0.000345929
56	49	0.00417941
56	50	0.000365511
56	51	0.000459356
56	52	0.000687694
56	53	0.000330285
56	54	0.000330668
56	55	0.000576357
56	56	0.000472135
56	57	0.000332949
56	58	0.000390029
56	59	0.000459474
56	60	0.000328074
56	61	0.000326488
56	62	0.000334709
56	63	0.000364065
56	64	0.000428915
56	65	0.000785959
56	66	0.000420798
56	67	0.000389433
57	0	0.000164976
57	1	0.000112956
57	2	1.12845e-15
57	3	0.000235822
57	4	0.000285663
57	5	0.000113153
57	6	0.000118825
57	7	0.00011836
57	8	0.000258863
57	9	3.97873e-16
57	10	4.66659e-15
57	11	0.000116296
57	12	0.000460035
57	13	0.000266296
57	14	0.000135997
57	15	0.000115465
57	16	0.000197695
57	17	0.000216083
57	18	0.00011365
57	19	0.000117211
57	20	0.000152188
57	21	0.000115743
57	22	0.000153044
57	23	0.000117053
57	24	0.000112537
57	25	0.000121156
57	26	0.113092
57	27	0.000199157
57	28	0.000187581
57	29	0.00206295
57	30	0.000180589
57	31	0.000238387
57	32	0.000431721
57	33	0.000113717
57	34	0.00036416
57	35	0.000457205
57	36	0.000126992
57	37	0.000250511
57	38	0.000304704
57	39	0.000112608
57	40	0.000115374
57	41	0.00024776
57	42	0.000144573
57	43	0.000544465
57	44	0.000324989
57	45	0.000113759
57	46	0.00011738
57	47	0.000720201
57	48	0.000132071
57	49	0.00396555
57	50	0.000151653
57	51	0.000245498
57	52	0.000473836
57	53	0.000116427
57	54	0.00011681
57	55	0.000362499
57	56	0.000258277
57	57	0.000119091
57	58	0.000176171
57	59	0.000245616
57	60	0.000114216
57	61	0.00011263
57	62	0.000120851
57	63	0.000150207
57	64	0.000215057
57	65	0.0005721
57	66	0.000206939
57	67	0.000175575
58	0	0.000377097
58	1	0.000325078
58	2	4.03137e-16
58	3	0.000447943
58	4	0.000497785
58	5	0.000325274
58	6	0.000330947
58	7	0.000330481
58	8	0.000470985
58	9	4.06726e-15
58	10	3.64041e-15
58	11	0.000328418
58	12	0.000672156
58	13	0.000478418
58	14	0.000348119
58	15	0.000327586
58	16	0.000409816
58	17	0.000428205
58	18	0.000325772
58	19	0.000329332
58	20	0.00036431
58	21	0.000327864
58	22	0.000365166
58	23	0.000329174
58	24	0.000324658
58	25	0.000333277
58	26	0.113304
58	27	0.000411278
58	28	0.000399703
58	29	0.00227507
58	30	0.00039271
58	31	0.000450508
58	32	0.000643842
58	33	0.000325838
58	34	0.000576281
58	35	0.000669327
58	36	0.000339114
58	37	0.000462632
58	38	0.000516825
58	39	0.00032473
58	40	0.000327495
58	41	0.000459882
58	42	0.000356694
58	43	0.000756587
58	44	0.00053711
58	45	0.000325881
58	46	0.000329501
58	47	0.000932322
58	48	0.000344193
58	49	0.00417767
58	50	0.000363774
58	51	0.00045762
58	52	0.000685957
58	53	0.000328548
58	54	0.000328931
58	55	0.00057462
58	56	0.000470399
58	57	0.000331212
58	58	0.000388292
58	59	0.000457738
58	60	0.000326337
58	61	0.000324751
58	62	0.000332973
58	63	0.000362328
58	64	0.000427178
58	65	0.000784222
58	66	0.000419061
58	67	0.000387696
59	0	0.00047581
59	1	0.00042379
59	2	2.43045e-15
59	3	0.000546656
59	4	0.000596497
59	5	0.000423987
59	6	3.94219e-15
59	7	0.000429194
59	8	0.000569697
59	9	0.000503773
59	10	4.0879e-15
59	11	0.00042713
59	12	0.000770869
59	13	0.00057713
59	14	0.000446831
59	15	0.000426299
59	16	0.000508529
59	17	0.000526917
59	18	0.000424484
59	19	0.000428045
59	20	0.000463022
59	21	0.000426577
59	22	0.000463878
59	23	0.000427887
59	24	0.00042337
59	25	0.00043199
59	26	0.113403
59	27	0.000509991
59	28	0.000498415
59	29	0.00237379
59	30	0.000491423
59	31	0.000549221
59	32	0.000742555
59	33	0.000424551
59	34	0.000674994
59	35	0.000768039
59	36	0.000437826
59	37	0.000561345
59	38	0.000615538
59	39	0.000423442
59	40	0.000426208
59	41	0.000558594
59	42	0.000455407
59	43	0.000855299
59	44	0.000635823
59	45	0.000424593
59	46	0.000428214
59	47	0.00103103
59	48	0.000442905
59	49	0.00427638
59	50	0.000462487
59	51	0.000556332
59	52	0.00078467
59	53	0.000427261
59	54	0.000427644
59	55	0.000673333
59	56	0.000569111
59	57	0.000429925
59	58	0.000487005
59	59	0.00055645
59	60	0.00042505
59	61	0.000423464
59	62	0.000431685
59	63	0.000461041
59	64	0.000525891
59	65	0.000882934
59	66	0.000517773
59	67	0.000486409
60	0	0.000129183
60	1	7.71638e-05
60	2	7.82457e-05
60	3	0.000200029
60	4	7.92009e-16
60	5	7.73605e-05
60	6	8.30328e-05
60	7	8.25676e-05
60	8	0.000223071
60	9	2.46786e-17
60	10	1.82063e-15
60	11	8.05039e-05
60	12	0.000424242
60	13	0.000230504
60	14	0.000100205
60	15	7.96725e-05
60	16	0.000161902
60	17	0.000180291
60	18	7.7858e-05
60	19	8.14185e-05
60	20	0.000116396
60	21	7.99502e-05
60	22	0.000117252
60	23	2.00501e-15
60	24	7.67441e-05
60	25	8.53631e-05
60	26	0.113056
60	27	0.000163364
60	28	0.000151789
60	29	0.00202716
60	30	0.000144796
60	31	0.000202594
60	32	0.000395929
60	33	7.79244e-05
60	34	3.25241e-16
60	35	0.000421413
60	36	9.11996e-05
60	37	2.87514e-15
60	38	0.000268912
60	39	7.68159e-05
60	40	7.95812e-05
60	41	0.000211968
60	42	0.00010878
60	43	0.000508673
60	44	0.000289196
60	45	7.79667e-05
60	46	8.15874e-05
60	47	0.000684408
60	48	9.62788e-05
60	49	0.00392975
60	50	0.00011586
60	51	0.000209706
60	52	0.000438043
60	53	6.68515e-16
60	54	8.10175e-05
60	55	0.000326706
60	56	0.000222485
60	57	8.32981e-05
60	58	0.000140378
60	59	0.000209824
60	60	7.84233e-05
60	61	7.68372e-05
60	62	8.5059e-05
60	63	0.000114414
60	64	0.000179264
60	65	0.000536308
60	66	0.000171147
60	67	0.000139782
61	0	3.15359e-15
61	1	0.000147848
61	2	1.35874e-15
61	3	0.000270714
61	4	0.000320555
61	5	0.000148045
61	6	3.13955e-15
61	7	0.000153252
61	8	0.000293755
61	9	5.90266e-15
61	10	1.02012e-15
61	11	0.000151189
61	12	3.16025e-15
61	13	0.000301188
61	14	0.000170889
61	15	0.000150357
61	16	0.000232587
61	17	0.000250976
61	18	0.000148543
61	19	0.000152103
61	20	0.00018708
61	21	0.000150635
61	22	0.000187937
61	23	0.000151945
61	24	0.000147429
61	25	0.000156048
61	26	0.113127
61	27	0.000234049
61	28	0.000222473
61	29	0.00209785
61	30	0.000215481
61	31	0.000273279
61	32	0.000466613
61	33	0.000148609
61	34	0.000399052
61	35	0.000492097
61	36	0.000161884
61	37	5.61684e-15
61	38	0.000339596
61	39	0.000147501
61	40	0.000150266
61	41	0.000282653
61	42	0.000179465
61	43	0.000579357
61	44	0.000359881
61	45	0.000148651
61	46	0.000152272
61	47	0.000755093
61	48	0.000166963
61	49	0.00400044
61	50	0.000186545
61	51	0.00028039
61	52	0.000508728
61	53	0.000151319
61	54	0.000151702
61	55	0.000397391
61	56	0.00029317
61	57	0.000153983
61	58	0.000211063
61	59	0.000280508
61	60	0.000149108
61	61	0.000147522
61	62	0.000155744
61	63	0.000185099
61	64	0.000249949
61	65	0.000606993
61	66	0.000241832
61	67	0.000210467
62	0	0.000159275
62	1	0.000107256
62	2	0.000108338
62	3	0.000230122
62	4	0.000279963
62	5	0.000107453
62	6	0.000113125
62	7	0.00011266
62	8	0.000253163
62	9	5.3695e-15
62	10	3.42028e-16
62	11	0.000110596
62	12	0.000454334
62	13	0.000260596
62	14	0.000130297
62	15	0.000109765
62	16	0.000191994
62	17	0.000210383
62	18	0.00010795
62	19	0.000111511
62	20	0.000146488
62	21	0.000110042
62	22	0.000147344
62	23	0.000111352
62	24	0.000106836
62	25	0.000115455
62	26	0.113086
62	27	0.000193456
62	28	0.000181881
62	29	0.00205725
62	30	0.000174889
62	31	0.000232687
62	32	0.000426021
62	33	0.000108016
62	34	0.00035846
62	35	0.000451505
62	36	0.000121292
62	37	0.000244811
62	38	0.000299004
62	39	0.000106908
62	40	0.000109673
62	41	0.00024206
62	42	0.000138872
62	43	0.000538765
62	44	0.000319289
62	45	0.000108059
62	46	0.00011168
62	47	0.0007145
62	48	0.000126371
62	49	0.00395985
62	50	0.000145952
62	51	0.000239798
62	52	0.000468135
62	53	0.000110727
62	54	0.00011111
62	55	0.000356799
62	56	0.000252577
62	57	0.00011339
62	58	0.00017047
62	59	0.000239916
62	60	0.000108515
62	61	0.000106929
62	62	0.000115151
62	63	0.000144507
62	64	0.000209356
62	65	0.0005664
62	66	0.000201239
62	67	0.000169874
63	0	0.00026411
63	1	0.000212091
63	2	0.000213173
63	3	0.000334957
63	4	0.000384798
63	5	0.000212288
63	6	0.00021796
63	7	0.000217495
63	8	0.000357998
63	9	0.000292073
63	10	2.8246e-15
63	11	0.000215431
63	12	0.000559169
63	13	0.000365431
63	14	0.000235132
63	15	0.0002146
63	16	0.000296829
63	17	0.000315218
63	18	0.000212785
63	19	0.000216346
63	20	0.000251323
63	21	0.000214877
63	22	0.000252179
63	23	0.000216188
63	24	0.000211671
63	25	0.00022029
63	26	0.113191
63	27	0.000298291
63	28	0.000286716
63	29	0.00216209
63	30	0.000279724
63	31	0.000337522
63	32	0.000530856
63	33	0.000212852
63	34	0.000463295
63	35	0.00055634
63	36	0.000226127
63	37	0.000349646
63	38	0.000403839
63	39	0.000211743
63	40	0.000214508
63	41	0.000346895
63	42	0.000243708
63	43	0.0006436
63	44	0.000424124
63	45	0.000212894
63	46	0.000216515
63	47	0.000819335
63	48	0.000231206
63	49	0.00406468
63	50	0.000250787
63	51	0.000344633
63	52	0.000572971
63	53	0.000215562
63	54	0.000215945
63	55	0.000461634
63	56	0.000357412
63	57	0.000218225
63	58	0.000275306
63	59	0.000344751
63	60	0.000213351
63	61	0.000211764
63	62	0.000219986
63	63	0.000249342
63	64	0.000314192
63	65	0.000671235
63	66	0.000306074
63	67	0.00027471
64	0	0.000368853
64	1	0.000316834
64	2	0.000317916
64	3	0.000439699
64	4	0.000489541
64	5	0.00031703
64	6	0.000322703
64	7	0.000322238
64	8	0.000462741
64	9	1.75194e-15
64	10	3.37148e-15
64	11	0.000320174
64	12	0.000663912
64	13	0.000470174
64	14	0.000339875
64	15	0.000319342
64	16	0.000401572
64	17	0.000419961
64	18	0.000317528
64	19	0.000321089
64	20	0.000356066
64	21	0.00031962
64	22	0.000356922
64	23	0.00032093
64	24	0.000316414
64	25	0.000325033
64	26	0.113296
64	27	0.000403034
64	28	0.000391459
64	29	0.00226683
64	30	0.000384467
64	31	0.000442264
64	32	0.000635599
64	33	0.000317594
64	34	0.000568038
64	35	0.000661083
64	36	0.00033087
64	37	0.000454389
64	38	0.000508582
64	39	0.000316486
64	40	0.000319251
64	41	0.000451638
64	42	0.00034845
64	43	0.000748343
64	44	0.000528866
64	45	0.000317637
64	46	0.000321257
64	47	0.000924078
64	48	0.000335949
64	49	0.00416942
64	50	0.00035553
64	51	0.000449376
64	52	0.000677713
64	53	0.000320304
64	54	2.06849e-16
64	55	0.000566376
64	56	0.000462155
64	57	0.000322968
64	58	0.000380048
64	59	0.000449494
64	60	0.000318093
64	61	0.000316507
64	62	0.000324729
64	63	0.000354084
64	64	0.000418934
64	65	0.000775978
64	66	0.000410817
64	67	0.000379452
65	0	0.000759442
65	1	0.000707423
65	2	0.000708505
65	3	0.000830289
65	4	0.00088013
65	5	0.00070762
65	6	1.43372e-15
65	7	0.000712827
65	8	0.00085333
65	9	3.02873e-15
65	10	1.67849e-15
65	11	0.000710763
65	12	0.0010545
65	13	0.000860763
65	14	0.000730464
65	15	0.000709932
65	16	0.000792161
65	17	0.00081055
65	18	0.000708117
65	19	0.000711678
65	20	0.000746655
65	21	0.000710209
65	22	0.000747511
65	23	0.000711519
65	24	0.000707003
65	25	0.000715622
65	26	0.113686
65	27	0.000793623
65	28	0.000782048
65	29	0.00265742
65	30	0.000775056
65	31	0.000832854
65	32	0.00102619
65	33	0.000708183
65	34	0.000958627
65	35	0.00105167
65	36	0.000721459
65	37	0.000844978
65	38	0.000899171
65	39	0.000707075
65	40	0.00070984
65	41	0.000842227
65	42	0.000739039
65	43	0.00113893
65	44	0.000919455
65	45	0.000708226
65	46	0.000711847
65	47	0.00131467
65	48	0.000726538
65	49	0.00456001
65	50	0.000746119
65	51	0.000839965
65	52	0.0010683
65	53	0.000710893
65	54	0.000711277
65	55	0.000956966
65	56	0.000852744
65	57	0.000713557
65	58	0.000770637
65	59	0.000840083
65	60	0.000708682
65	61	0.000707096
65	62	0.000715318
65	63	0.000744673
65	64	0.000809523
65	65	0.00116657
65	66	0.000801406
65	67	0.000770041
66	0	0.000307967
66	1	0.000255947
66	2	2.29603e-15
66	3	0.000378813
66	4	0.000428654
66	5	0.000256144
66	6	0.000261816
66	7	0.000261351
66	8	0.000401854
66	9	5.40802e-15
66	10	2.92164e-15
66	11	0.000259287
66	12	0.000603026
66	13	0.000409287
66	14	0.000278988
66	15	0.000258456
66	16	0.000340686
66	17	0.000359075
66	18	0.000256642
66	19	0.000260202
66	20	0.000295179
66	21	4.69396e-15
66	22	0.000296036
66	23	0.000260044
66	24	3.78914e-15
66	25	0.000264147
66	26	0.113235
66	27	0.000342148
66	28	0.000330572
66	29	0.00220594
66	30	0.00032358
66	31	0.000381378
66	32	0.000574712
66	33	2.42059e-16
66	34	6.4971e-15
66	35	0.000600196
66	36	0.000269983
66	37	0.000393502
66	38	0.000447695
66	39	0.000255599
66	40	0.000258365
66	41	0.000390752
66	42	0.000287564
66	43	0.000687456
66	44	0.00046798
66	45	0.00025675
66	46	0.000260371
66	47	0.000863192
66	48	0.000275062
66	49	0.00410854
66	50	0.000294644
66	51	0.000388489
66	52	0.000616827
66	53	7.39098e-16
66	54	2.70693e-15
66	55	0.00050549
66	56	0.000401269
66	57	0.000262082
66	58	0.000319162
66	59	0.000388607
66	60	0.000257207
66	61	0.000255621
66	62	0.000263843
66	63	0.000293198
66	64	2.32801e-15
66	65	0.000715092
66	66	0.000349931
66	67	0.000318566
67	0	0.000335354
67	1	0.000283334
67	2	0.000284416
67	3	0.0004062
67	4	0.000456041
67	5	0.000283531
67	6	2.07257e-15
67	7	0.000288738
67	8	0.000429241
67	9	6.55786e-16
67	10	5.15609e-15
67	11	0.000286675
67	12	0.000630413
67	13	0.000436674
67	14	0.000306375
67	15	0.000285843
67	16	0.000368073
67	17	0.000386462
67	18	1.84542e-15
67	19	0.000287589
67	20	0.000322566
67	21	0.000286121
67	22	0.000323423
67	23	0.000287431
67	24	0.000282915
67	25	0.000291534
67	26	0.113262
67	27	0.000369535
67	28	0.000357959
67	29	0.00223333
67	30	0.000350967
67	31	0.000408765
67	32	0.000602099
67	33	4.85257e-15
67	34	0.000534538
67	35	0.000627583
67	36	0.00029737
67	37	0.000420889
67	38	0.000475082
67	39	0.000282987
67	40	0.000285752
67	41	0.000418139
67	42	0.000314951
67	43	0.000714843
67	44	0.000495367
67	45	0.000284137
67	46	0.000287758
67	47	0.000890579
67	48	0.000302449
67	49	0.00413593
67	50	0.000322031
67	51	0.000415876
67	52	0.000644214
67	53	0.000286805
67	54	0.000287188
67	55	0.000532877
67	56	0.000428656
67	57	0.000289469
67	58	0.000346549
67	59	0.000415994
67	60	7.2856e-16
67	61	0.000283008
67	62	0.00029123
67	63	0.000320585
67	64	0.000385435
67	65	0.000742479
67	66	0.000377318
67	67	0.000345953
