0	0	0.000637034
0	1	0.000867126
0	2	0.000604522
0	3	0.000654827
0	4	1.43443e-18
0	5	0.000791506
0	6	0.000949265
0	7	0.000993856
0	8	7.90282e-18
0	9	0.000605622
0	10	5.14929e-18
0	11	0.000602516
0	12	0.000920394
0	13	0.000643845
0	14	0.000687841
0	15	0.000661432
0	16	0.000699075
0	17	0.000616487
0	18	0.000617642
0	19	0.000610016
0	20	3.63319e-18
0	21	0.00061798
0	22	0.113774
0	23	0.000662245
0	24	0.00060683
0	25	0.000840492
0	26	0.000634505
0	27	0.000632111
0	28	3.70471e-18
0	29	0.000815363
0	30	0.00104286
0	31	0.000618752
0	32	0.0015268
0	33	0.000601285
0	34	0.000953236
0	35	0.000623048
0	36	0.000827999
0	37	0.000611867
0	38	0.000685377
0	39	0.00074857
0	40	0.000619259
0	41	0.000713011
0	42	0.000652559
0	43	0.000601535
0	44	0.00102409
0	45	1.88473e-17
0	46	0.00210722
0	47	0.00061241
0	48	0.000669702
0	49	2.80157e-18
0	50	0.000604631
0	51	9.80426e-19
0	52	0.000619619
0	53	0.000948592
0	54	0.000780208
0	55	1.46164e-17
0	56	0.000634862
0	57	1.75077e-17
0	58	0.000610051
0	59	0.00118525
0	60	0.000817938
0	61	0.000781224
0	62	0.000616616
0	63	0.000601701
0	64	0.00060674
1	0	0.000856412
1	1	0.0010865
1	2	0.0008239
1	3	0.000874205
1	4	1.87117e-17
1	5	0.00101088
1	6	0.00116864
1	7	0.00121323
1	8	1.82133e-17
1	9	0.000825
1	10	1.5723e-18
1	11	0.000821894
1	12	0.00113977
1	13	0.000863223
1	14	0.00090722
1	15	0.00088081
1	16	0.000918453
1	17	0.000835865
1	18	0.00083702
1	19	0.000829395
1	20	0.000825005
1	21	0.000837358
1	22	0.113993
1	23	0.000881623
1	24	0.000826209
1	25	0.00105987
1	26	0.000853883
1	27	0.000851489
1	28	5.86902e-19
1	29	0.00103474
1	30	0.00126224
1	31	0.00083813
1	32	0.00174618
1	33	1.01304e-17
1	34	0.00117261
1	35	0.000842426
1	36	0.00104738
1	37	0.000831245
1	38	0.000904755
1	39	0.000967949
1	40	0.000838638
1	41	0.000932389
1	42	0.000871937
1	43	1.51986e-18
1	44	0.00124347
1	45	2.00388e-17
1	46	0.0023266
1	47	0.000831789
1	48	0.000889081
1	49	5.47723e-18
1	50	0.00082401
1	51	0.000822288
1	52	0.000838997
1	53	0.00116797
1	54	0.000999587
1	55	0.000822448
1	56	0.00085424
1	57	2.18869e-17
1	58	0.000829429
1	59	0.00140463
1	60	0.00103732
1	61	0.0010006
1	62	0.000835994
1	63	1.40764e-17
1	64	0.000826118
2	0	0.000633036
2	1	0.000863127
2	2	0.000600523
2	3	0.000650829
2	4	5.05083e-18
2	5	0.000787508
2	6	0.000945267
2	7	0.000989858
2	8	3.83372e-18
2	9	0.000601624
2	10	3.95326e-18
2	11	0.000598517
2	12	0.000916396
2	13	0.000639847
2	14	0.000683843
2	15	0.000657433
2	16	0.000695077
2	17	0.000612489
2	18	0.000613644
2	19	0.000606018
2	20	1.58265e-18
2	21	0.000613982
2	22	0.11377
2	23	0.000658247
2	24	7.97766e-18
2	25	0.000836494
2	26	0.000630507
2	27	0.000628113
2	28	5.34363e-18
2	29	0.000811365
2	30	0.00103886
2	31	0.000614754
2	32	0.0015228
2	33	1.3094e-17
2	34	0.000949238
2	35	1.77221e-17
2	36	0.000824
2	37	0.000607869
2	38	0.000681379
2	39	0.000744572
2	40	0.000615261
2	41	0.000709013
2	42	0.000648561
2	43	1.48101e-17
2	44	0.00102009
2	45	0.000598141
2	46	0.00210322
2	47	0.000608412
2	48	0.000665704
2	49	1.97525e-18
2	50	0.000600633
2	51	0.000598912
2	52	0.000615621
2	53	0.000944594
2	54	0.00077621
2	55	0.000599071
2	56	0.000630864
2	57	1.80371e-17
2	58	0.000606053
2	59	0.00118125
2	60	0.00081394
2	61	0.000777226
2	62	0.000612618
2	63	0.000597703
2	64	1.13076e-17
3	0	0.000783786
3	1	0.00101388
3	2	0.000751274
3	3	0.000801579
3	4	1.43795e-17
3	5	0.000938258
3	6	0.00109602
3	7	0.00114061
3	8	2.00431e-17
3	9	0.000752374
3	10	9.26153e-18
3	11	0.000749268
3	12	0.00106715
3	13	0.000790597
3	14	0.000834594
3	15	0.000808184
3	16	0.000845827
3	17	0.000763239
3	18	0.000764394
3	19	0.000756769
3	20	0.000752379
3	21	0.000764732
3	22	0.113921
3	23	0.000808997
3	24	2.12452e-17
3	25	0.000987244
3	26	0.000781257
3	27	0.000778863
3	28	0.000748885
3	29	0.000962115
3	30	0.00118961
3	31	0.000765504
3	32	0.00167355
3	33	0.000748037
3	34	0.00109999
3	35	0.0007698
3	36	0.000974751
3	37	0.000758619
3	38	0.000832129
3	39	0.000895322
3	40	2.15464e-17
3	41	0.000859763
3	42	0.000799311
3	43	8.06126e-18
3	44	0.00117084
3	45	1.67951e-17
3	46	0.00225397
3	47	0.000759163
3	48	0.000816455
3	49	5.94111e-18
3	50	0.000751384
3	51	0.000749662
3	52	0.000766371
3	53	0.00109534
3	54	0.000926961
3	55	0.000749822
3	56	0.000781614
3	57	1.20718e-17
3	58	0.000756803
3	59	0.001332
3	60	0.00096469
3	61	0.000927976
3	62	0.000763368
3	63	0.000748453
3	64	0.000753492
4	0	0.00072034
4	1	0.000950431
4	2	0.000687827
4	3	0.000738133
4	4	1.16157e-17
4	5	0.000874812
4	6	1.25909e-17
4	7	0.00107716
4	8	1.84452e-17
4	9	0.000688927
4	10	1.98366e-17
4	11	0.000685821
4	12	0.0010037
4	13	0.000727151
4	14	8.48229e-18
4	15	0.000744737
4	16	1.2246e-17
4	17	1.25362e-17
4	18	0.000700948
4	19	0.000693322
4	20	1.35087e-17
4	21	0.000701286
4	22	0.113857
4	23	2.13082e-17
4	24	1.12566e-17
4	25	0.000923798
4	26	0.000717811
4	27	0.000715416
4	28	4.4516e-18
4	29	1.42158e-17
4	30	0.00112617
4	31	1.50702e-17
4	32	2.14382e-17
4	33	1.07102e-17
4	34	1.17182e-17
4	35	1.75574e-17
4	36	1.23821e-17
4	37	5.92349e-18
4	38	8.63048e-18
4	39	1.29178e-17
4	40	8.69985e-18
4	41	0.000796317
4	42	7.48273e-18
4	43	5.86367e-18
4	44	0.00110739
4	45	4.34658e-18
4	46	1.20142e-17
4	47	7.96454e-18
4	48	8.79889e-18
4	49	1.68161e-17
4	50	1.15729e-17
4	51	0.000686216
4	52	0.000702925
4	53	0.0010319
4	54	7.52141e-18
4	55	8.93179e-18
4	56	0.000718168
4	57	1.49165e-17
4	58	6.47664e-19
4	59	0.00126856
4	60	0.000901243
4	61	0.00086453
4	62	1.05951e-17
4	63	8.11197e-18
4	64	1.60662e-17
5	0	0.00108096
5	1	0.00131106
5	2	0.00104845
5	3	0.00109876
5	4	3.06865e-18
5	5	0.00123544
5	6	0.0013932
5	7	0.00143779
5	8	2.35326e-18
5	9	0.00104955
5	10	4.92089e-18
5	11	0.00104645
5	12	0.00136432
5	13	0.00108778
5	14	0.00113177
5	15	0.00110536
5	16	0.00114301
5	17	0.00106042
5	18	0.00106157
5	19	0.00105395
5	20	0.00104956
5	21	0.00106191
5	22	0.114218
5	23	0.00110618
5	24	0.00105076
5	25	0.00128442
5	26	0.00107844
5	27	0.00107604
5	28	4.6456e-18
5	29	0.00125929
5	30	0.00148679
5	31	0.00106268
5	32	0.00197073
5	33	1.84627e-18
5	34	0.00139717
5	35	0.00106698
5	36	0.00127193
5	37	0.0010558
5	38	0.00112931
5	39	0.0011925
5	40	0.00106319
5	41	0.00115694
5	42	0.00109649
5	43	1.11614e-17
5	44	0.00146802
5	45	8.57745e-18
5	46	0.00255115
5	47	0.00105634
5	48	0.00111363
5	49	0.00104498
5	50	0.00104856
5	51	0.00104684
5	52	0.00106355
5	53	0.00139252
5	54	0.00122414
5	55	0.001047
5	56	0.00107879
5	57	9.66771e-18
5	58	0.00105398
5	59	0.00162918
5	60	0.00126187
5	61	0.00122515
5	62	0.00106055
5	63	0.00104563
5	64	0.00105067
6	0	0.00136078
6	1	0.00159087
6	2	0.00132827
6	3	0.00137858
6	4	3.73894e-18
6	5	0.00151526
6	6	0.00167301
6	7	0.00171761
6	8	4.87632e-18
6	9	0.00132937
6	10	5.03995e-18
6	11	0.00132626
6	12	0.00164414
6	13	0.00136759
6	14	0.00141159
6	15	0.00138518
6	16	0.00142282
6	17	0.00134024
6	18	0.00134139
6	19	0.00133377
6	20	0.00132938
6	21	0.00134173
6	22	0.114498
6	23	0.00138599
6	24	1.2258e-17
6	25	0.00156424
6	26	0.00135825
6	27	0.00135586
6	28	9.88329e-18
6	29	0.00153911
6	30	0.00176661
6	31	0.0013425
6	32	0.00225055
6	33	8.78553e-19
6	34	0.00167699
6	35	0.0013468
6	36	0.00155175
6	37	0.00133562
6	38	0.00140913
6	39	0.00147232
6	40	0.00134301
6	41	0.00143676
6	42	0.00137631
6	43	2.14699e-17
6	44	0.00174784
6	45	0.00132589
6	46	0.00283097
6	47	0.00133616
6	48	0.00139345
6	49	4.56666e-19
6	50	0.00132838
6	51	1.05597e-17
6	52	0.00134337
6	53	0.00167234
6	54	0.00150396
6	55	0.00132682
6	56	0.00135861
6	57	1.37722e-17
6	58	0.0013338
6	59	0.001909
6	60	0.00154169
6	61	0.00150497
6	62	0.00134037
6	63	0.00132545
6	64	0.00133049
7	0	0.00151255
7	1	0.00174264
7	2	0.00148003
7	3	0.00153034
7	4	3.33625e-18
7	5	0.00166702
7	6	0.00182478
7	7	0.00186937
7	8	1.14738e-17
7	9	0.00148114
7	10	2.12722e-18
7	11	0.00147803
7	12	0.00179591
7	13	0.00151936
7	14	0.00156335
7	15	0.00153694
7	16	0.00157459
7	17	0.001492
7	18	0.00149316
7	19	0.00148553
7	20	0.00148114
7	21	0.00149349
7	22	0.114649
7	23	0.00153776
7	24	0.00148234
7	25	0.00171601
7	26	0.00151002
7	27	0.00150762
7	28	0.00147765
7	29	0.00169088
7	30	0.00191837
7	31	0.00149427
7	32	0.00240231
7	33	6.19454e-18
7	34	0.00182875
7	35	0.00149856
7	36	0.00170351
7	37	0.00148738
7	38	0.00156089
7	39	0.00162408
7	40	0.00149477
7	41	0.00158852
7	42	0.00152807
7	43	2.76704e-18
7	44	0.0018996
7	45	5.1586e-18
7	46	0.00298274
7	47	0.00148792
7	48	0.00154522
7	49	6.74634e-18
7	50	0.00148014
7	51	0.00147842
7	52	0.00149513
7	53	0.00182411
7	54	0.00165572
7	55	0.00147858
7	56	0.00151038
7	57	6.9741e-19
7	58	0.00148556
7	59	0.00206077
7	60	0.00169345
7	61	0.00165674
7	62	0.00149213
7	63	0.00147721
7	64	0.00148225
8	0	2.5685e-18
8	1	8.43361e-19
8	2	1.19717e-17
8	3	1.91978e-17
8	4	2.51307e-18
8	5	0.00138232
8	6	1.42147e-18
8	7	7.49332e-18
8	8	2.38989e-18
8	9	0.00119644
8	10	1.29751e-17
8	11	0.00119333
8	12	0.00151121
8	13	0.00123466
8	14	2.05292e-17
8	15	1.08012e-17
8	16	1.88535e-17
8	17	1.66606e-17
8	18	1.16007e-18
8	19	0.00120083
8	20	7.85327e-19
8	21	0.00120879
8	22	0.114365
8	23	5.80229e-18
8	24	3.36643e-18
8	25	0.00143131
8	26	9.39531e-18
8	27	3.38049e-18
8	28	1.63824e-17
8	29	1.13971e-17
8	30	1.48351e-17
8	31	8.83498e-18
8	32	4.89119e-18
8	33	1.92147e-17
8	34	4.64647e-18
8	35	6.07908e-18
8	36	1.73875e-18
8	37	1.98815e-18
8	38	4.30749e-18
8	39	1.14938e-17
8	40	1.83875e-17
8	41	3.45599e-18
8	42	1.21951e-18
8	43	9.27229e-18
8	44	0.0016149
8	45	0.00119295
8	46	0.00269804
8	47	0.00120323
8	48	0.00126052
8	49	1.6031e-17
8	50	0.00119545
8	51	9.31303e-18
8	52	0.00121043
8	53	5.16253e-18
8	54	0.00137102
8	55	1.77184e-18
8	56	0.00122568
8	57	1.30158e-17
8	58	3.8387e-19
8	59	0.00177607
8	60	1.03546e-17
8	61	7.2356e-18
8	62	3.31024e-18
8	63	1.37677e-17
8	64	2.04097e-17
9	0	0.000644847
9	1	0.000874939
9	2	0.000612335
9	3	0.00066264
9	4	4.65905e-18
9	5	0.000799319
9	6	0.000957078
9	7	0.00100167
9	8	0.00060975
9	9	0.000613435
9	10	1.48613e-17
9	11	0.000610329
9	12	0.000928207
9	13	0.000651658
9	14	0.000695654
9	15	0.000669245
9	16	0.000706888
9	17	0.0006243
9	18	0.000625455
9	19	0.000617829
9	20	8.51264e-19
9	21	0.000625793
9	22	0.113782
9	23	0.000670058
9	24	1.81647e-17
9	25	0.000848305
9	26	0.000642318
9	27	0.000639924
9	28	0.000609945
9	29	0.000823176
9	30	0.00105067
9	31	0.000626565
9	32	0.00153461
9	33	2.83583e-18
9	34	0.000961049
9	35	0.000630861
9	36	0.000835812
9	37	0.00061968
9	38	0.00069319
9	39	0.000756383
9	40	2.06992e-17
9	41	0.000720824
9	42	0.000660372
9	43	1.42684e-17
9	44	0.0010319
9	45	0.000609953
9	46	0.00211504
9	47	0.000620223
9	48	0.000677515
9	49	0.000608863
9	50	0.000612444
9	51	0.000610723
9	52	0.000627432
9	53	0.000956405
9	54	0.000788021
9	55	2.19423e-17
9	56	0.000642675
9	57	1.41203e-18
9	58	0.000617864
9	59	0.00119307
9	60	0.000825751
9	61	0.000789037
9	62	0.000624429
9	63	0.000609514
9	64	0.000614553
10	0	0.00166119
10	1	0.00189128
10	2	2.01758e-17
10	3	0.00167898
10	4	1.71685e-17
10	5	0.00181566
10	6	0.00197342
10	7	0.00201801
10	8	2.70647e-18
10	9	1.58295e-17
10	10	7.43811e-19
10	11	0.00162667
10	12	0.00194455
10	13	0.001668
10	14	0.00171199
10	15	0.00168558
10	16	0.00172323
10	17	6.77101e-18
10	18	0.00164179
10	19	0.00163417
10	20	1.86072e-17
10	21	0.00164213
10	22	0.114798
10	23	0.0016864
10	24	1.47304e-17
10	25	0.00186464
10	26	0.00165866
10	27	1.15801e-17
10	28	9.39155e-18
10	29	0.00183951
10	30	0.00206701
10	31	0.0016429
10	32	0.00255095
10	33	3.07574e-18
10	34	0.00197739
10	35	1.45364e-17
10	36	0.00185215
10	37	0.00163602
10	38	0.00170953
10	39	0.00177272
10	40	4.04729e-19
10	41	1.49228e-17
10	42	0.00167671
10	43	3.27341e-18
10	44	0.00204824
10	45	1.3811e-18
10	46	0.00313137
10	47	7.34539e-18
10	48	0.00169385
10	49	2.15756e-18
10	50	0.00162878
10	51	7.35702e-18
10	52	0.00164377
10	53	0.00197274
10	54	0.00180436
10	55	2.59306e-18
10	56	0.00165901
10	57	1.00204e-19
10	58	1.02236e-17
10	59	0.0022094
10	60	0.00184209
10	61	9.75922e-19
10	62	0.00164077
10	63	0.00162585
10	64	1.12512e-17
11	0	0.000533273
11	1	0.000763365
11	2	0.000500761
11	3	0.000551066
11	4	4.90976e-18
11	5	0.000687745
11	6	0.000845504
11	7	0.000890095
11	8	5.84151e-19
11	9	0.000501861
11	10	8.6641e-18
11	11	0.000498755
11	12	0.000816633
11	13	0.000540084
11	14	0.00058408
11	15	0.000557671
11	16	0.000595314
11	17	0.000512726
11	18	0.000513881
11	19	0.000506255
11	20	1.3448e-18
11	21	0.000514219
11	22	0.11367
11	23	0.000558484
11	24	4.30883e-18
11	25	0.000736731
11	26	0.000530744
11	27	0.00052835
11	28	0.000498371
11	29	0.000711602
11	30	0.000939099
11	31	1.5731e-17
11	32	1.76462e-17
11	33	1.08744e-17
11	34	0.000849475
11	35	2.17483e-17
11	36	0.000724238
11	37	0.000508106
11	38	0.000581616
11	39	0.000644809
11	40	1.98725e-17
11	41	0.00060925
11	42	0.000548798
11	43	3.68525e-18
11	44	0.000920327
11	45	0.000498379
11	46	0.00200346
11	47	0.000508649
11	48	0.000565942
11	49	2.5822e-18
11	50	0.00050087
11	51	0.000499149
11	52	0.000515858
11	53	0.000844831
11	54	0.000676447
11	55	1.97034e-17
11	56	0.000531101
11	57	6.46827e-19
11	58	0.00050629
11	59	0.00108149
11	60	0.000714177
11	61	0.000677463
11	62	0.000512855
11	63	0.00049794
11	64	1.34013e-17
12	0	0.00118664
12	1	0.00141673
12	2	0.00115413
12	3	0.00120444
12	4	1.41287e-18
12	5	0.00134112
12	6	0.00149887
12	7	0.00154347
12	8	0.00115155
12	9	0.00115523
12	10	8.40365e-18
12	11	0.00115212
12	12	0.00147
12	13	0.00119345
12	14	0.00123745
12	15	0.00121104
12	16	0.00124868
12	17	0.0011661
12	18	0.00116725
12	19	0.00115963
12	20	0.00115524
12	21	0.00116759
12	22	0.114323
12	23	0.00121185
12	24	1.62956e-17
12	25	0.0013901
12	26	0.00118411
12	27	0.00118172
12	28	1.13374e-18
12	29	0.00136497
12	30	0.00159247
12	31	0.00116836
12	32	0.00207641
12	33	0.00115089
12	34	0.00150285
12	35	0.00117266
12	36	0.00137761
12	37	0.00116148
12	38	0.00123499
12	39	0.00129818
12	40	0.00116887
12	41	0.00126262
12	42	0.00120217
12	43	1.8094e-17
12	44	0.0015737
12	45	3.67357e-18
12	46	0.00265683
12	47	0.00116202
12	48	0.00121931
12	49	1.37724e-17
12	50	0.00115424
12	51	1.18286e-17
12	52	0.00116923
12	53	0.0014982
12	54	0.00132982
12	55	0.00115268
12	56	0.00118447
12	57	5.4044e-18
12	58	0.00115966
12	59	0.00173486
12	60	0.00136755
12	61	0.00133083
12	62	0.00116623
12	63	0.00115131
12	64	0.00115635
13	0	0.00111113
13	1	0.00134122
13	2	0.00107861
13	3	0.00112892
13	4	8.00621e-18
13	5	0.0012656
13	6	0.00142336
13	7	0.00146795
13	8	1.29338e-17
13	9	0.00107971
13	10	1.87214e-17
13	11	0.00107661
13	12	0.00139449
13	13	0.00111794
13	14	0.00116193
13	15	0.00113552
13	16	0.00117317
13	17	0.00109058
13	18	0.00109174
13	19	0.00108411
13	20	1.86025e-17
13	21	0.00109207
13	22	0.114248
13	23	0.00113634
13	24	0.00108092
13	25	0.00131459
13	26	0.0011086
13	27	0.0011062
13	28	1.33651e-17
13	29	0.00128946
13	30	0.00151695
13	31	0.00109284
13	32	0.00200089
13	33	2.96023e-18
13	34	0.00142733
13	35	0.00109714
13	36	0.00130209
13	37	0.00108596
13	38	0.00115947
13	39	0.00122266
13	40	2.18634e-17
13	41	0.0011871
13	42	0.00112665
13	43	1.5342e-17
13	44	0.00149818
13	45	1.29085e-17
13	46	0.00258132
13	47	0.0010865
13	48	0.0011438
13	49	6.16879e-18
13	50	0.00107872
13	51	0.001077
13	52	0.00109371
13	53	0.00142268
13	54	0.0012543
13	55	0.00107716
13	56	0.00110896
13	57	8.55852e-18
13	58	0.00108414
13	59	0.00165935
13	60	0.00129203
13	61	0.00125532
13	62	0.00109071
13	63	0.00107579
13	64	0.00108083
14	0	0.000796569
14	1	0.00102666
14	2	0.000764056
14	3	0.000814362
14	4	6.87367e-18
14	5	0.000951041
14	6	0.0011088
14	7	0.00115339
14	8	1.65636e-17
14	9	0.000765156
14	10	0.00158802
14	11	0.00076205
14	12	0.00107993
14	13	0.00080338
14	14	0.000847376
14	15	0.000820966
14	16	0.00085861
14	17	0.000776021
14	18	0.000777177
14	19	0.000769551
14	20	0.000765162
14	21	0.000777515
14	22	0.113933
14	23	0.00082178
14	24	0.000766365
14	25	0.00100003
14	26	0.00079404
14	27	0.000791645
14	28	1.97461e-17
14	29	0.000974898
14	30	0.00120239
14	31	0.000778286
14	32	0.00168633
14	33	3.40043e-18
14	34	0.00111277
14	35	0.000782583
14	36	0.000987533
14	37	0.000771402
14	38	0.000844912
14	39	0.000908105
14	40	0.000778794
14	41	0.000872546
14	42	0.000812094
14	43	1.95142e-17
14	44	0.00118362
14	45	0.000761674
14	46	0.00226676
14	47	0.000771945
14	48	0.000829237
14	49	1.59693e-17
14	50	0.000764166
14	51	0.000762445
14	52	0.000779154
14	53	0.00110813
14	54	0.000939743
14	55	0.000762604
14	56	0.000794397
14	57	2.12901e-17
14	58	0.000769586
14	59	0.00134479
14	60	0.000977472
14	61	0.000940759
14	62	0.000776151
14	63	9.75282e-18
14	64	0.000766275
15	0	0.000585595
15	1	0.000815686
15	2	0.000553082
15	3	0.000603388
15	4	6.30602e-18
15	5	0.000740067
15	6	0.000897826
15	7	0.000942417
15	8	7.78634e-18
15	9	0.000554182
15	10	2.53992e-18
15	11	0.000551076
15	12	0.000868954
15	13	0.000592406
15	14	0.000636402
15	15	0.000609992
15	16	0.000647636
15	17	0.000565047
15	18	0.000566203
15	19	0.000558577
15	20	0.000554188
15	21	0.000566541
15	22	0.113722
15	23	0.000610806
15	24	1.12962e-17
15	25	0.000789053
15	26	0.000583066
15	27	0.000580671
15	28	1.10897e-17
15	29	0.000763924
15	30	0.00099142
15	31	0.000567312
15	32	0.00147536
15	33	0.000549845
15	34	0.000901797
15	35	0.000571609
15	36	0.000776559
15	37	0.000560428
15	38	0.000633938
15	39	0.000697131
15	40	0.00056782
15	41	0.000661572
15	42	0.00060112
15	43	5.66827e-18
15	44	0.000972648
15	45	3.26127e-18
15	46	0.00205578
15	47	0.000560971
15	48	0.000618263
15	49	5.68839e-18
15	50	0.000553192
15	51	0.000551471
15	52	0.000568179
15	53	0.000897152
15	54	0.000728769
15	55	0.00055163
15	56	0.000583423
15	57	1.79779e-17
15	58	0.000558612
15	59	0.00113381
15	60	0.000766498
15	61	0.000729785
15	62	0.000565177
15	63	0.000550261
15	64	0.000555301
16	0	0.000715491
16	1	0.000945582
16	2	0.000682978
16	3	0.000733284
16	4	8.02907e-19
16	5	0.000869963
16	6	0.00102772
16	7	0.00107231
16	8	1.98259e-17
16	9	0.000684078
16	10	1.64297e-17
16	11	0.000680972
16	12	0.00099885
16	13	0.000722302
16	14	0.000766298
16	15	0.000739888
16	16	0.000777532
16	17	0.000694943
16	18	0.000696099
16	19	0.000688473
16	20	0.000684084
16	21	0.000696437
16	22	0.113852
16	23	0.000740702
16	24	0.000685287
16	25	0.000918949
16	26	0.000712962
16	27	0.000710567
16	28	1.77079e-17
16	29	0.00089382
16	30	0.00112132
16	31	0.000697208
16	32	0.00160525
16	33	0.000679741
16	34	0.00103169
16	35	0.000701505
16	36	0.000906455
16	37	0.000690324
16	38	0.000763834
16	39	0.000827027
16	40	0.000697716
16	41	0.000791468
16	42	0.000731016
16	43	6.1075e-18
16	44	0.00110254
16	45	9.66257e-18
16	46	0.00218568
16	47	0.000690867
16	48	0.000748159
16	49	0.000679507
16	50	0.000683088
16	51	1.46135e-17
16	52	0.000698076
16	53	0.00102705
16	54	0.000858665
16	55	0.000681526
16	56	0.000713319
16	57	7.02968e-18
16	58	0.000688508
16	59	0.00126371
16	60	0.000896394
16	61	0.000859681
16	62	0.000695073
16	63	0.000680157
16	64	0.000685197
17	0	4.34202e-05
17	1	0.000273512
17	2	1.87855e-17
17	3	2.20027e-17
17	4	1.09866e-17
17	5	1.66743e-17
17	6	1.47802e-17
17	7	0.000400242
17	8	1.20802e-17
17	9	1.25877e-17
17	10	2.918e-18
17	11	2.0557e-17
17	12	0.00032678
17	13	1.73508e-17
17	14	1.02491e-17
17	15	7.91021e-19
17	16	0.000105461
17	17	1.06645e-17
17	18	1.25996e-17
17	19	9.60294e-18
17	20	5.28543e-18
17	21	2.43662e-05
17	22	0.11318
17	23	6.86311e-05
17	24	5.142e-18
17	25	3.33583e-18
17	26	6.315e-18
17	27	3.84968e-05
17	28	1.33405e-17
17	29	1.69728e-17
17	30	1.28409e-17
17	31	8.76076e-18
17	32	2.12865e-17
17	33	1.09185e-17
17	34	0.000359622
17	35	1.73887e-17
17	36	0.000234385
17	37	6.77402e-18
17	38	5.20716e-18
17	39	0.000154956
17	40	7.45527e-18
17	41	2.14063e-17
17	42	5.89451e-05
17	43	1.25919e-17
17	44	0.000430474
17	45	1.00611e-17
17	46	0.00151361
17	47	1.66299e-17
17	48	7.60886e-05
17	49	6.88852e-18
17	50	1.95011e-17
17	51	6.0339e-18
17	52	6.49827e-18
17	53	1.84647e-17
17	54	0.000186594
17	55	1.22773e-17
17	56	1.52936e-17
17	57	2.95271e-19
17	58	1.40211e-17
17	59	6.29201e-18
17	60	2.84619e-18
17	61	6.52146e-18
17	62	6.63372e-18
17	63	9.66072e-18
17	64	1.848e-17
18	0	0.000326705
18	1	0.000556796
18	2	0.000294192
18	3	0.000344498
18	4	1.09826e-17
18	5	0.000481177
18	6	0.000638936
18	7	0.000683527
18	8	0.000291608
18	9	0.000295293
18	10	5.57392e-18
18	11	0.000292186
18	12	0.000610065
18	13	0.000333516
18	14	0.000377512
18	15	0.000351102
18	16	0.000388746
18	17	0.000306157
18	18	0.000307313
18	19	0.000299687
18	20	1.34111e-17
18	21	0.000307651
18	22	0.113463
18	23	0.000351916
18	24	0.000296501
18	25	0.000530163
18	26	0.000324176
18	27	0.000321781
18	28	1.98828e-17
18	29	0.000505034
18	30	0.00073253
18	31	0.000308423
18	32	0.00121647
18	33	0.000290956
18	34	0.000642907
18	35	0.000312719
18	36	0.000517669
18	37	0.000301538
18	38	0.000375048
18	39	0.000438241
18	40	0.00030893
18	41	0.000402682
18	42	0.00034223
18	43	0.000291206
18	44	0.000713758
18	45	7.51762e-18
18	46	0.00179689
18	47	0.000302081
18	48	0.000359373
18	49	0.000290721
18	50	0.000294302
18	51	0.000292581
18	52	0.00030929
18	53	0.000638263
18	54	0.000469879
18	55	0.00029274
18	56	0.000324533
18	57	5.97019e-19
18	58	0.000299722
18	59	0.000874923
18	60	0.000507608
18	61	0.000470895
18	62	0.000306287
18	63	0.000291371
18	64	0.000296411
19	0	0.000361975
19	1	0.000592067
19	2	0.000329463
19	3	0.000379768
19	4	1.28596e-17
19	5	0.000516447
19	6	0.000674206
19	7	0.000718797
19	8	0.000326878
19	9	0.000330563
19	10	1.60256e-17
19	11	0.000327457
19	12	0.000645335
19	13	0.000368786
19	14	0.000412782
19	15	0.000386373
19	16	0.000424016
19	17	0.000341428
19	18	0.000342583
19	19	0.000334957
19	20	0.000330568
19	21	0.000342921
19	22	0.113499
19	23	0.000387186
19	24	1.30946e-17
19	25	0.000565433
19	26	0.000359446
19	27	0.000357052
19	28	0.000327073
19	29	0.000540304
19	30	0.0007678
19	31	0.000343693
19	32	0.00125174
19	33	0.000326226
19	34	0.000678177
19	35	0.000347989
19	36	0.00055294
19	37	0.000336808
19	38	0.000410318
19	39	0.000473511
19	40	0.0003442
19	41	0.000437952
19	42	0.0003775
19	43	0.000326476
19	44	0.000749029
19	45	1.05781e-17
19	46	0.00183216
19	47	0.000337351
19	48	0.000394643
19	49	0.000325991
19	50	0.000329572
19	51	0.000327851
19	52	0.00034456
19	53	0.000673533
19	54	0.000505149
19	55	0.00032801
19	56	0.000359803
19	57	1.31348e-17
19	58	0.000334992
19	59	0.000910194
19	60	0.000542879
19	61	0.000506165
19	62	0.000341557
19	63	0.000326642
19	64	0.000331681
20	0	0.000787768
20	1	0.00101786
20	2	4.4393e-18
20	3	0.000805561
20	4	1.52948e-17
20	5	0.00094224
20	6	0.0011
20	7	0.00114459
20	8	9.14073e-18
20	9	2.03164e-17
20	10	2.19424e-17
20	11	2.20366e-17
20	12	0.00107113
20	13	0.000794579
20	14	0.000838575
20	15	0.000812165
20	16	0.000849809
20	17	0.00076722
20	18	0.000768376
20	19	0.00076075
20	20	0.000756361
20	21	0.000768714
20	22	0.113925
20	23	0.000812979
20	24	0.000757564
20	25	0.000991226
20	26	0.000785239
20	27	0.000782844
20	28	1.73049e-17
20	29	0.000966097
20	30	0.00119359
20	31	3.16605e-18
20	32	7.30907e-18
20	33	7.86053e-18
20	34	0.00110397
20	35	0.000773782
20	36	0.000978732
20	37	0.000762601
20	38	0.000836111
20	39	0.000899304
20	40	7.1083e-18
20	41	0.000863745
20	42	0.000803293
20	43	2.44824e-18
20	44	0.00117482
20	45	5.02608e-18
20	46	0.00225796
20	47	4.99646e-18
20	48	0.000820436
20	49	2.02987e-17
20	50	0.000755365
20	51	6.92371e-18
20	52	0.000770352
20	53	0.00109933
20	54	0.000930942
20	55	3.3602e-18
20	56	0.000785596
20	57	1.01204e-17
20	58	0.000760785
20	59	0.00133599
20	60	0.000968671
20	61	1.82178e-17
20	62	0.00076735
20	63	3.59299e-18
20	64	1.71151e-17
21	0	0.000289966
21	1	0.000520057
21	2	0.000257453
21	3	0.000307759
21	4	1.40756e-18
21	5	0.000444438
21	6	0.000602197
21	7	0.000646788
21	8	1.72232e-17
21	9	0.000258553
21	10	2.18635e-18
21	11	0.000255447
21	12	0.000573326
21	13	0.000296777
21	14	0.000340773
21	15	0.000314363
21	16	0.000352007
21	17	0.000269418
21	18	0.000270574
21	19	0.000262948
21	20	0.000258559
21	21	0.000270912
21	22	0.113427
21	23	0.000315177
21	24	7.24108e-18
21	25	0.000493424
21	26	0.000287437
21	27	0.000285042
21	28	0.000255064
21	29	0.000468295
21	30	0.000695791
21	31	0.000271683
21	32	0.00117973
21	33	0.000254216
21	34	0.000606168
21	35	0.00027598
21	36	0.00048093
21	37	0.000264799
21	38	0.000338309
21	39	0.000401502
21	40	0.000272191
21	41	0.000365943
21	42	0.000305491
21	43	5.07034e-18
21	44	0.000677019
21	45	0.000255071
21	46	0.00176015
21	47	0.000265342
21	48	0.000322634
21	49	0.000253982
21	50	0.000257563
21	51	0.000255842
21	52	0.000272551
21	53	0.000601523
21	54	0.00043314
21	55	0.000256001
21	56	0.000287794
21	57	1.33371e-17
21	58	0.000262983
21	59	0.000838184
21	60	0.000470869
21	61	0.000434156
21	62	0.000269548
21	63	0.000254632
21	64	0.000259672
22	0	0.0535398
22	1	0.0537699
22	2	1.55797e-17
22	3	0.0535576
22	4	1.94205e-17
22	5	0.0536943
22	6	0.0538521
22	7	0.0538967
22	8	1.4537e-17
22	9	2.12459e-17
22	10	1.47177e-17
22	11	0.0535053
22	12	0.0538232
22	13	0.0535466
22	14	0.0535906
22	15	0.0535642
22	16	0.0536019
22	17	0.0535193
22	18	0.0535204
22	19	0.0535128
22	20	0.0535084
22	21	0.0535208
22	22	0.166677
22	23	0.053565
22	24	1.38592e-17
22	25	0.0537433
22	26	0.0535373
22	27	0.0535349
22	28	1.24563e-18
22	29	0.0537182
22	30	0.0539457
22	31	0.0535216
22	32	0.0544296
22	33	5.28049e-18
22	34	0.053856
22	35	0.0535258
22	36	0.0537308
22	37	0.0535147
22	38	0.0535882
22	39	0.0536514
22	40	1.51819e-17
22	41	0.0536158
22	42	0.0535554
22	43	1.50021e-17
22	44	0.0539269
22	45	9.1534e-18
22	46	0.05501
22	47	0.0535152
22	48	0.0535725
22	49	1.80192e-17
22	50	4.24683e-18
22	51	1.24922e-17
22	52	0.0535224
22	53	0.0538514
22	54	0.053683
22	55	1.12885e-17
22	56	0.0535377
22	57	6.40985e-18
22	58	0.0535129
22	59	0.0540881
22	60	0.0537207
22	61	0.053684
22	62	0.0535194
22	63	0.0535045
22	64	0.0535095
23	0	0.000911462
23	1	0.00114155
23	2	0.00087895
23	3	0.000929255
23	4	2.13554e-17
23	5	0.00106593
23	6	0.00122369
23	7	0.00126828
23	8	0.000876365
23	9	0.00088005
23	10	7.85288e-18
23	11	5.32666e-18
23	12	0.00119482
23	13	0.000918273
23	14	0.000962269
23	15	0.00093586
23	16	0.000973503
23	17	0.000890915
23	18	0.00089207
23	19	0.000884444
23	20	1.09246e-17
23	21	0.000892408
23	22	0.114048
23	23	0.000936673
23	24	0.000881258
23	25	0.00111492
23	26	0.000908933
23	27	0.000906539
23	28	1.99513e-17
23	29	0.00108979
23	30	0.00131729
23	31	0.00089318
23	32	0.00180123
23	33	2.02755e-17
23	34	0.00122766
23	35	0.000897476
23	36	0.00110243
23	37	0.000886295
23	38	0.000959805
23	39	0.001023
23	40	0.000893688
23	41	0.000987439
23	42	0.000926987
23	43	1.68363e-17
23	44	0.00129852
23	45	7.52404e-18
23	46	0.00238165
23	47	0.000886838
23	48	0.000944131
23	49	1.54663e-17
23	50	0.000879059
23	51	0.000877338
23	52	0.000894047
23	53	0.00122302
23	54	0.00105464
23	55	0.000877498
23	56	0.00090929
23	57	2.16372e-17
23	58	0.000884479
23	59	0.00145968
23	60	0.00109237
23	61	0.00105565
23	62	0.000891044
23	63	0.000876129
23	64	0.000881168
24	0	1.48013e-19
24	1	0.000989354
24	2	1.7501e-17
24	3	0.000777055
24	4	5.70001e-18
24	5	2.10361e-17
24	6	0.00107149
24	7	0.00111608
24	8	1.96456e-17
24	9	1.36616e-17
24	10	2.09982e-17
24	11	1.17091e-17
24	12	0.00104262
24	13	0.000766073
24	14	0.00081007
24	15	0.00078366
24	16	0.000821303
24	17	1.34598e-17
24	18	1.19325e-17
24	19	0.000732245
24	20	1.74851e-17
24	21	2.18712e-18
24	22	0.113896
24	23	0.000784473
24	24	1.19129e-17
24	25	9.17019e-18
24	26	0.000756733
24	27	1.69573e-17
24	28	1.8887e-17
24	29	0.000937591
24	30	0.00116509
24	31	1.00006e-20
24	32	8.26273e-18
24	33	1.09715e-17
24	34	0.00107546
24	35	0.000745276
24	36	0.000950227
24	37	1.45234e-17
24	38	1.38648e-17
24	39	0.000870798
24	40	8.01891e-19
24	41	1.81405e-17
24	42	0.000774787
24	43	4.41425e-18
24	44	0.00114632
24	45	1.76884e-17
24	46	0.00222945
24	47	2.12751e-18
24	48	0.000791931
24	49	1.0478e-17
24	50	0.00072686
24	51	1.16576e-17
24	52	0.000741847
24	53	0.00107082
24	54	9.74646e-19
24	55	0.000725298
24	56	0.00075709
24	57	7.34574e-18
24	58	2.11494e-17
24	59	0.00130748
24	60	0.000940166
24	61	1.84617e-18
24	62	0.000738844
24	63	0.000723929
24	64	1.29971e-17
25	0	0.00119437
25	1	0.00142447
25	2	0.00116186
25	3	0.00121217
25	4	8.86546e-18
25	5	0.00134885
25	6	0.00150661
25	7	0.0015512
25	8	9.8491e-18
25	9	0.00116296
25	10	0.00198582
25	11	0.00115986
25	12	0.00147773
25	13	0.00120119
25	14	0.00124518
25	15	0.00121877
25	16	0.00125642
25	17	0.00117383
25	18	0.00117498
25	19	0.00116736
25	20	1.30444e-17
25	21	0.00117532
25	22	0.114331
25	23	0.00121958
25	24	0.00116417
25	25	0.00139783
25	26	0.00119184
25	27	0.00118945
25	28	0.00115947
25	29	0.0013727
25	30	0.0016002
25	31	0.00117609
25	32	0.00208414
25	33	1.94219e-17
25	34	0.00151058
25	35	0.00118039
25	36	0.00138534
25	37	0.00116921
25	38	0.00124272
25	39	0.00130591
25	40	0.0011766
25	41	0.00127035
25	42	0.0012099
25	43	1.67997e-17
25	44	0.00158143
25	45	6.43649e-18
25	46	0.00266456
25	47	0.00116975
25	48	0.00122704
25	49	3.74419e-18
25	50	0.00116197
25	51	1.30976e-18
25	52	0.00117696
25	53	0.00150593
25	54	0.00133755
25	55	0.00116041
25	56	0.0011922
25	57	1.61674e-17
25	58	0.00116739
25	59	0.00174259
25	60	0.00137528
25	61	0.00133856
25	62	0.00117396
25	63	0.00115904
25	64	0.00116408
26	0	0.000790968
26	1	0.00102106
26	2	0.000758455
26	3	0.000808761
26	4	2.28641e-18
26	5	0.00094544
26	6	0.0011032
26	7	0.00114779
26	8	1.00311e-17
26	9	0.000759556
26	10	1.24682e-17
26	11	0.000756449
26	12	0.00107433
26	13	0.000797779
26	14	0.000841775
26	15	0.000815365
26	16	0.000853009
26	17	0.000770421
26	18	0.000771576
26	19	0.00076395
26	20	0.000759561
26	21	0.000771914
26	22	0.113928
26	23	0.000816179
26	24	0.000760764
26	25	0.000994426
26	26	0.000788439
26	27	0.000786045
26	28	0.000756066
26	29	0.000969297
26	30	0.00119679
26	31	0.000772686
26	32	0.00168073
26	33	3.01919e-18
26	34	0.00110717
26	35	0.000776982
26	36	0.000981932
26	37	0.000765801
26	38	0.000839311
26	39	0.000902504
26	40	0.000773193
26	41	0.000866945
26	42	0.000806493
26	43	2.07125e-17
26	44	0.00117802
26	45	0.000756073
26	46	0.00226116
26	47	0.000766344
26	48	0.000823636
26	49	0.000754984
26	50	0.000758565
26	51	0.000756844
26	52	0.000773553
26	53	0.00110253
26	54	0.000934142
26	55	0.000757003
26	56	0.000788796
26	57	7.9797e-18
26	58	0.000763985
26	59	0.00133919
26	60	0.000971872
26	61	0.000935158
26	62	0.00077055
26	63	0.000755634
26	64	0.000760674
27	0	0.000759514
27	1	0.000989605
27	2	0.000727002
27	3	0.000777307
27	4	1.11426e-17
27	5	0.000913986
27	6	0.00107175
27	7	0.00111634
27	8	1.6215e-17
27	9	0.000728102
27	10	4.27555e-18
27	11	0.000724995
27	12	0.00104287
27	13	0.000766325
27	14	0.000810321
27	15	0.000783912
27	16	0.000821555
27	17	0.000738967
27	18	0.000740122
27	19	0.000732496
27	20	4.56242e-18
27	21	0.00074046
27	22	0.113896
27	23	0.000784725
27	24	9.83695e-19
27	25	0.000962972
27	26	0.000756985
27	27	0.000754591
27	28	0.000724612
27	29	0.000937843
27	30	0.00116534
27	31	0.000741232
27	32	0.00164928
27	33	1.05904e-17
27	34	0.00107572
27	35	0.000745528
27	36	0.000950479
27	37	0.000734347
27	38	0.000807857
27	39	0.00087105
27	40	0.000741739
27	41	0.000835491
27	42	0.000775039
27	43	2.13848e-17
27	44	0.00114657
27	45	1.24426e-17
27	46	0.0022297
27	47	0.00073489
27	48	0.000792182
27	49	1.87935e-17
27	50	0.000727111
27	51	0.00072539
27	52	0.000742099
27	53	0.00107107
27	54	0.000902688
27	55	0.000725549
27	56	0.000757342
27	57	1.80219e-17
27	58	0.000732531
27	59	0.00130773
27	60	0.000940418
27	61	0.000903704
27	62	0.000739096
27	63	0.000724181
27	64	1.14361e-18
28	0	0.000612365
28	1	0.000842457
28	2	1.75589e-17
28	3	0.000630158
28	4	2.01066e-17
28	5	0.000766837
28	6	1.8546e-17
28	7	0.000969187
28	8	0.000577268
28	9	0.000580953
28	10	1.19387e-17
28	11	0.000577847
28	12	0.000895725
28	13	0.000619176
28	14	0.000663173
28	15	0.000636763
28	16	0.000674406
28	17	1.06863e-17
28	18	0.000592973
28	19	0.000585348
28	20	1.2378e-17
28	21	0.000593311
28	22	0.113749
28	23	1.26899e-17
28	24	2.17067e-17
28	25	0.000815823
28	26	0.000609836
28	27	0.000607442
28	28	0.000577464
28	29	0.000790694
28	30	0.00101819
28	31	1.96383e-17
28	32	1.3189e-17
28	33	5.41861e-18
28	34	0.000928568
28	35	1.44609e-17
28	36	0.00080333
28	37	1.18802e-17
28	38	0.000660708
28	39	0.000723901
28	40	1.99953e-17
28	41	1.99843e-17
28	42	0.00062789
28	43	1.61975e-17
28	44	0.000999419
28	45	1.10094e-17
28	46	0.00208255
28	47	0.000587742
28	48	1.27096e-17
28	49	4.26165e-18
28	50	1.73818e-17
28	51	0.000578241
28	52	0.00059495
28	53	0.000923923
28	54	0.00075554
28	55	1.42944e-17
28	56	0.000610193
28	57	2.04921e-17
28	58	1.39552e-17
28	59	0.00116058
28	60	0.000793269
28	61	9.91855e-18
28	62	0.000591947
28	63	3.73787e-18
28	64	0.000582071
29	0	0.00098782
29	1	0.00121791
29	2	0.000955308
29	3	0.00100561
29	4	2.19396e-17
29	5	0.00114229
29	6	0.00130005
29	7	0.00134464
29	8	7.84741e-18
29	9	0.000956408
29	10	1.15203e-17
29	11	0.000953302
29	12	0.00127118
29	13	0.000994631
29	14	0.00103863
29	15	0.00101222
29	16	0.00104986
29	17	0.000967273
29	18	0.000968428
29	19	0.000960802
29	20	0.000956413
29	21	0.000968766
29	22	0.114125
29	23	0.00101303
29	24	0.000957616
29	25	0.00119128
29	26	0.000985291
29	27	0.000982897
29	28	1.25171e-17
29	29	0.00116615
29	30	0.00139365
29	31	0.000969538
29	32	0.00187758
29	33	0.000952071
29	34	0.00130402
29	35	0.000973834
29	36	0.00117878
29	37	0.000962653
29	38	0.00103616
29	39	0.00109936
29	40	0.000970045
29	41	0.0010638
29	42	0.00100335
29	43	2.14143e-17
29	44	0.00137487
29	45	0.000952926
29	46	0.00245801
29	47	0.000963196
29	48	0.00102049
29	49	2.07424e-17
29	50	0.000955417
29	51	7.52361e-18
29	52	0.000970405
29	53	0.00129938
29	54	0.00113099
29	55	0.000953856
29	56	0.000985648
29	57	1.15394e-17
29	58	0.000960837
29	59	0.00153604
29	60	0.00116872
29	61	0.00113201
29	62	0.000967402
29	63	0.000952487
29	64	0.000957526
30	0	0.00109777
30	1	0.00132787
30	2	0.00106526
30	3	0.00111557
30	4	1.7537e-17
30	5	0.00125225
30	6	0.00141001
30	7	0.0014546
30	8	2.40002e-18
30	9	0.00106636
30	10	6.6028e-18
30	11	9.88444e-18
30	12	0.00138113
30	13	0.00110459
30	14	0.00114858
30	15	0.00112217
30	16	0.00115982
30	17	0.00107723
30	18	0.00107838
30	19	0.00107076
30	20	4.48504e-18
30	21	0.00107872
30	22	0.114235
30	23	0.00112299
30	24	0.00106757
30	25	0.00130123
30	26	0.00109525
30	27	0.00109285
30	28	1.66458e-17
30	29	0.0012761
30	30	0.0015036
30	31	0.00107949
30	32	0.00198754
30	33	1.78908e-17
30	34	0.00141398
30	35	0.00108379
30	36	0.00128874
30	37	0.00107261
30	38	0.00114612
30	39	0.00120931
30	40	0.00108
30	41	0.00117375
30	42	0.0011133
30	43	1.52832e-17
30	44	0.00148483
30	45	8.45984e-18
30	46	0.00256796
30	47	5.79847e-18
30	48	0.00113044
30	49	2.05145e-17
30	50	0.00106537
30	51	0.00106365
30	52	0.00108036
30	53	0.00140933
30	54	0.00124095
30	55	0.00106381
30	56	0.0010956
30	57	2.05733e-17
30	58	0.00107079
30	59	0.00164599
30	60	0.00127868
30	61	0.00124196
30	62	0.00107736
30	63	2.87459e-18
30	64	8.6903e-18
31	0	0.00034404
31	1	0.000574132
31	2	1.81644e-18
31	3	0.000361833
31	4	1.48178e-17
31	5	0.000498512
31	6	2.13897e-17
31	7	0.000700862
31	8	1.34721e-17
31	9	1.91173e-17
31	10	2.7853e-18
31	11	2.94731e-18
31	12	0.0006274
31	13	0.000350851
31	14	0.000394848
31	15	0.000368438
31	16	0.000406081
31	17	2.44694e-18
31	18	0.000324648
31	19	0.000317023
31	20	3.74364e-18
31	21	0.000324986
31	22	0.113481
31	23	0.000369251
31	24	6.83112e-18
31	25	0.000547498
31	26	0.000341511
31	27	0.000339117
31	28	1.13553e-17
31	29	0.00052237
31	30	0.000749866
31	31	0.000325758
31	32	1.48656e-17
31	33	8.49555e-18
31	34	0.000660243
31	35	8.48833e-18
31	36	0.000535005
31	37	0.000318873
31	38	0.000392383
31	39	0.000455576
31	40	0.000326266
31	41	0.000420017
31	42	0.000359565
31	43	6.85195e-18
31	44	0.000731094
31	45	3.35414e-18
31	46	0.00181423
31	47	0.000319417
31	48	0.000376709
31	49	5.19279e-18
31	50	6.33108e-18
31	51	7.92581e-19
31	52	0.000326625
31	53	0.000655598
31	54	0.000487215
31	55	0.000310076
31	56	0.000341868
31	57	1.01185e-19
31	58	1.66158e-17
31	59	3.71421e-18
31	60	0.000524944
31	61	2.07441e-17
31	62	1.793e-18
31	63	1.69147e-17
31	64	1.02585e-17
32	0	0.0009189
32	1	0.00114899
32	2	4.74356e-19
32	3	0.000936693
32	4	5.33796e-19
32	5	0.00107337
32	6	0.00123113
32	7	0.00127572
32	8	1.97105e-17
32	9	5.18574e-18
32	10	5.74037e-18
32	11	1.39491e-17
32	12	0.00120226
32	13	0.000925711
32	14	8.26356e-18
32	15	0.000943298
32	16	0.000980941
32	17	0.000898353
32	18	0.000899508
32	19	0.000891882
32	20	2.21612e-18
32	21	0.000899846
32	22	0.114056
32	23	0.000944111
32	24	1.64492e-17
32	25	0.00112236
32	26	0.000916371
32	27	0.000913977
32	28	1.37697e-17
32	29	4.27622e-18
32	30	0.00132473
32	31	0.000900618
32	32	0.00180866
32	33	1.98566e-17
32	34	0.0012351
32	35	1.5947e-17
32	36	0.00110986
32	37	0.000893733
32	38	0.000967243
32	39	0.00103044
32	40	0.000901125
32	41	0.000994877
32	42	0.000934425
32	43	1.76323e-17
32	44	1.45172e-17
32	45	1.24267e-17
32	46	0.00238909
32	47	1.30466e-17
32	48	0.000951568
32	49	2.13312e-17
32	50	2.07961e-18
32	51	5.57764e-18
32	52	0.000901485
32	53	0.00123046
32	54	0.00106207
32	55	7.90467e-18
32	56	6.72827e-18
32	57	1.38618e-17
32	58	1.03317e-17
32	59	1.04378e-17
32	60	0.0010998
32	61	1.62858e-17
32	62	0.000898482
32	63	8.11035e-18
32	64	2.1903e-17
33	0	0.000303574
33	1	0.000533665
33	2	0.000271061
33	3	0.000321367
33	4	5.1307e-18
33	5	0.000458046
33	6	0.000615805
33	7	0.000660396
33	8	5.4449e-18
33	9	0.000272162
33	10	1.34157e-17
33	11	4.85801e-18
33	12	0.000586934
33	13	0.000310385
33	14	0.000354381
33	15	0.000327971
33	16	0.000365615
33	17	0.000283027
33	18	0.000284182
33	19	0.000276556
33	20	1.09855e-17
33	21	0.00028452
33	22	0.11344
33	23	0.000328785
33	24	9.48565e-18
33	25	0.000507032
33	26	0.000301045
33	27	1.27725e-17
33	28	1.39008e-17
33	29	0.000481903
33	30	0.000709399
33	31	0.000285292
33	32	0.00119334
33	33	0.000267825
33	34	0.000619776
33	35	9.9558e-18
33	36	0.000494538
33	37	0.000278407
33	38	0.000351917
33	39	0.00041511
33	40	0.000285799
33	41	0.000379551
33	42	0.000319099
33	43	0.000268075
33	44	0.000690627
33	45	9.3312e-18
33	46	0.00177376
33	47	5.05745e-18
33	48	0.000336242
33	49	1.06412e-17
33	50	1.07243e-17
33	51	1.47974e-18
33	52	0.000286159
33	53	0.000615132
33	54	0.000446748
33	55	0.000269609
33	56	0.000301402
33	57	3.83223e-18
33	58	1.69791e-17
33	59	0.000851792
33	60	0.000484478
33	61	0.000447764
33	62	0.000283156
33	63	0.00026824
33	64	0.00027328
34	0	0.000840289
34	1	0.00107038
34	2	0.000807776
34	3	0.000858082
34	4	1.3529e-17
34	5	0.000994761
34	6	0.00115252
34	7	0.00119711
34	8	2.22908e-19
34	9	0.000808877
34	10	1.59301e-17
34	11	0.00080577
34	12	0.00112365
34	13	0.0008471
34	14	0.000891096
34	15	0.000864686
34	16	0.00090233
34	17	0.000819742
34	18	0.000820897
34	19	0.000813271
34	20	0.000808882
34	21	0.000821235
34	22	0.113977
34	23	0.0008655
34	24	0.000810085
34	25	0.00104375
34	26	0.00083776
34	27	0.000835366
34	28	1.29469e-17
34	29	0.00101862
34	30	0.00124611
34	31	0.000822007
34	32	0.00173005
34	33	8.49758e-18
34	34	0.00115649
34	35	0.000826303
34	36	0.00103125
34	37	0.000815122
34	38	0.000888632
34	39	0.000951825
34	40	2.92976e-18
34	41	0.000916266
34	42	0.000855814
34	43	1.89846e-18
34	44	0.00122734
34	45	4.95656e-18
34	46	0.00231048
34	47	0.000815665
34	48	0.000872957
34	49	6.3178e-18
34	50	0.000807886
34	51	1.36037e-17
34	52	0.000822874
34	53	0.00115185
34	54	0.000983463
34	55	0.000806324
34	56	0.000838117
34	57	4.51495e-18
34	58	0.000813306
34	59	0.00138851
34	60	0.00102119
34	61	0.000984479
34	62	0.000819871
34	63	1.42912e-17
34	64	0.000809995
35	0	0.000311481
35	1	0.000541573
35	2	1.83624e-17
35	3	0.000329274
35	4	1.72542e-17
35	5	0.000465953
35	6	0.000623712
35	7	0.000668303
35	8	7.05009e-18
35	9	1.68102e-19
35	10	2.99729e-19
35	11	1.75427e-17
35	12	0.000594841
35	13	0.000318292
35	14	0.000362289
35	15	0.000335879
35	16	0.000373522
35	17	2.00855e-17
35	18	0.000292089
35	19	0.000284464
35	20	1.43427e-17
35	21	8.17807e-18
35	22	0.113448
35	23	0.000336692
35	24	4.26282e-18
35	25	0.000514939
35	26	0.000308952
35	27	0.000306558
35	28	6.7808e-18
35	29	0.00048981
35	30	0.000717307
35	31	0.000293199
35	32	1.76788e-17
35	33	1.61294e-17
35	34	0.000627684
35	35	0.000297495
35	36	0.000502446
35	37	0.000286314
35	38	0.000359824
35	39	0.000423017
35	40	1.58551e-17
35	41	0.000387458
35	42	0.000327006
35	43	2.10732e-17
35	44	0.000698535
35	45	8.9638e-18
35	46	0.00178167
35	47	0.000286858
35	48	0.00034415
35	49	1.9127e-17
35	50	0.000279079
35	51	3.96244e-18
35	52	2.19263e-17
35	53	0.000623039
35	54	0.000454656
35	55	9.99689e-18
35	56	0.000309309
35	57	1.07674e-17
35	58	0.000284498
35	59	0.0008597
35	60	0.000492385
35	61	9.93853e-18
35	62	0.000291063
35	63	2.01262e-17
35	64	6.23559e-18
36	0	0.000960254
36	1	0.00119035
36	2	0.000927741
36	3	0.000978047
36	4	1.85783e-17
36	5	0.00111473
36	6	0.00127248
36	7	0.00131708
36	8	1.54823e-17
36	9	0.000928842
36	10	2.0046e-17
36	11	0.000925735
36	12	0.00124361
36	13	0.000967065
36	14	0.00101106
36	15	0.000984651
36	16	0.00102229
36	17	0.000939707
36	18	0.000940862
36	19	0.000933236
36	20	0.000928847
36	21	0.0009412
36	22	0.114097
36	23	0.000985465
36	24	0.00093005
36	25	0.00116371
36	26	0.000957725
36	27	0.000955331
36	28	5.89319e-18
36	29	0.00113858
36	30	0.00136608
36	31	1.77835e-17
36	32	0.00185002
36	33	6.91424e-18
36	34	0.00127646
36	35	0.000946268
36	36	0.00115122
36	37	0.000935087
36	38	0.0010086
36	39	0.00107179
36	40	0.000942479
36	41	0.00103623
36	42	0.000975779
36	43	3.84833e-18
36	44	0.00134731
36	45	1.37686e-17
36	46	0.00243044
36	47	0.00093563
36	48	0.000992922
36	49	7.02352e-18
36	50	0.000927851
36	51	0.00092613
36	52	0.000942839
36	53	0.00127181
36	54	0.00110343
36	55	0.000926289
36	56	0.000958082
36	57	8.91097e-18
36	58	0.000933271
36	59	0.00150847
36	60	0.00114116
36	61	0.00110444
36	62	0.000939836
36	63	0.000924921
36	64	0.00092996
37	0	0.00036123
37	1	0.000591322
37	2	0.000328718
37	3	0.000379023
37	4	9.65765e-18
37	5	0.000515702
37	6	0.000673461
37	7	0.000718052
37	8	3.57959e-19
37	9	0.000329818
37	10	8.86504e-18
37	11	0.000326712
37	12	0.00064459
37	13	0.000368041
37	14	0.000412038
37	15	0.000385628
37	16	0.000423271
37	17	0.000340683
37	18	0.000341838
37	19	0.000334213
37	20	0.000329823
37	21	0.000342176
37	22	0.113498
37	23	0.000386441
37	24	8.80744e-18
37	25	0.000564688
37	26	0.000358701
37	27	0.000356307
37	28	1.64521e-17
37	29	0.00053956
37	30	0.000767056
37	31	0.000342948
37	32	0.00125099
37	33	0.000325481
37	34	0.000677433
37	35	0.000347244
37	36	0.000552195
37	37	0.000336063
37	38	0.000409573
37	39	0.000472767
37	40	0.000343456
37	41	0.000437207
37	42	0.000376755
37	43	1.68692e-17
37	44	0.000748284
37	45	9.4427e-18
37	46	0.00183142
37	47	0.000336607
37	48	0.000393899
37	49	0.000325247
37	50	0.000328828
37	51	3.08943e-18
37	52	0.000343815
37	53	0.000672788
37	54	0.000504405
37	55	0.000327266
37	56	0.000359058
37	57	1.76859e-18
37	58	0.000334247
37	59	0.000909449
37	60	0.000542134
37	61	0.00050542
37	62	0.000340812
37	63	0.000325897
37	64	0.000330936
38	0	0.00065219
38	1	0.000882281
38	2	0.000619677
38	3	0.000669983
38	4	1.3631e-17
38	5	0.000806662
38	6	0.000964421
38	7	0.00100901
38	8	9.78541e-20
38	9	0.000620777
38	10	5.19239e-18
38	11	0.000617671
38	12	0.000935549
38	13	0.000659001
38	14	0.000702997
38	15	0.000676587
38	16	0.000714231
38	17	0.000631642
38	18	0.000632798
38	19	0.000625172
38	20	4.7209e-18
38	21	0.000633136
38	22	0.113789
38	23	0.000677401
38	24	0.000621986
38	25	0.000855648
38	26	0.000649661
38	27	0.000647266
38	28	0.000617288
38	29	0.000830519
38	30	0.00105802
38	31	0.000633907
38	32	0.00154195
38	33	0.00061644
38	34	0.000968392
38	35	0.000638204
38	36	0.000843154
38	37	0.000627023
38	38	0.000700533
38	39	0.000763726
38	40	0.000634415
38	41	0.000728167
38	42	0.000667715
38	43	1.91683e-17
38	44	0.00103924
38	45	0.000617295
38	46	0.00212238
38	47	0.000627566
38	48	0.000684858
38	49	0.000616206
38	50	0.000619787
38	51	0.000618066
38	52	0.000634775
38	53	0.000963747
38	54	0.000795364
38	55	0.000618225
38	56	0.000650018
38	57	1.25998e-17
38	58	0.000625207
38	59	0.00120041
38	60	0.000833093
38	61	0.00079638
38	62	0.000631772
38	63	0.000616856
38	64	0.000621896
39	0	0.000829093
39	1	0.00105918
39	2	0.00079658
39	3	0.000846886
39	4	7.7004e-18
39	5	0.000983565
39	6	0.00114132
39	7	0.00118592
39	8	4.72655e-19
39	9	0.000797681
39	10	1.54343e-17
39	11	0.000794574
39	12	0.00111245
39	13	0.000835904
39	14	0.0008799
39	15	0.000853491
39	16	0.000891134
39	17	0.000808546
39	18	0.000809701
39	19	0.000802075
39	20	1.78022e-17
39	21	0.000810039
39	22	0.113966
39	23	0.000854304
39	24	0.000798889
39	25	0.00103255
39	26	0.000826564
39	27	0.00082417
39	28	8.53976e-18
39	29	0.00100742
39	30	0.00123492
39	31	0.000810811
39	32	0.00171886
39	33	2.41937e-18
39	34	0.0011453
39	35	0.000815107
39	36	0.00102006
39	37	0.000803926
39	38	0.000877436
39	39	0.000940629
39	40	0.000811318
39	41	0.00090507
39	42	0.000844618
39	43	3.54717e-18
39	44	0.00121615
39	45	0.000794199
39	46	0.00229928
39	47	0.000804469
39	48	0.000861761
39	49	0.000793109
39	50	0.00079669
39	51	1.7223e-17
39	52	0.000811678
39	53	0.00114065
39	54	0.000972267
39	55	0.000795128
39	56	0.000826921
39	57	5.56071e-18
39	58	0.00080211
39	59	0.00137731
39	60	0.00101
39	61	0.000973283
39	62	0.000808675
39	63	0.00079376
39	64	0.000798799
40	0	0.000208447
40	1	0.000438539
40	2	0.000175935
40	3	0.00022624
40	4	2.05918e-17
40	5	0.000362919
40	6	0.000520678
40	7	0.000565269
40	8	1.77667e-17
40	9	2.8416e-18
40	10	1.98465e-17
40	11	8.51642e-19
40	12	0.000491807
40	13	0.000215258
40	14	0.000259254
40	15	0.000232845
40	16	0.000270488
40	17	2.19129e-17
40	18	0.000189055
40	19	0.000181429
40	20	3.6424e-18
40	21	0.000189393
40	22	0.113345
40	23	0.000233658
40	24	3.29965e-18
40	25	0.000411905
40	26	0.000205918
40	27	0.000203524
40	28	2.06285e-17
40	29	0.000386776
40	30	0.000614272
40	31	0.000190165
40	32	0.00109821
40	33	1.02661e-17
40	34	0.000524649
40	35	1.31046e-17
40	36	5.29127e-18
40	37	0.00018328
40	38	0.00025679
40	39	0.000319983
40	40	0.000190672
40	41	0.000284424
40	42	0.000223972
40	43	1.26558e-17
40	44	0.000595501
40	45	1.98475e-17
40	46	0.00167864
40	47	6.41221e-18
40	48	0.000241115
40	49	0.000172463
40	50	8.22501e-18
40	51	1.2389e-17
40	52	0.000191032
40	53	0.000520005
40	54	0.000351621
40	55	8.06263e-18
40	56	0.000206275
40	57	9.66539e-18
40	58	1.2566e-17
40	59	1.06097e-17
40	60	0.000389351
40	61	2.19943e-17
40	62	0.000188029
40	63	0.000173114
40	64	1.66871e-17
41	0	0.000808818
41	1	0.00103891
41	2	0.000776305
41	3	0.00082661
41	4	5.26914e-18
41	5	0.000963289
41	6	0.00112105
41	7	0.00116564
41	8	6.21711e-18
41	9	0.000777405
41	10	1.56243e-17
41	11	1.01895e-17
41	12	0.00109218
41	13	0.000815628
41	14	0.000859625
41	15	0.000833215
41	16	0.000870858
41	17	0.00078827
41	18	0.000789426
41	19	0.0007818
41	20	0.00077741
41	21	0.000789764
41	22	0.113946
41	23	0.000834028
41	24	0.000778614
41	25	0.00101228
41	26	0.000806288
41	27	0.000803894
41	28	0.000773916
41	29	0.000987147
41	30	0.00121464
41	31	0.000790535
41	32	0.00169858
41	33	1.44528e-17
41	34	0.00112502
41	35	0.000794831
41	36	0.000999782
41	37	0.00078365
41	38	0.00085716
41	39	0.000920354
41	40	0.000791043
41	41	0.000884795
41	42	0.000824342
41	43	6.056e-18
41	44	0.00119587
41	45	9.04634e-18
41	46	0.00227901
41	47	0.000784194
41	48	0.000841486
41	49	1.04971e-17
41	50	0.000776415
41	51	2.10654e-17
41	52	0.000791402
41	53	0.00112038
41	54	0.000951992
41	55	0.000774853
41	56	0.000806645
41	57	2.03159e-17
41	58	0.000781834
41	59	0.00135704
41	60	0.000989721
41	61	0.000953008
41	62	0.000788399
41	63	0.000773484
41	64	0.000778524
42	0	0.0004261
42	1	0.000656192
42	2	0.000393588
42	3	0.000443893
42	4	8.69074e-19
42	5	0.000580572
42	6	0.000738331
42	7	0.000782923
42	8	1.45913e-17
42	9	0.000394688
42	10	1.60021e-17
42	11	0.000391582
42	12	0.00070946
42	13	0.000432911
42	14	0.000476908
42	15	0.000450498
42	16	0.000488141
42	17	0.000405553
42	18	0.000406708
42	19	0.000399083
42	20	1.60329e-17
42	21	0.000407046
42	22	0.113563
42	23	0.000451311
42	24	1.79275e-17
42	25	0.000629558
42	26	0.000423571
42	27	0.000421177
42	28	6.77413e-19
42	29	0.00060443
42	30	0.000831926
42	31	0.000407818
42	32	0.00131586
42	33	0.000390351
42	34	0.000742303
42	35	0.000412114
42	36	0.000617065
42	37	0.000400933
42	38	0.000474443
42	39	0.000537637
42	40	0.000408326
42	41	0.000502077
42	42	0.000441625
42	43	0.000390602
42	44	0.000813154
42	45	1.91044e-17
42	46	0.00189629
42	47	0.000401477
42	48	0.000458769
42	49	0.000390117
42	50	0.000393698
42	51	1.55237e-17
42	52	0.000408685
42	53	0.000737658
42	54	0.000569275
42	55	0.000392136
42	56	0.000423928
42	57	1.84459e-17
42	58	0.000399117
42	59	0.000974319
42	60	0.000607004
42	61	0.000570291
42	62	0.000405682
42	63	0.000390767
42	64	0.000395807
43	0	0.000326486
43	1	0.000556577
43	2	0.000293973
43	3	0.000344279
43	4	2.07237e-17
43	5	0.000480958
43	6	5.06838e-18
43	7	0.000683308
43	8	1.54013e-17
43	9	0.000295073
43	10	4.87838e-18
43	11	0.000291967
43	12	0.000609845
43	13	0.000333297
43	14	0.000377293
43	15	0.000350883
43	16	0.000388527
43	17	8.57362e-18
43	18	0.000307094
43	19	0.000299468
43	20	1.73408e-17
43	21	0.000307432
43	22	0.113463
43	23	0.000351697
43	24	1.62312e-17
43	25	0.000529944
43	26	0.000323957
43	27	0.000321562
43	28	1.72581e-17
43	29	0.000504815
43	30	0.000732311
43	31	0.000308203
43	32	0.00121625
43	33	0.000290736
43	34	0.000642688
43	35	1.35009e-17
43	36	0.00051745
43	37	0.000301319
43	38	0.000374829
43	39	0.000438022
43	40	0.000308711
43	41	0.000402463
43	42	0.000342011
43	43	0.000290987
43	44	0.000713539
43	45	1.28259e-18
43	46	0.00179667
43	47	2.87122e-18
43	48	0.000359154
43	49	1.29442e-18
43	50	0.000294083
43	51	1.37756e-17
43	52	0.00030907
43	53	0.000638043
43	54	0.00046966
43	55	0.000292521
43	56	0.000324314
43	57	7.98425e-18
43	58	0.000299503
43	59	5.82116e-18
43	60	0.000507389
43	61	1.6543e-17
43	62	0.000306068
43	63	0.000291152
43	64	0.000296192
44	0	0.0014546
44	1	0.0016847
44	2	0.00142209
44	3	0.0014724
44	4	1.73119e-17
44	5	0.00160908
44	6	0.00176684
44	7	0.00181143
44	8	1.69955e-17
44	9	0.00142319
44	10	1.54251e-17
44	11	0.00142009
44	12	0.00173796
44	13	0.00146142
44	14	0.00150541
44	15	0.001479
44	16	0.00151665
44	17	0.00143406
44	18	0.00143521
44	19	0.00142759
44	20	2.19639e-17
44	21	0.00143555
44	22	0.114591
44	23	0.00147982
44	24	0.0014244
44	25	0.00165806
44	26	0.00145208
44	27	0.00144968
44	28	4.18007e-18
44	29	0.00163293
44	30	0.00186043
44	31	0.00143632
44	32	0.00234437
44	33	1.4761e-17
44	34	0.00177081
44	35	0.00144062
44	36	0.00164557
44	37	0.00142944
44	38	0.00150295
44	39	0.00156614
44	40	5.2322e-18
44	41	0.00153058
44	42	0.00147013
44	43	1.00276e-17
44	44	0.00184166
44	45	3.46886e-18
44	46	0.00292479
44	47	0.00142998
44	48	0.00148727
44	49	3.45204e-18
44	50	0.0014222
44	51	1.75329e-17
44	52	0.00143719
44	53	0.00176616
44	54	0.00159778
44	55	0.00142064
44	56	0.00145243
44	57	5.82914e-18
44	58	0.00142762
44	59	0.00200282
44	60	0.00163551
44	61	0.0015988
44	62	0.00143419
44	63	0.00141927
44	64	0.00142431
45	0	2.96687e-18
45	1	0.000740068
45	2	0.000477464
45	3	0.000527769
45	4	1.0952e-18
45	5	0.000664448
45	6	1.18058e-17
45	7	1.52942e-17
45	8	0.000474879
45	9	0.000478564
45	10	2.11202e-17
45	11	0.000475458
45	12	0.000793336
45	13	0.000516787
45	14	7.47403e-18
45	15	1.56326e-18
45	16	1.33996e-17
45	17	8.67076e-18
45	18	0.000490584
45	19	1.93013e-17
45	20	1.35312e-17
45	21	0.000490922
45	22	0.113647
45	23	0.000535187
45	24	1.01299e-17
45	25	7.3576e-18
45	26	5.32063e-19
45	27	0.000505053
45	28	1.16178e-17
45	29	0.000688306
45	30	0.000915802
45	31	7.01613e-18
45	32	6.89063e-18
45	33	1.46546e-17
45	34	0.000826179
45	35	1.10284e-17
45	36	0.000700941
45	37	0.000484809
45	38	2.4657e-18
45	39	1.22207e-18
45	40	1.52575e-17
45	41	6.6751e-18
45	42	0.000525501
45	43	1.56447e-17
45	44	0.00089703
45	45	0.000475082
45	46	0.00198016
45	47	0.000485353
45	48	0.000542645
45	49	1.91931e-17
45	50	0.000477574
45	51	5.30778e-18
45	52	0.000492561
45	53	0.000821534
45	54	0.000653151
45	55	1.09485e-17
45	56	0.000507804
45	57	1.16332e-17
45	58	0.000482993
45	59	1.17571e-17
45	60	0.00069088
45	61	1.37984e-17
45	62	2.58876e-18
45	63	2.15939e-18
45	64	6.02602e-19
46	0	0.0020625
46	1	0.00229259
46	2	0.00202999
46	3	0.00208029
46	4	1.82845e-17
46	5	0.00221697
46	6	0.00237473
46	7	0.00241932
46	8	4.71763e-19
46	9	0.00203109
46	10	1.94658e-17
46	11	0.00202798
46	12	0.00234586
46	13	0.00206931
46	14	0.00211331
46	15	0.0020869
46	16	0.00212454
46	17	0.00204195
46	18	0.00204311
46	19	0.00203548
46	20	3.57205e-18
46	21	0.00204345
46	22	0.115199
46	23	0.00208771
46	24	1.91703e-18
46	25	0.00226596
46	26	0.00205997
46	27	0.00205758
46	28	1.34826e-18
46	29	0.00224083
46	30	0.00246833
46	31	0.00204422
46	32	0.00295226
46	33	2.00073e-17
46	34	0.0023787
46	35	0.00204851
46	36	0.00225347
46	37	0.00203733
46	38	0.00211084
46	39	0.00217404
46	40	0.00204473
46	41	0.00213848
46	42	0.00207803
46	43	8.63603e-18
46	44	0.00244955
46	45	1.11965e-17
46	46	0.00353269
46	47	0.00203788
46	48	0.00209517
46	49	6.41449e-18
46	50	0.0020301
46	51	1.0083e-17
46	52	0.00204509
46	53	0.00237406
46	54	0.00220567
46	55	2.05347e-17
46	56	0.00206033
46	57	4.07053e-18
46	58	0.00203552
46	59	0.00261072
46	60	0.0022434
46	61	0.00220669
46	62	0.00204208
46	63	0.00202717
46	64	0.00203221
47	0	0.000724681
47	1	0.000954773
47	2	0.000692169
47	3	0.000742474
47	4	2.17594e-17
47	5	0.000879153
47	6	0.00103691
47	7	0.0010815
47	8	3.13776e-18
47	9	0.000693269
47	10	2.17866e-17
47	11	0.000690163
47	12	0.00100804
47	13	0.000731492
47	14	0.000775489
47	15	0.000749079
47	16	0.000786722
47	17	0.000704134
47	18	0.000705289
47	19	0.000697664
47	20	4.06217e-18
47	21	0.000705627
47	22	0.113861
47	23	0.000749892
47	24	9.02222e-18
47	25	0.000928139
47	26	0.000722152
47	27	0.000719758
47	28	7.29703e-18
47	29	0.000903011
47	30	0.00113051
47	31	0.000706399
47	32	1.71203e-17
47	33	0.000688932
47	34	0.00104088
47	35	0.000710695
47	36	0.000915646
47	37	0.000699514
47	38	0.000773024
47	39	0.000836218
47	40	0.000706907
47	41	0.000800658
47	42	0.000740206
47	43	1.28565e-17
47	44	0.00111173
47	45	1.44547e-17
47	46	0.00219487
47	47	0.000700058
47	48	0.00075735
47	49	1.19952e-17
47	50	0.000692279
47	51	0.000690557
47	52	0.000707266
47	53	0.00103624
47	54	0.000867856
47	55	0.000690717
47	56	0.000722509
47	57	4.46926e-18
47	58	0.000697698
47	59	0.0012729
47	60	0.000905585
47	61	0.000868871
47	62	0.000704263
47	63	0.000689348
47	64	0.000694387
48	0	0.00078508
48	1	0.00101517
48	2	0.000752568
48	3	0.000802873
48	4	1.8759e-17
48	5	0.000939552
48	6	0.00109731
48	7	0.0011419
48	8	7.31161e-18
48	9	0.000753668
48	10	2.09507e-17
48	11	0.000750562
48	12	0.00106844
48	13	0.000791891
48	14	0.000835888
48	15	0.000809478
48	16	0.000847121
48	17	0.000764533
48	18	0.000765688
48	19	0.000758063
48	20	0.000753673
48	21	0.000766026
48	22	0.113922
48	23	0.000810291
48	24	0.000754877
48	25	0.000988538
48	26	0.000782551
48	27	0.000780157
48	28	0.000750179
48	29	0.00096341
48	30	0.00119091
48	31	0.000766798
48	32	0.00167484
48	33	0.000749331
48	34	0.00110128
48	35	0.000771094
48	36	0.000976045
48	37	0.000759913
48	38	0.000833423
48	39	0.000896617
48	40	0.000767306
48	41	0.000861057
48	42	0.000800605
48	43	0.000749582
48	44	0.00117213
48	45	5.65095e-18
48	46	0.00225527
48	47	0.000760457
48	48	0.000817749
48	49	0.000749097
48	50	0.000752678
48	51	0.000750956
48	52	0.000767665
48	53	0.00109664
48	54	0.000928255
48	55	0.000751116
48	56	0.000782908
48	57	1.33581e-17
48	58	0.000758097
48	59	0.0013333
48	60	0.000965984
48	61	0.00092927
48	62	0.000764662
48	63	0.000749747
48	64	0.000754786
49	0	0.000186975
49	1	0.000417066
49	2	8.43626e-18
49	3	0.000204768
49	4	1.23374e-17
49	5	0.000341447
49	6	1.42897e-17
49	7	0.000543797
49	8	1.37573e-17
49	9	1.53335e-17
49	10	1.11483e-17
49	11	2.16424e-17
49	12	0.000470334
49	13	0.000193786
49	14	0.000237782
49	15	0.000211372
49	16	0.000249016
49	17	1.75863e-17
49	18	0.000167583
49	19	0.000159957
49	20	0.000155567
49	21	0.000167921
49	22	0.113324
49	23	0.000212185
49	24	0.000156771
49	25	0.000390433
49	26	0.000184445
49	27	0.000182051
49	28	1.53827e-17
49	29	0.000365304
49	30	0.0005928
49	31	0.000168692
49	32	0.00107674
49	33	0.000151225
49	34	0.000503177
49	35	1.54165e-17
49	36	0.000377939
49	37	0.000161807
49	38	0.000235317
49	39	0.000298511
49	40	0.0001692
49	41	0.000262952
49	42	0.000202499
49	43	6.1704e-18
49	44	0.000574028
49	45	4.34999e-18
49	46	0.00165716
49	47	0.000162351
49	48	0.000219643
49	49	0.000150991
49	50	0.000154572
49	51	1.77632e-17
49	52	0.000169559
49	53	0.000498532
49	54	0.000330149
49	55	0.00015301
49	56	0.000184803
49	57	1.58777e-17
49	58	0.000159991
49	59	2.18026e-18
49	60	0.000367878
49	61	1.64132e-17
49	62	0.000166557
49	63	0.000151641
49	64	0.000156681
50	0	0.000719167
50	1	0.000949259
50	2	0.000686655
50	3	0.00073696
50	4	4.37113e-18
50	5	0.000873639
50	6	0.0010314
50	7	0.00107599
50	8	1.05774e-17
50	9	0.000687755
50	10	2.02192e-17
50	11	0.000684649
50	12	0.00100253
50	13	0.000725978
50	14	0.000769975
50	15	0.000743565
50	16	0.000781208
50	17	0.00069862
50	18	0.000699775
50	19	0.00069215
50	20	3.88455e-18
50	21	0.000700113
50	22	0.113856
50	23	0.000744378
50	24	0.000688963
50	25	0.000922625
50	26	0.000716638
50	27	0.000714244
50	28	0.000684266
50	29	0.000897496
50	30	0.00112499
50	31	0.000700885
50	32	6.83358e-19
50	33	4.17818e-18
50	34	0.00103537
50	35	0.000705181
50	36	0.000910132
50	37	0.000694
50	38	0.00076751
50	39	0.000830703
50	40	0.000701393
50	41	0.000795144
50	42	0.000734692
50	43	4.80814e-18
50	44	0.00110622
50	45	0.000684273
50	46	0.00218936
50	47	0.000694544
50	48	0.000751836
50	49	1.76773e-17
50	50	0.000686765
50	51	0.000685043
50	52	0.000701752
50	53	0.00103072
50	54	0.000862342
50	55	1.84144e-17
50	56	0.000716995
50	57	5.28507e-18
50	58	1.14045e-17
50	59	0.00126739
50	60	0.000900071
50	61	0.000863357
50	62	0.000698749
50	63	1.94463e-17
50	64	0.000688873
51	0	0.000734433
51	1	0.000964524
51	2	1.69703e-17
51	3	0.000752226
51	4	1.3885e-17
51	5	0.000888905
51	6	0.00104666
51	7	0.00109125
51	8	1.57882e-17
51	9	0.00070302
51	10	1.25291e-17
51	11	0.000699914
51	12	0.00101779
51	13	0.000741244
51	14	0.00078524
51	15	0.00075883
51	16	0.000796474
51	17	0.000713885
51	18	0.000715041
51	19	0.000707415
51	20	1.15382e-17
51	21	5.9425e-18
51	22	0.113871
51	23	0.000759644
51	24	3.65804e-18
51	25	0.000937891
51	26	0.000731903
51	27	0.000729509
51	28	0.000699531
51	29	0.000912762
51	30	0.00114026
51	31	1.68011e-17
51	32	1.20914e-17
51	33	1.44498e-17
51	34	0.00105063
51	35	2.02355e-17
51	36	0.000925397
51	37	0.000709266
51	38	0.000782776
51	39	0.000845969
51	40	1.86775e-17
51	41	0.00081041
51	42	0.000749958
51	43	1.55559e-17
51	44	0.00112149
51	45	2.11085e-17
51	46	0.00220462
51	47	1.85612e-17
51	48	0.000767101
51	49	1.56904e-17
51	50	1.15233e-17
51	51	0.000700308
51	52	0.000717017
51	53	0.00104599
51	54	0.000877607
51	55	1.60044e-17
51	56	0.000732261
51	57	1.31904e-17
51	58	1.99823e-17
51	59	0.00128265
51	60	0.000915336
51	61	1.04425e-17
51	62	0.000714015
51	63	1.17935e-17
51	64	3.87953e-18
52	0	0.000635884
52	1	0.000865976
52	2	0.000603372
52	3	0.000653677
52	4	6.4921e-18
52	5	0.000790356
52	6	0.000948115
52	7	0.000992707
52	8	9.05854e-18
52	9	0.000604472
52	10	2.14087e-17
52	11	0.000601366
52	12	0.000919244
52	13	0.000642695
52	14	0.000686692
52	15	0.000660282
52	16	0.000697925
52	17	0.000615337
52	18	0.000616493
52	19	0.000608867
52	20	0.000604477
52	21	0.00061683
52	22	0.113773
52	23	0.000661095
52	24	0.000605681
52	25	0.000839342
52	26	0.000633355
52	27	0.000630961
52	28	1.63865e-17
52	29	0.000814214
52	30	0.00104171
52	31	0.000617602
52	32	1.56581e-17
52	33	9.79267e-18
52	34	0.000952087
52	35	0.000621898
52	36	0.000826849
52	37	0.000610717
52	38	0.000684227
52	39	0.000747421
52	40	1.23271e-17
52	41	0.000711862
52	42	0.000651409
52	43	0.000600386
52	44	0.00102294
52	45	2.11421e-17
52	46	0.00210607
52	47	0.000611261
52	48	0.000668553
52	49	1.60282e-17
52	50	0.000603482
52	51	0.00060176
52	52	0.000618469
52	53	0.000947442
52	54	0.000779059
52	55	0.00060192
52	56	0.000633712
52	57	2.90697e-18
52	58	0.000608901
52	59	0.0011841
52	60	0.000816788
52	61	0.000780075
52	62	0.000615466
52	63	0.000600551
52	64	0.000605591
53	0	0.00134091
53	1	0.001571
53	2	0.00130839
53	3	0.0013587
53	4	7.36591e-18
53	5	0.00149538
53	6	0.00165314
53	7	0.00169773
53	8	4.15537e-19
53	9	0.00130949
53	10	5.57815e-18
53	11	0.00130639
53	12	0.00162427
53	13	0.00134772
53	14	0.00139171
53	15	0.0013653
53	16	0.00140295
53	17	0.00132036
53	18	0.00132151
53	19	0.00131389
53	20	0.0013095
53	21	0.00132185
53	22	0.114478
53	23	0.00136612
53	24	0.0013107
53	25	0.00154436
53	26	0.00133838
53	27	0.00133598
53	28	1.92763e-18
53	29	0.00151924
53	30	0.00174673
53	31	0.00132262
53	32	0.00223067
53	33	3.21215e-18
53	34	0.00165711
53	35	0.00132692
53	36	0.00153187
53	37	0.00131574
53	38	0.00138925
53	39	0.00145244
53	40	0.00132313
53	41	0.00141688
53	42	0.00135643
53	43	6.22939e-18
53	44	0.00172796
53	45	1.98735e-17
53	46	0.00281109
53	47	0.00131628
53	48	0.00137357
53	49	8.63993e-18
53	50	0.0013085
53	51	1.37881e-17
53	52	0.00132349
53	53	0.00165246
53	54	0.00148408
53	55	0.00130694
53	56	0.00133873
53	57	1.94035e-18
53	58	0.00131392
53	59	0.00188913
53	60	0.00152181
53	61	0.0014851
53	62	0.00132049
53	63	0.00130557
53	64	0.00131061
54	0	0.000907003
54	1	0.00113709
54	2	0.000874491
54	3	0.000924796
54	4	9.51361e-18
54	5	0.00106148
54	6	0.00121923
54	7	0.00126383
54	8	1.08429e-17
54	9	0.000875591
54	10	1.37766e-17
54	11	0.000872485
54	12	0.00119036
54	13	0.000913814
54	14	0.00095781
54	15	0.000931401
54	16	0.000969044
54	17	0.000886456
54	18	0.000887611
54	19	0.000879985
54	20	0.000875596
54	21	0.000887949
54	22	0.114044
54	23	0.000932214
54	24	0.000876799
54	25	0.00111046
54	26	0.000904474
54	27	0.00090208
54	28	8.56246e-18
54	29	0.00108533
54	30	0.00131283
54	31	0.000888721
54	32	0.00179677
54	33	1.53255e-18
54	34	0.00122321
54	35	0.000893017
54	36	0.00109797
54	37	0.000881836
54	38	0.000955346
54	39	0.00101854
54	40	0.000889229
54	41	0.00098298
54	42	0.000922528
54	43	1.56466e-17
54	44	0.00129406
54	45	1.98946e-17
54	46	0.00237719
54	47	0.000882379
54	48	0.000939672
54	49	0.000871019
54	50	0.0008746
54	51	0.000872879
54	52	0.000889588
54	53	0.00121856
54	54	0.00105018
54	55	0.000873039
54	56	0.000904831
54	57	1.36454e-17
54	58	0.00088002
54	59	0.00145522
54	60	0.00108791
54	61	0.00105119
54	62	0.000886585
54	63	0.00087167
54	64	0.000876709
55	0	0.000348935
55	1	0.000579026
55	2	9.61706e-18
55	3	0.000366728
55	4	1.30703e-17
55	5	0.000503407
55	6	0.000661166
55	7	0.000705757
55	8	1.23734e-17
55	9	0.000317523
55	10	1.90306e-17
55	11	0.000314416
55	12	0.000632295
55	13	0.000355746
55	14	0.000399742
55	15	0.000373333
55	16	0.000410976
55	17	8.02802e-18
55	18	0.000329543
55	19	0.000321917
55	20	2.56848e-18
55	21	0.000329881
55	22	0.113486
55	23	0.000374146
55	24	2.32942e-18
55	25	0.000552393
55	26	0.000346406
55	27	0.000344012
55	28	9.03835e-18
55	29	0.000527264
55	30	0.00075476
55	31	0.000330653
55	32	0.0012387
55	33	0.000313186
55	34	0.000665137
55	35	0.000334949
55	36	0.000539899
55	37	0.000323768
55	38	0.000397278
55	39	0.000460471
55	40	0.00033116
55	41	0.000424912
55	42	0.00036446
55	43	2.08539e-18
55	44	0.000735988
55	45	1.71372e-17
55	46	0.00181912
55	47	0.000324311
55	48	0.000381603
55	49	0.000312951
55	50	9.84256e-18
55	51	1.22766e-17
55	52	0.00033152
55	53	0.000660493
55	54	0.000492109
55	55	0.00031497
55	56	0.000346763
55	57	1.06034e-17
55	58	0.000321952
55	59	0.000897154
55	60	0.000529839
55	61	0.000493125
55	62	0.000328517
55	63	0.000313602
55	64	0.000318641
56	0	0.000755001
56	1	0.000985093
56	2	0.000722489
56	3	0.000772794
56	4	7.08692e-18
56	5	0.000909473
56	6	0.00106723
56	7	0.00111182
56	8	0.000719904
56	9	0.000723589
56	10	2.90981e-18
56	11	0.000720483
56	12	0.00103836
56	13	0.000761812
56	14	0.000805809
56	15	0.000779399
56	16	0.000817042
56	17	0.000734454
56	18	0.000735609
56	19	0.000727984
56	20	1.86221e-17
56	21	0.000735947
56	22	0.113892
56	23	0.000780212
56	24	9.86751e-18
56	25	0.000958459
56	26	0.000752472
56	27	0.000750078
56	28	0.0007201
56	29	0.00093333
56	30	0.00116083
56	31	0.000736719
56	32	0.00164476
56	33	0.000719252
56	34	0.0010712
56	35	0.000741015
56	36	0.000945966
56	37	0.000729834
56	38	0.000803344
56	39	0.000866537
56	40	0.000737227
56	41	0.000830978
56	42	0.000770526
56	43	4.3355e-18
56	44	0.00114205
56	45	1.96242e-17
56	46	0.00222519
56	47	0.000730378
56	48	0.00078767
56	49	1.52155e-17
56	50	0.000722599
56	51	0.000720877
56	52	0.000737586
56	53	0.00106656
56	54	0.000898176
56	55	0.000721037
56	56	0.000752829
56	57	1.9085e-17
56	58	0.000728018
56	59	0.00130322
56	60	0.000935905
56	61	0.000899191
56	62	0.000734583
56	63	2.28971e-18
56	64	0.000724707
57	0	0.000726187
57	1	1.84111e-17
57	2	4.93607e-18
57	3	4.17158e-18
57	4	1.01747e-18
57	5	5.37233e-18
57	6	7.41084e-18
57	7	5.56897e-18
57	8	1.65815e-18
57	9	1.92192e-17
57	10	9.11276e-18
57	11	8.25123e-19
57	12	1.69432e-17
57	13	1.76897e-17
57	14	1.79007e-17
57	15	0.000750584
57	16	0.000788228
57	17	1.72128e-17
57	18	0.000706795
57	19	1.95922e-17
57	20	2.06297e-18
57	21	9.36505e-18
57	22	0.113863
57	23	1.28469e-17
57	24	1.14385e-17
57	25	2.14102e-17
57	26	8.82892e-18
57	27	4.51284e-18
57	28	1.55122e-17
57	29	1.14665e-17
57	30	0.00113201
57	31	1.17765e-17
57	32	1.93511e-17
57	33	1.80645e-17
57	34	1.9884e-17
57	35	1.83687e-17
57	36	1.51701e-17
57	37	0.00070102
57	38	6.6556e-18
57	39	1.10874e-17
57	40	0.000708412
57	41	1.50487e-17
57	42	9.91092e-18
57	43	3.1999e-19
57	44	1.02407e-17
57	45	1.14918e-17
57	46	1.1945e-18
57	47	7.67233e-18
57	48	1.47026e-17
57	49	2.20471e-17
57	50	1.97868e-17
57	51	3.54575e-18
57	52	3.80363e-18
57	53	1.08344e-18
57	54	3.91375e-18
57	55	7.4763e-18
57	56	1.73997e-17
57	57	5.78103e-18
57	58	8.16001e-18
57	59	8.74425e-18
57	60	1.09582e-17
57	61	8.91102e-18
57	62	1.59282e-17
57	63	8.06119e-18
57	64	1.05369e-17
58	0	0.000689816
58	1	0.000919908
58	2	0.000657304
58	3	0.000707609
58	4	5.83764e-18
58	5	0.000844288
58	6	0.00100205
58	7	0.00104664
58	8	6.53642e-18
58	9	0.000658404
58	10	8.95416e-18
58	11	0.000655298
58	12	0.000973176
58	13	0.000696627
58	14	0.000740624
58	15	0.000714214
58	16	0.000751857
58	17	0.000669269
58	18	0.000670424
58	19	0.000662799
58	20	0.000658409
58	21	0.000670762
58	22	0.113827
58	23	0.000715027
58	24	1.59405e-17
58	25	0.000893274
58	26	0.000687287
58	27	0.000684893
58	28	1.7389e-18
58	29	0.000868146
58	30	0.00109564
58	31	0.000671534
58	32	0.00157958
58	33	0.000654067
58	34	0.00100602
58	35	0.00067583
58	36	0.000880781
58	37	0.000664649
58	38	0.000738159
58	39	0.000801353
58	40	0.000672042
58	41	0.000765793
58	42	0.000705341
58	43	0.000654318
58	44	0.00107687
58	45	4.68156e-18
58	46	0.00216
58	47	0.000665193
58	48	0.000722485
58	49	0.000653833
58	50	0.000657414
58	51	0.000655692
58	52	0.000672401
58	53	0.00100137
58	54	0.000832991
58	55	0.000655852
58	56	0.000687644
58	57	1.12828e-17
58	58	0.000662833
58	59	0.00123803
58	60	0.00087072
58	61	0.000834006
58	62	0.000669398
58	63	0.000654483
58	64	0.000659522
59	0	0.00159253
59	1	0.00182262
59	2	0.00156002
59	3	0.00161032
59	4	2.15926e-18
59	5	0.001747
59	6	0.00190476
59	7	0.00194935
59	8	1.19044e-17
59	9	1.43597e-17
59	10	1.25786e-17
59	11	0.00155801
59	12	0.00187589
59	13	0.00159934
59	14	0.00164334
59	15	0.00161693
59	16	0.00165457
59	17	0.00157198
59	18	0.00157314
59	19	0.00156551
59	20	0.00156112
59	21	0.00157348
59	22	0.114729
59	23	0.00161774
59	24	0.00156233
59	25	0.00179599
59	26	0.00159
59	27	0.00158761
59	28	1.00863e-17
59	29	0.00177086
59	30	0.00199835
59	31	0.00157425
59	32	0.00248229
59	33	1.1623e-18
59	34	0.00190873
59	35	0.00157854
59	36	0.00178349
59	37	0.00156736
59	38	0.00164087
59	39	0.00170407
59	40	1.38618e-17
59	41	0.00166851
59	42	0.00160805
59	43	0.00155703
59	44	0.00197958
59	45	1.58435e-19
59	46	0.00306272
59	47	0.00156791
59	48	0.0016252
59	49	2.05454e-17
59	50	0.00156013
59	51	0.0015584
59	52	0.00157511
59	53	0.00190409
59	54	0.0017357
59	55	1.56262e-17
59	56	0.00159036
59	57	6.58064e-18
59	58	0.00156555
59	59	0.00214075
59	60	0.00177343
59	61	0.00173672
59	62	0.00157211
59	63	7.95184e-18
59	64	0.00156224
60	0	0.000876433
60	1	0.00110652
60	2	0.000843921
60	3	0.000894226
60	4	9.4507e-18
60	5	0.00103091
60	6	0.00118866
60	7	0.00123326
60	8	1.35309e-17
60	9	0.000845021
60	10	1.94675e-17
60	11	0.000841915
60	12	0.00115979
60	13	0.000883244
60	14	0.00092724
60	15	0.000900831
60	16	0.000938474
60	17	0.000855886
60	18	0.000857041
60	19	0.000849415
60	20	2.77503e-18
60	21	0.000857379
60	22	0.114013
60	23	0.000901644
60	24	0.000846229
60	25	0.00107989
60	26	0.000873904
60	27	0.00087151
60	28	0.000841531
60	29	0.00105476
60	30	0.00128226
60	31	0.000858151
60	32	0.0017662
60	33	1.25625e-17
60	34	0.00119264
60	35	0.000862447
60	36	0.0010674
60	37	0.000851266
60	38	0.000924776
60	39	0.000987969
60	40	0.000858658
60	41	0.00095241
60	42	0.000891958
60	43	0.000840934
60	44	0.00126349
60	45	6.65639e-19
60	46	0.00234662
60	47	0.000851809
60	48	0.000909101
60	49	4.90471e-18
60	50	0.00084403
60	51	0.000842309
60	52	0.000859018
60	53	0.00118799
60	54	0.00101961
60	55	0.000842468
60	56	0.000874261
60	57	6.4996e-19
60	58	0.00084945
60	59	0.00142465
60	60	0.00105734
60	61	0.00102062
60	62	0.000856015
60	63	0.0008411
60	64	0.000846139
61	0	0.000984486
61	1	0.00121458
61	2	0.000951973
61	3	0.00100228
61	4	2.16828e-17
61	5	0.00113896
61	6	0.00129672
61	7	0.00134131
61	8	2.17862e-17
61	9	0.000953074
61	10	1.00592e-17
61	11	0.000949967
61	12	0.00126785
61	13	0.000991297
61	14	0.00103529
61	15	0.00100888
61	16	0.00104653
61	17	0.000963939
61	18	0.000965094
61	19	0.000957468
61	20	1.49152e-17
61	21	0.000965432
61	22	0.114121
61	23	0.0010097
61	24	2.03747e-17
61	25	0.00118794
61	26	0.000981957
61	27	0.000979563
61	28	4.70913e-18
61	29	0.00116282
61	30	0.00139031
61	31	0.000966204
61	32	0.00187425
61	33	0.000948737
61	34	0.00130069
61	35	0.0009705
61	36	0.00117545
61	37	0.000959319
61	38	0.00103283
61	39	0.00109602
61	40	0.000966711
61	41	0.00106046
61	42	0.00100001
61	43	5.71006e-18
61	44	0.00137154
61	45	1.72908e-17
61	46	0.00245467
61	47	0.000959862
61	48	0.00101715
61	49	8.18384e-18
61	50	0.000952083
61	51	1.64985e-17
61	52	0.000967071
61	53	0.00129604
61	54	0.00112766
61	55	8.21739e-18
61	56	0.000982314
61	57	1.38299e-17
61	58	0.000957503
61	59	0.0015327
61	60	0.00116539
61	61	0.00112868
61	62	0.000964068
61	63	0.000949152
61	64	0.000954192
62	0	0.000806132
62	1	0.00103622
62	2	1.29234e-17
62	3	0.000823925
62	4	6.65734e-18
62	5	0.000960604
62	6	0.00111836
62	7	0.00116295
62	8	9.13706e-18
62	9	0.00077472
62	10	1.19178e-18
62	11	0.000771614
62	12	0.00108949
62	13	0.000812943
62	14	0.00085694
62	15	0.00083053
62	16	0.000868173
62	17	1.14476e-17
62	18	0.00078674
62	19	0.000779115
62	20	0.000774725
62	21	0.000787078
62	22	0.113943
62	23	0.000831343
62	24	0.000775929
62	25	0.00100959
62	26	0.000803603
62	27	0.000801209
62	28	2.78798e-18
62	29	0.000984462
62	30	0.00121196
62	31	8.85106e-18
62	32	0.0016959
62	33	0.000770383
62	34	0.00112233
62	35	0.000792146
62	36	0.000997097
62	37	0.000780965
62	38	0.000854475
62	39	0.000917669
62	40	7.70289e-18
62	41	0.00088211
62	42	0.000821657
62	43	1.45462e-17
62	44	0.00119319
62	45	9.57261e-18
62	46	0.00227632
62	47	0.000781509
62	48	0.000838801
62	49	1.82173e-17
62	50	0.00077373
62	51	1.76966e-17
62	52	0.000788717
62	53	0.00111769
62	54	0.000949307
62	55	0.000772168
62	56	0.00080396
62	57	1.7187e-18
62	58	0.000779149
62	59	0.00135435
62	60	0.000987036
62	61	0.000950323
62	62	0.000785714
62	63	1.28288e-17
62	64	0.000775839
63	0	0.000264547
63	1	0.000494638
63	2	9.12036e-18
63	3	0.00028234
63	4	1.74367e-17
63	5	0.000419019
63	6	0.000576778
63	7	0.000621369
63	8	6.77813e-18
63	9	0.000233134
63	10	2.17826e-18
63	11	0.000230028
63	12	0.000547906
63	13	0.000271358
63	14	0.000315354
63	15	0.000288944
63	16	0.000326588
63	17	8.00075e-18
63	18	0.000245155
63	19	0.000237529
63	20	5.71762e-18
63	21	0.000245493
63	22	0.113401
63	23	0.000289758
63	24	2.16206e-17
63	25	0.000468005
63	26	0.000262017
63	27	0.000259623
63	28	7.27939e-19
63	29	0.000442876
63	30	0.000670372
63	31	0.000246264
63	32	0.00115431
63	33	0.000228797
63	34	0.000580749
63	35	8.55652e-18
63	36	0.000455511
63	37	0.00023938
63	38	0.00031289
63	39	0.000376083
63	40	0.000246772
63	41	0.000340524
63	42	0.000280072
63	43	0.000229048
63	44	0.0006516
63	45	2.15015e-17
63	46	0.00173473
63	47	0.000239923
63	48	0.000297215
63	49	0.000228563
63	50	0.000232144
63	51	1.17046e-17
63	52	0.000247131
63	53	0.000576104
63	54	0.000407721
63	55	0.000230582
63	56	0.000262375
63	57	1.07069e-17
63	58	0.000237564
63	59	0.000812765
63	60	0.00044545
63	61	0.000408737
63	62	0.000244129
63	63	0.000229213
63	64	0.000234253
64	0	0.000726663
64	1	0.000956754
64	2	0.000694151
64	3	0.000744456
64	4	4.28348e-18
64	5	0.000881135
64	6	0.00103889
64	7	0.00108349
64	8	2.07026e-17
64	9	0.000695251
64	10	1.40175e-17
64	11	1.77342e-18
64	12	0.00101002
64	13	0.000733474
64	14	0.00077747
64	15	0.000751061
64	16	0.000788704
64	17	0.000706116
64	18	0.000707271
64	19	0.000699645
64	20	5.17756e-18
64	21	0.000707609
64	22	0.113863
64	23	0.000751874
64	24	2.07579e-17
64	25	0.000930121
64	26	0.000724134
64	27	0.00072174
64	28	9.82526e-18
64	29	0.000904992
64	30	0.00113249
64	31	2.29918e-18
64	32	0.00161643
64	33	6.77686e-18
64	34	0.00104287
64	35	0.000712677
64	36	0.000917628
64	37	0.000701496
64	38	0.000775006
64	39	0.000838199
64	40	6.80204e-18
64	41	0.00080264
64	42	0.000742188
64	43	1.24532e-17
64	44	0.00111372
64	45	1.77379e-17
64	46	0.00219685
64	47	0.000702039
64	48	0.000759331
64	49	0.000690679
64	50	1.94544e-17
64	51	0.000692539
64	52	0.000709248
64	53	0.00103822
64	54	0.000869837
64	55	0.000692698
64	56	0.000724491
64	57	8.95289e-18
64	58	0.00069968
64	59	0.00127488
64	60	0.000907567
64	61	0.000870853
64	62	0.000706245
64	63	0.00069133
64	64	0.000696369
