56 2980
0 1 467
0 2 189
0 3 808
0 4 1307
0 5 284
0 6 40
0 7 162
0 8 42
0 9 511
0 10 527
0 11 92
0 12 11
0 13 1
0 14 6
0 15 583
0 16 350
0 17 390
0 18 171
0 19 550
0 20 87
0 21 68
0 22 1305
0 23 68
0 24 220
0 25 262
0 26 137
0 27 893
0 28 283
0 29 293
0 30 155
0 31 7
0 32 135
0 33 40
0 34 64
0 35 33
0 36 40
0 37 99
0 38 9
0 39 109
0 40 33
0 41 30
0 42 1
0 43 64
0 44 56
0 45 1498
0 46 91
0 47 110
0 48 59
0 49 12
0 50 5
0 51 293
0 52 7
0 53 6
0 54 98
0 55 19
1 0 85
1 2 69
1 3 613
1 4 452
1 5 180
1 6 19
1 7 134
1 8 28
1 9 305
1 10 337
1 11 36
1 12 10
1 14 2
1 15 336
1 16 252
1 17 245
1 18 146
1 19 344
1 20 64
1 21 68
1 22 1221
1 23 49
1 24 117
1 25 130
1 26 108
1 27 482
1 28 226
1 29 223
1 30 131
1 31 2
1 32 91
1 33 39
1 34 58
1 35 31
1 36 26
1 37 76
1 38 7
1 39 65
1 40 21
1 41 16
1 42 8
1 43 54
1 44 50
1 45 705
1 46 74
1 47 76
1 48 44
1 49 6
1 50 2
1 51 331
1 52 3
1 53 1
1 54 74
1 55 7
2 0 98
2 1 270
2 3 603
2 4 552
2 5 176
2 6 27
2 7 150
2 8 28
2 9 641
2 10 546
2 11 59
2 12 27
2 13 1
2 14 3
2 15 456
2 16 312
2 17 336
2 18 143
2 19 456
2 20 108
2 21 80
2 22 1622
2 23 56
2 24 198
2 25 131
2 26 166
2 27 707
2 28 302
2 29 219
2 30 81
2 31 5
2 32 133
2 33 48
2 34 42
2 35 31
2 36 40
2 37 128
2 38 2
2 39 84
2 40 40
2 41 20
2 42 3
2 43 67
2 44 58
2 45 1253
2 46 97
2 47 110
2 48 52
2 49 6
2 51 424
2 52 7
2 53 1
2 54 114
2 55 21
3 0 83
3 1 369
3 2 179
3 4 532
3 5 255
3 6 53
3 7 190
3 8 39
3 9 631
3 10 749
3 11 75
3 12 19
3 13 1
3 14 9
3 15 611
3 16 438
3 17 504
3 18 238
3 19 565
3 20 127
3 21 113
3 22 2469
3 23 94
3 24 235
3 25 198
3 26 263
3 27 922
3 28 628
3 29 412
3 30 199
3 31 4
3 32 176
3 33 65
3 34 73
3 35 50
3 36 47
3 37 154
3 38 4
3 39 139
3 40 52
3 41 29
3 42 2
3 43 85
3 44 86
3 45 1376
3 46 135
3 47 141
3 48 89
3 49 10
3 50 1
3 51 546
3 52 13
3 53 2
3 54 180
3 55 19
4 0 319
4 1 632
4 2 154
4 3 906
4 5 323
4 6 52
4 7 218
4 8 20
4 9 497
4 10 578
4 11 110
4 12 26
4 14 6
4 15 528
4 16 426
4 17 434
4 18 231
4 19 496
4 20 128
4 21 104
4 22 1470
4 23 111
4 24 198
4 25 269
4 26 184
4 27 973
4 28 327
4 29 364
4 30 221
4 31 7
4 32 170
4 33 43
4 34 94
4 35 43
4 36 45
4 37 96
4 38 7
4 39 115
4 40 22
4 41 33
4 42 5
4 43 66
4 44 81
4 45 1329
4 46 140
4 47 101
4 48 75
4 49 29
4 50 5
4 51 364
4 52 9
4 53 7
4 54 122
4 55 16
5 0 30
5 1 169
5 2 30
5 3 289
5 4 122
5 6 77
5 7 548
5 8 19
5 9 157
5 10 173
5 11 325
5 12 34
5 13 1
5 14 8
5 15 799
5 16 513
5 17 551
5 18 343
5 19 559
5 20 166
5 21 213
5 22 2523
5 23 196
5 24 77
5 25 627
5 26 212
5 27 762
5 28 271
5 29 300
5 30 151
5 31 10
5 32 201
5 33 93
5 34 173
5 35 55
5 36 80
5 37 120
5 38 7
5 39 106
5 40 39
5 41 27
5 42 9
5 43 87
5 44 98
5 45 821
5 46 95
5 47 73
5 48 116
5 49 30
5 50 5
5 51 483
5 52 10
5 53 1
5 54 101
5 55 20
6 0 51
6 1 210
6 2 50
6 3 466
6 4 137
6 5 1497
6 7 1102
6 8 28
6 9 171
6 10 344
6 11 399
6 12 112
6 13 1
6 14 25
6 15 1422
6 16 960
6 17 1030
6 18 411
6 19 1543
6 20 303
6 21 377
6 22 3812
6 23 216
6 24 281
6 25 767
6 26 515
6 27 1327
6 28 354
6 29 456
6 30 184
6 31 29
6 32 587
6 33 230
6 34 533
6 35 183
6 36 176
6 37 295
6 38 25
6 39 187
6 40 47
6 41 25
6 42 32
6 43 322
6 44 201
6 45 2636
6 46 261
6 47 184
6 48 389
6 49 24
6 50 9
6 51 810
6 52 11
6 53 1
6 54 140
6 55 96
7 0 21
7 1 135
7 2 36
7 3 305
7 4 98
7 5 1059
7 6 192
7 8 18
7 9 115
7 10 260
7 11 263
7 12 45
7 14 13
7 15 826
7 16 698
7 17 605
7 18 330
7 19 913
7 20 207
7 21 249
7 22 2819
7 23 133
7 24 169
7 25 473
7 26 265
7 27 794
7 28 237
7 29 295
7 30 120
7 31 15
7 32 384
7 33 125
7 34 242
7 35 60
7 36 81
7 37 175
7 38 3
7 39 106
7 40 44
7 41 13
7 42 13
7 43 157
7 44 144
7 45 1516
7 46 147
7 47 114
7 48 193
7 49 27
7 50 6
7 51 502
7 52 4
7 54 90
7 55 42
8 0 22
8 1 79
8 2 39
8 3 184
8 4 150
8 5 63
8 6 17
8 7 48
8 9 364
8 10 178
8 11 14
8 12 4
8 14 1
8 15 209
8 16 118
8 17 167
8 18 53
8 19 194
8 20 27
8 21 13
8 22 759
8 23 25
8 24 134
8 25 54
8 26 67
8 27 288
8 28 80
8 29 84
8 30 28
8 31 3
8 32 71
8 33 28
8 34 23
8 35 8
8 36 21
8 37 60
8 38 2
8 39 41
8 40 31
8 41 6
8 43 47
8 44 30
8 45 528
8 46 41
8 47 54
8 48 18
8 49 3
8 51 181
8 52 6
8 54 53
8 55 9
9 0 84
9 1 243
9 2 234
9 3 630
9 4 503
9 5 236
9 6 34
9 7 148
9 8 127
9 10 862
9 11 67
9 12 29
9 14 6
9 15 600
9 16 460
9 17 635
9 18 187
9 19 662
9 20 123
9 21 96
9 22 2805
9 23 69
9 24 388
9 25 191
9 26 267
9 27 1051
9 28 424
9 29 301
9 30 81
9 31 2
9 32 212
9 33 87
9 34 73
9 35 41
9 36 85
9 37 192
9 38 8
9 39 162
9 40 89
9 41 20
9 42 2
9 43 103
9 44 104
9 45 1646
9 46 163
9 47 235
9 48 76
9 49 5
9 50 8
9 51 711
9 52 16
9 53 1
9 54 274
9 55 32
10 0 130
10 1 387
10 2 239
10 3 1022
10 4 609
10 5 320
10 6 57
10 7 237
10 8 83
10 9 930
10 11 105
10 12 32
10 13 1
10 14 8
10 15 703
10 16 570
10 17 666
10 18 306
10 19 841
10 20 133
10 21 123
10 22 3307
10 23 100
10 24 365
10 25 265
10 26 271
10 27 1274
10 28 641
10 29 437
10 30 139
10 31 2
10 32 238
10 33 78
10 34 84
10 35 33
10 36 70
10 37 230
10 38 5
10 39 184
10 40 72
10 41 26
10 42 8
10 43 129
10 44 124
10 45 1902
10 46 200
10 47 193
10 48 101
10 49 7
10 50 4
10 51 744
10 52 6
10 53 4
10 54 262
10 55 23
11 0 19
11 1 89
11 2 26
11 3 222
11 4 87
11 5 817
11 6 127
11 7 562
11 8 16
11 9 95
11 10 188
11 12 67
11 13 3
11 14 17
11 15 614
11 16 407
11 17 388
11 18 215
11 19 794
11 20 107
11 21 146
11 22 1969
11 23 105
11 24 117
11 25 479
11 26 184
11 27 667
11 28 190
11 29 233
11 30 80
11 31 10
11 32 284
11 33 105
11 34 148
11 35 88
11 36 54
11 37 128
11 38 8
11 39 82
11 40 26
11 41 11
11 42 13
11 43 130
11 44 101
11 45 1160
11 46 102
11 47 86
11 48 122
11 49 13
11 50 9
11 51 419
11 52 10
11 53 3
11 54 67
11 55 49
12 0 4
12 1 60
12 2 18
12 3 140
12 4 42
12 5 478
12 6 99
12 7 357
12 8 8
12 9 54
12 10 126
12 11 140
12 13 4
12 14 18
12 15 462
12 16 301
12 17 244
12 18 112
12 19 761
12 20 77
12 21 116
12 22 1096
12 23 44
12 24 99
12 25 265
12 26 164
12 27 396
12 28 117
12 29 132
12 30 41
12 31 8
12 32 278
12 33 75
12 34 148
12 35 68
12 36 59
12 37 133
12 38 7
12 39 44
12 40 13
12 41 12
12 42 2
12 43 85
12 44 91
12 45 985
12 46 66
12 47 68
12 48 154
12 49 12
12 50 3
12 51 208
12 52 6
12 54 23
12 55 33
13 0 2
13 1 8
13 2 4
13 3 17
13 4 12
13 5 59
13 6 20
13 7 57
13 8 2
13 9 9
13 10 21
13 11 18
13 12 17
13 14 1
13 15 69
13 16 39
13 17 35
13 18 25
13 19 107
13 20 12
13 21 17
13 22 173
13 23 11
13 24 17
13 25 47
13 26 31
13 27 59
13 28 15
13 29 21
13 30 10
13 31 2
13 32 43
13 33 14
13 34 25
13 35 10
13 36 4
13 37 24
13 39 9
13 40 3
13 43 31
13 44 15
13 45 173
13 46 15
13 47 15
13 48 30
13 50 1
13 51 45
13 52 3
13 54 3
13 55 7
14 0 4
14 1 15
14 2 4
14 3 41
14 4 17
14 5 120
14 6 23
14 7 70
14 9 14
14 10 20
14 11 56
14 12 24
14 15 90
14 16 53
14 17 64
14 18 28
14 19 176
14 20 25
14 21 33
14 22 297
14 23 16
14 24 26
14 25 84
14 26 28
14 27 109
14 28 25
14 29 30
14 30 23
14 31 2
14 32 46
14 33 11
14 34 16
14 35 19
14 36 12
14 37 24
14 39 16
14 40 1
14 42 4
14 43 20
14 44 18
14 45 228
14 46 19
14 47 13
14 48 34
14 49 1
14 50 2
14 51 71
14 53 1
14 54 18
14 55 9
15 0 42
15 1 134
15 2 24
15 3 271
15 4 93
15 5 577
15 6 59
15 7 294
15 8 17
15 9 108
15 10 146
15 11 172
15 12 15
15 13 2
15 14 2
15 16 444
15 17 462
15 18 404
15 19 381
15 20 147
15 21 121
15 22 2307
15 23 171
15 24 102
15 25 288
15 26 206
15 27 602
15 28 205
15 29 320
15 30 107
15 31 7
15 32 118
15 33 80
15 34 122
15 35 33
15 36 44
15 37 88
15 38 2
15 39 112
15 40 45
15 41 18
15 42 4
15 43 57
15 44 84
15 45 478
15 46 92
15 47 65
15 48 81
15 49 22
15 50 3
15 51 452
15 52 5
15 53 5
15 54 94
15 55 3
16 0 29
16 1 99
16 2 20
16 3 181
16 4 62
16 5 250
16 6 36
16 7 233
16 8 14
16 9 116
16 10 123
16 11 65
16 12 17
16 14 4
16 15 564
16 17 810
16 18 317
16 19 412
16 20 172
16 21 116
16 22 2678
16 23 73
16 24 127
16 25 174
16 26 254
16 27 798
16 28 132
16 29 222
16 30 63
16 31 11
16 32 171
16 33 46
16 34 73
16 35 21
16 36 42
16 37 133
16 38 7
16 39 87
16 40 30
16 41 11
16 42 6
16 43 78
16 44 88
16 45 745
16 46 124
16 47 76
16 48 62
16 49 14
16 50 5
16 51 520
16 52 11
16 54 116
16 55 6
17 0 36
17 1 116
17 2 63
17 3 326
17 4 120
17 5 282
17 6 57
17 7 269
17 8 37
17 9 218
17 10 211
17 11 77
17 12 22
17 13 1
17 14 2
17 15 684
17 16 938
17 18 276
17 19 506
17 20 186
17 21 151
17 22 5395
17 23 79
17 24 333
17 25 206
17 26 416
17 27 1864
17 28 266
17 29 304
17 30 99
17 31 10
17 32 232
17 33 68
17 34 113
17 35 41
17 36 64
17 37 217
17 38 4
17 39 154
17 40 64
17 41 16
17 42 9
17 43 129
17 44 146
17 45 944
17 46 220
17 47 151
17 48 89
17 49 12
17 50 9
17 51 903
17 52 9
17 53 2
17 54 205
17 55 8
18 0 54
18 1 147
18 2 31
18 3 324
18 4 118
18 5 399
18 6 41
18 7 264
18 8 19
18 9 147
18 10 208
18 11 143
18 12 26
18 13 2
18 14 2
18 15 826
18 16 539
18 17 588
18 19 427
18 20 141
18 21 99
18 22 3244
18 23 159
18 24 98
18 25 302
18 26 183
18 27 725
18 28 262
18 29 488
18 30 174
18 31 6
18 32 156
18 33 58
18 34 97
18 35 29
18 36 38
18 37 111
18 38 5
18 39 87
18 40 41
18 41 47
18 42 8
18 43 62
18 44 75
18 45 774
18 46 113
18 47 63
18 48 49
18 49 17
18 50 4
18 51 668
18 52 6
18 53 1
18 54 107
18 55 13
19 0 15
19 1 65
19 2 17
19 3 142
19 4 58
19 5 350
19 6 42
19 7 374
19 8 9
19 9 56
19 10 121
19 11 88
19 12 21
19 14 2
19 15 517
19 16 367
19 17 331
19 18 188
19 20 136
19 21 134
19 22 1332
19 23 61
19 24 61
19 25 207
19 26 136
19 27 367
19 28 123
19 29 139
19 30 59
19 31 5
19 32 136
19 33 49
19 34 80
19 35 18
19 36 27
19 37 63
19 38 1
19 39 60
19 40 18
19 41 12
19 42 3
19 43 39
19 44 65
19 45 696
19 46 85
19 47 56
19 48 69
19 49 11
19 50 3
19 51 280
19 52 3
19 54 59
19 55 5
20 0 26
20 1 70
20 2 24
20 3 197
20 4 59
20 5 387
20 6 66
20 7 351
20 8 11
20 9 97
20 10 112
20 11 113
20 12 34
20 13 1
20 14 3
20 15 590
20 16 651
20 17 698
20 18 235
20 19 512
20 21 248
20 22 2436
20 23 135
20 24 171
20 25 264
20 26 344
20 27 837
20 28 183
20 29 229
20 30 98
20 31 3
20 32 249
20 33 108
20 34 141
20 35 61
20 36 77
20 37 221
20 38 9
20 39 114
20 40 40
20 41 13
20 42 10
20 43 143
20 44 192
20 45 954
20 46 177
20 47 106
20 48 121
20 49 11
20 50 7
20 51 442
20 52 4
20 53 5
20 54 63
20 55 11
21 0 37
21 1 142
21 2 46
21 3 345
21 4 145
21 5 903
21 6 190
21 7 863
21 8 27
21 9 212
21 10 310
21 11 277
21 12 72
21 13 3
21 14 11
21 15 1041
21 16 1169
21 17 1128
21 18 410
21 19 1108
21 20 462
21 22 4256
21 23 162
21 24 334
21 25 507
21 26 627
21 27 1435
21 28 346
21 29 453
21 30 140
21 31 21
21 32 857
21 33 296
21 34 464
21 35 149
21 36 216
21 37 396
21 38 15
21 39 215
21 40 64
21 41 20
21 42 26
21 43 376
21 44 359
21 45 1937
21 46 318
21 47 232
21 48 405
21 49 24
21 50 12
21 51 826
21 52 17
21 53 5
21 54 153
21 55 28
22 0 4
22 1 18
22 2 14
22 3 64
22 4 20
22 5 52
22 6 5
22 7 34
22 8 2
22 9 29
22 10 39
22 11 14
22 12 6
22 14 1
22 15 152
22 16 127
22 17 128
22 18 79
22 19 97
22 20 25
22 21 25
22 23 15
22 24 31
22 25 31
22 26 50
22 27 176
22 28 51
22 29 69
22 30 10
22 31 2
22 32 40
22 33 6
22 34 16
22 35 1
22 36 10
22 37 23
22 38 1
22 39 24
22 40 10
22 41 5
22 42 1
22 43 9
22 44 21
22 45 107
22 46 17
22 47 19
22 48 7
22 51 200
22 52 4
22 54 19
23 0 103
23 1 376
23 2 61
23 3 611
23 4 242
23 5 1043
23 6 113
23 7 570
23 8 30
23 9 228
23 10 373
23 11 346
23 12 38
23 13 5
23 14 11
23 15 1507
23 16 752
23 17 919
23 18 679
23 19 921
23 20 262
23 21 218
23 22 4927
23 24 201
23 25 755
23 26 242
23 27 1255
23 28 439
23 29 663
23 30 342
23 31 5
23 32 301
23 33 139
23 34 201
23 35 58
23 36 70
23 37 141
23 38 9
23 39 182
23 40 54
23 41 72
23 42 14
23 43 93
23 44 136
23 45 1530
23 46 165
23 47 157
23 48 148
23 49 62
23 50 2
23 51 944
23 52 14
23 53 8
23 54 150
23 55 55
24 0 15
24 1 74
24 2 43
24 3 203
24 4 63
24 5 154
24 6 24
24 7 161
24 8 32
24 9 228
24 10 162
24 11 47
24 12 17
24 14 4
24 15 379
24 16 385
24 17 743
24 18 155
24 19 397
24 20 69
24 21 101
24 22 3072
24 23 39
24 25 105
24 26 207
24 27 1041
24 28 178
24 29 164
24 30 52
24 31 3
24 32 187
24 33 55
24 34 62
24 35 18
24 36 56
24 37 218
24 38 5
24 39 140
24 40 41
24 41 12
24 42 2
24 43 165
24 44 114
24 45 818
24 46 216
24 47 183
24 48 79
24 49 7
24 50 2
24 51 563
24 52 18
24 54 133
24 55 12
25 0 63
25 1 208
25 2 49
25 3 365
25 4 171
25 5 1255
25 6 141
25 7 698
25 8 24
25 9 169
25 10 239
25 11 465
25 12 40
25 13 2
25 14 14
25 15 826
25 16 554
25 17 596
25 18 370
25 19 602
25 20 195
25 21 190
25 22 2614
25 23 242
25 24 132
25 26 257
25 27 816
25 28 279
25 29 391
25 30 194
25 31 14
25 32 222
25 33 123
25 34 184
25 35 51
25 36 42
25 37 112
25 38 8
25 39 118
25 40 40
25 41 38
25 42 14
25 43 97
25 44 109
25 45 901
25 46 113
25 47 113
25 48 162
25 49 41
25 50 14
25 51 506
25 52 6
25 53 7
25 54 102
25 55 35
26 0 39
26 1 134
26 2 59
26 3 333
26 4 113
26 5 389
26 6 71
26 7 313
26 8 34
26 9 324
26 10 238
26 11 101
26 12 26
26 13 2
26 14 5
26 15 922
26 16 1022
26 17 1275
26 18 268
26 19 989
26 20 247
26 21 209
26 22 4584
26 23 93
26 24 487
26 25 226
26 27 1506
26 28 297
26 29 307
26 30 99
26 31 3
26 32 570
26 33 198
26 34 184
26 35 80
26 36 201
26 37 653
26 38 21
26 39 141
26 40 41
26 41 21
26 42 18
26 43 520
26 44 462
26 45 2068
26 46 517
26 47 335
26 48 222
26 49 15
26 50 3
26 51 969
26 52 17
26 53 5
26 54 139
26 55 18
27 0 16
27 1 38
27 2 23
27 3 124
27 4 61
27 5 124
27 6 32
27 7 106
27 8 12
27 9 113
27 10 129
27 11 33
27 12 5
27 14 3
27 15 332
27 16 395
27 17 825
27 18 96
27 19 229
27 20 52
27 21 55
27 22 2285
27 23 31
27 24 187
27 25 103
27 26 197
27 28 124
27 29 132
27 30 43
27 31 6
27 32 104
27 33 28
27 34 38
27 35 20
27 36 40
27 37 85
27 38 5
27 39 114
27 40 23
27 41 9
27 42 3
27 43 54
27 44 52
27 45 450
27 46 104
27 47 85
27 48 37
27 49 5
27 50 2
27 51 410
27 52 10
27 53 1
27 54 94
27 55 4
28 0 40
28 1 143
28 2 71
28 3 450
28 4 182
28 5 237
28 6 33
28 7 117
28 8 27
28 9 235
28 10 279
28 11 36
28 12 10
28 15 393
28 16 311
28 17 354
28 18 167
28 19 359
28 20 74
28 21 58
28 22 2099
28 23 63
28 24 87
28 25 137
28 26 123
28 27 549
28 29 372
28 30 147
28 31 5
28 32 89
28 33 27
28 34 35
28 35 18
28 36 27
28 37 61
28 38 2
28 39 91
28 40 33
28 41 15
28 42 5
28 43 31
28 44 44
28 45 714
28 46 72
28 47 48
28 48 31
28 49 13
28 50 2
28 51 396
28 52 8
28 53 1
28 54 96
28 55 4
29 0 89
29 1 311
29 2 96
29 3 701
29 4 319
29 5 569
29 6 79
29 7 490
29 8 31
29 9 419
29 10 448
29 11 167
29 12 23
29 13 1
29 14 10
29 15 1027
29 16 777
29 17 957
29 18 558
29 19 696
29 20 259
29 21 171
29 22 5067
29 23 203
29 24 249
29 25 421
29 26 300
29 27 1316
29 28 581
29 30 474
29 31 12
29 32 220
29 33 82
29 34 110
29 35 34
29 36 65
29 37 166
29 38 7
29 39 193
29 40 50
29 41 65
29 42 9
29 43 88
29 44 117
29 45 1463
29 46 159
29 47 128
29 48 85
29 49 37
29 50 5
29 51 1154
29 52 19
29 53 7
29 54 196
29 55 25
30 0 104
30 1 374
30 2 100
30 3 798
30 4 432
30 5 402
30 6 58
30 7 306
30 8 36
30 9 407
30 10 462
30 11 136
30 12 25
30 13 2
30 14 4
30 15 841
30 16 573
30 17 666
30 18 396
30 19 599
30 20 192
30 21 126
30 22 3701
30 23 185
30 24 149
30 25 351
30 26 156
30 27 975
30 28 439
30 29 710
30 31 6
30 32 157
30 33 55
30 34 92
30 35 20
30 36 43
30 37 115
30 38 3
30 39 140
30 40 61
30 41 45
30 42 8
30 43 60
30 44 65
30 45 1226
30 46 108
30 47 80
30 48 66
30 49 28
30 50 3
30 51 779
30 52 12
30 53 1
30 54 192
30 55 30
31 3 4
31 5 3
31 6 2
31 7 4
31 9 1
31 10 2
31 11 2
31 15 8
31 16 9
31 17 5
31 18 5
31 19 7
31 20 4
31 22 15
31 23 1
31 24 4
31 25 2
31 26 9
31 27 13
31 28 1
31 29 3
31 30 1
31 32 5
31 33 2
31 34 1
31 35 2
31 36 1
31 37 3
31 38 1
31 40 2
31 43 1
31 44 4
31 45 22
31 46 1
31 47 3
31 48 3
31 51 5
32 0 20
32 1 88
32 2 32
32 3 200
32 4 63
32 5 355
32 6 71
32 7 321
32 8 23
32 9 149
32 10 172
32 11 83
32 12 38
32 14 5
32 15 668
32 16 581
32 17 613
32 18 198
32 19 705
32 20 179
32 21 286
32 22 2443
32 23 76
32 24 211
32 25 224
32 26 451
32 27 825
32 28 197
32 29 252
32 30 61
32 31 9
32 33 204
32 34 181
32 35 69
32 36 220
32 37 345
32 38 11
32 39 137
32 40 20
32 41 9
32 42 14
32 43 330
32 44 248
32 45 1373
32 46 225
32 47 161
32 48 201
32 49 13
32 50 2
32 51 532
32 52 7
32 53 1
32 54 95
32 55 19
33 0 32
33 1 111
33 2 37
33 3 241
33 4 127
33 5 657
33 6 128
33 7 533
33 8 30
33 9 191
33 10 186
33 11 168
33 12 57
33 13 1
33 14 11
33 15 1114
33 16 807
33 17 749
33 18 274
33 19 1063
33 20 278
33 21 352
33 22 3103
33 23 119
33 24 300
33 25 386
33 26 544
33 27 1221
33 28 237
33 29 260
33 30 72
33 31 8
33 32 984
33 34 408
33 35 141
33 36 355
33 37 502
33 38 24
33 39 144
33 40 42
33 41 21
33 42 19
33 43 549
33 44 367
33 45 2402
33 46 294
33 47 252
33 48 414
33 49 18
33 50 7
33 51 645
33 52 18
33 53 8
33 54 77
33 55 21
34 0 20
34 1 79
34 2 23
34 3 165
34 4 86
34 5 588
34 6 140
34 7 474
34 8 10
34 9 129
34 10 156
34 11 164
34 12 48
34 13 3
34 14 7
34 15 764
34 16 444
34 17 578
34 18 209
34 19 784
34 20 183
34 21 267
34 22 1719
34 23 73
34 24 169
34 25 386
34 26 316
34 27 757
34 28 146
34 29 170
34 30 53
34 31 25
34 32 406
34 33 177
34 35 131
34 36 116
34 37 217
34 38 7
34 39 89
34 40 24
34 41 15
34 42 19
34 43 226
34 44 168
34 45 1355
34 46 166
34 47 100
34 48 280
34 49 9
34 50 4
34 51 366
34 52 5
34 54 52
34 55 40
35 0 23
35 1 100
35 2 42
35 3 215
35 4 104
35 5 836
35 6 153
35 7 592
35 8 14
35 9 154
35 10 190
35 11 234
35 12 83
35 13 2
35 14 23
35 15 1266
35 16 646
35 17 586
35 18 204
35 19 1242
35 20 195
35 21 226
35 22 1942
35 23 88
35 24 228
35 25 508
35 26 390
35 27 891
35 28 187
35 29 219
35 30 77
35 31 20
35 32 629
35 33 228
35 34 408
35 36 146
35 37 278
35 38 21
35 39 120
35 40 23
35 41 19
35 42 26
35 43 325
35 44 159
35 45 2166
35 46 198
35 47 157
35 48 459
35 49 14
35 50 17
35 51 520
35 52 13
35 53 4
35 54 55
35 55 88
36 0 12
36 1 35
36 2 31
36 3 102
36 4 51
36 5 156
36 6 26
36 7 115
36 8 8
36 9 95
36 10 97
36 11 44
36 12 6
36 14 2
36 15 305
36 16 289
36 17 249
36 18 64
36 19 334
36 20 93
36 21 66
36 22 848
36 23 27
36 24 160
36 25 92
36 26 233
36 27 366
36 28 67
36 29 93
36 30 23
36 31 8
36 32 323
36 33 79
36 34 44
36 35 19
36 37 198
36 38 10
36 39 33
36 40 9
36 41 4
36 42 6
36 43 198
36 44 148
36 45 744
36 46 104
36 47 91
36 48 70
36 49 4
36 50 1
36 51 200
36 52 3
36 54 35
36 55 12
37 0 16
37 1 47
37 2 19
37 3 151
37 4 54
37 5 156
37 6 22
37 7 117
37 8 8
37 9 117
37 10 114
37 11 41
37 12 8
37 13 1
37 14 3
37 15 391
37 16 421
37 17 365
37 18 84
37 19 435
37 20 92
37 21 70
37 22 1659
37 23 29
37 24 293
37 25 108
37 26 396
37 27 636
37 28 86
37 29 124
37 30 25
37 31 4
37 32 306
37 33 101
37 34 62
37 35 30
37 36 115
37 38 23
37 39 81
37 40 16
37 41 6
37 42 5
37 43 260
37 44 175
37 45 893
37 46 219
37 47 217
37 48 81
37 49 7
37 50 1
37 51 417
37 52 5
37 53 2
37 54 74
37 55 17
38 0 7
38 1 16
38 2 10
38 3 66
38 4 16
38 5 100
38 6 28
38 7 66
38 8 1
38 9 88
38 10 74
38 11 20
38 12 6
38 13 1
38 14 5
38 15 217
38 16 198
38 17 171
38 18 38
38 19 259
38 20 38
38 21 39
38 22 800
38 23 16
38 24 180
38 25 34
38 26 215
38 27 322
38 28 44
38 29 46
38 30 12
38 31 7
38 32 162
38 33 60
38 34 35
38 35 18
38 36 93
38 37 215
38 39 22
38 40 11
38 41 4
38 42 2
38 43 167
38 44 100
38 45 461
38 46 87
38 47 100
38 48 40
38 49 3
38 50 4
38 51 157
38 52 7
38 54 12
38 55 7
39 0 28
39 1 119
39 2 69
39 3 290
39 4 140
39 5 185
39 6 31
39 7 150
39 8 50
39 9 382
39 10 303
39 11 50
39 12 17
39 13 1
39 14 3
39 15 564
39 16 474
39 17 1007
39 18 164
39 19 545
39 20 94
39 21 89
39 22 4425
39 23 49
39 24 435
39 25 116
39 26 288
39 27 1420
39 28 249
39 29 215
39 30 64
39 31 4
39 32 195
39 33 79
39 34 55
39 35 39
39 36 49
39 37 224
39 38 10
39 40 114
39 41 12
39 42 3
39 43 148
39 44 144
39 45 858
39 46 189
39 47 180
39 48 90
39 49 19
39 50 8
39 51 839
39 52 20
39 53 2
39 54 182
39 55 10
40 0 25
40 1 101
40 2 64
40 3 280
40 4 158
40 5 169
40 6 21
40 7 151
40 8 102
40 9 416
40 10 323
40 11 47
40 12 15
40 14 1
40 15 409
40 16 352
40 17 537
40 18 126
40 19 451
40 20 85
40 21 57
40 22 2668
40 23 41
40 24 274
40 25 122
40 26 186
40 27 876
40 28 198
40 29 196
40 30 43
40 31 2
40 32 153
40 33 62
40 34 47
40 35 24
40 36 56
40 37 144
40 38 7
40 39 218
40 41 5
40 42 1
40 43 98
40 44 72
40 45 853
40 46 126
40 47 125
40 48 53
40 49 3
40 50 3
40 51 560
40 52 34
40 53 6
40 54 232
40 55 9
41 0 50
41 1 194
41 2 48
41 3 358
41 4 170
41 5 401
41 6 41
41 7 242
41 8 17
41 9 218
41 10 187
41 11 153
41 12 26
41 13 2
41 14 2
41 15 657
41 16 499
41 17 475
41 18 375
41 19 492
41 20 116
41 21 85
41 22 3052
41 23 199
41 24 79
41 25 318
41 26 133
41 27 670
41 28 257
41 29 467
41 30 228
41 31 2
41 32 118
41 33 48
41 34 55
41 35 16
41 36 22
41 37 77
41 38 4
41 39 74
41 40 32
41 42 4
41 43 58
41 44 58
41 45 926
41 46 80
41 47 48
41 48 56
41 49 25
41 50 1
41 51 525
41 52 3
41 53 1
41 54 97
41 55 22
42 0 4
42 1 29
42 2 8
42 3 37
42 4 29
42 5 174
42 6 22
42 7 133
42 8 6
42 9 50
42 10 64
42 11 43
42 12 17
42 13 1
42 14 3
42 15 313
42 16 153
42 17 163
42 18 71
42 19 278
42 20 57
42 21 75
42 22 599
42 23 15
42 24 75
42 25 114
42 26 116
42 27 267
42 28 54
42 29 51
42 30 17
42 31 4
42 32 181
42 33 62
42 34 126
42 35 67
42 36 32
42 37 114
42 38 1
42 39 39
42 40 12
42 41 6
42 43 88
42 44 61
42 45 587
42 46 58
42 47 50
42 48 137
42 49 7
42 50 8
42 51 130
42 53 1
42 54 17
42 55 12
43 0 5
43 1 47
43 2 11
43 3 107
43 4 29
43 5 144
43 6 16
43 7 125
43 8 6
43 9 82
43 10 106
43 11 24
43 12 10
43 14 5
43 15 339
43 16 266
43 17 240
43 18 67
43 19 432
43 20 71
43 21 71
43 22 1080
43 23 32
43 24 169
43 25 69
43 26 279
43 27 504
43 28 84
43 29 78
43 30 24
43 31 4
43 32 296
43 33 73
43 34 47
43 35 31
43 36 216
43 37 382
43 38 4
43 39 56
43 40 8
43 41 5
43 42 4
43 44 178
43 45 787
43 46 124
43 47 120
43 48 83
43 49 3
43 50 2
43 51 277
43 52 4
43 54 37
43 55 9
44 0 15
44 1 46
44 2 25
44 3 112
44 4 48
44 5 217
44 6 38
44 7 149
44 8 5
44 9 99
44 10 90
44 11 58
44 12 10
44 14 6
44 15 450
44 16 379
44 17 480
44 18 156
44 19 485
44 20 135
44 21 146
44 22 1731
44 23 55
44 24 165
44 25 171
44 26 439
44 27 644
44 28 136
44 29 154
44 30 29
44 31 5
44 32 283
44 33 111
44 34 84
44 35 30
44 36 98
44 37 302
44 38 8
44 39 80
44 40 31
44 41 10
44 42 3
44 43 237
44 45 863
44 46 169
44 47 123
44 48 118
44 49 3
44 50 9
44 51 349
44 52 3
44 53 1
44 54 49
44 55 8
45 0 16
45 1 46
45 2 22
45 3 84
45 4 33
45 5 148
45 6 45
45 7 144
45 8 13
45 9 78
45 10 93
45 11 40
45 12 9
45 13 1
45 15 331
45 16 365
45 17 470
45 18 101
45 19 240
45 20 126
45 21 85
45 22 1496
45 23 50
45 24 102
45 25 89
45 26 196
45 27 478
45 28 117
45 29 100
45 30 32
45 31 8
45 32 142
45 33 49
45 34 71
45 35 30
45 36 28
45 37 133
45 38 8
45 39 55
45 40 16
45 41 13
45 42 3
45 43 84
45 44 101
45 46 120
45 47 74
45 48 64
45 49 3
45 50 7
45 51 292
45 52 4
45 53 1
45 54 39
45 55 7
46 0 29
46 1 113
46 2 66
46 3 353
46 4 96
46 5 331
46 6 66
46 7 307
46 8 38
46 9 303
46 10 312
46 11 111
46 12 28
46 14 1
46 15 824
46 16 932
46 17 1720
46 18 256
46 19 727
46 20 202
46 21 154
46 22 6127
46 23 89
46 24 463
46 25 210
46 26 703
46 27 1699
46 28 298
46 29 312
46 30 111
46 31 6
46 32 372
46 33 129
46 34 146
46 35 61
46 36 124
46 37 509
46 38 15
46 39 185
46 40 86
46 41 24
46 42 10
46 43 341
46 44 302
46 45 1359
46 47 303
46 48 162
46 49 18
46 50 3
46 51 1030
46 52 11
46 53 5
46 54 241
46 55 17
47 0 23
47 1 128
47 2 48
47 3 330
47 4 100
47 5 214
47 6 43
47 7 209
47 8 63
47 9 325
47 10 316
47 11 65
47 12 20
47 14 5
47 15 585
47 16 561
47 17 1031
47 18 191
47 19 632
47 20 146
47 21 134
47 22 4639
47 23 50
47 24 656
47 25 141
47 26 452
47 27 1453
47 28 262
47 29 185
47 30 54
47 31 4
47 32 310
47 33 101
47 34 87
47 35 46
47 36 103
47 37 377
47 38 15
47 39 197
47 40 86
47 41 15
47 42 4
47 43 305
47 44 194
47 45 1258
47 46 364
47 48 142
47 49 11
47 50 7
47 51 897
47 52 28
47 53 2
47 54 194
47 55 9
48 0 24
48 1 71
48 2 32
48 3 113
48 4 76
48 5 558
48 6 125
48 7 438
48 8 13
48 9 110
48 10 139
48 11 141
48 12 45
48 13 1
48 14 13
48 15 859
48 16 483
48 17 495
48 18 166
48 19 893
48 20 138
48 21 218
48 22 1909
48 23 68
48 24 205
48 25 313
48 26 390
48 27 736
48 28 149
48 29 152
48 30 50
48 31 33
48 32 630
48 33 215
48 34 304
48 35 202
48 36 167
48 37 316
48 38 12
48 39 103
48 40 28
48 41 17
48 42 13
48 43 296
48 44 175
48 45 1594
48 46 196
48 47 152
48 49 24
48 50 17
48 51 492
48 52 5
48 53 2
48 54 53
48 55 51
49 0 54
49 1 106
49 2 25
49 3 238
49 4 120
49 5 534
49 6 53
49 7 226
49 8 11
49 9 135
49 10 137
49 11 198
49 12 21
49 14 7
49 15 509
49 16 340
49 17 385
49 18 236
49 19 385
49 20 99
49 21 90
49 22 1683
49 23 170
49 24 99
49 25 433
49 26 130
49 27 613
49 28 200
49 29 306
49 30 124
49 31 5
49 32 102
49 33 61
49 34 82
49 35 36
49 36 26
49 37 54
49 38 3
49 39 84
49 40 27
49 41 33
49 42 12
49 43 44
49 44 61
49 45 809
49 46 72
49 47 52
49 48 76
49 50 4
49 51 377
49 52 4
49 53 2
49 54 65
49 55 29
50 0 8
50 1 18
50 2 8
50 3 54
50 4 12
50 5 144
50 6 35
50 7 139
50 8 4
50 9 39
50 10 32
50 11 40
50 12 9
50 13 1
50 14 3
50 15 292
50 16 152
50 17 157
50 18 59
50 19 311
50 20 50
50 21 64
50 22 615
50 23 17
50 24 52
50 25 96
50 26 139
50 27 232
50 28 35
50 29 40
50 30 7
50 31 26
50 32 208
50 33 71
50 34 75
50 35 54
50 36 36
50 37 110
50 38 6
50 39 44
50 40 8
50 41 4
50 42 9
50 43 102
50 44 61
50 45 589
50 46 61
50 47 57
50 48 178
50 49 3
50 51 160
50 52 3
50 54 16
50 55 18
51 0 16
51 1 53
51 2 33
51 3 141
51 4 54
51 5 137
51 6 27
51 7 124
51 8 10
51 9 92
51 10 103
51 11 34
51 12 11
51 13 1
51 14 3
51 15 314
51 16 280
51 17 390
51 18 203
51 19 164
51 20 68
51 21 61
51 22 2240
51 23 60
51 24 72
51 25 89
51 26 136
51 27 409
51 28 161
51 29 211
51 30 37
51 32 75
51 33 16
51 34 26
51 35 11
51 36 26
51 37 39
51 39 48
51 40 21
51 41 9
51 42 3
51 43 22
51 44 55
51 45 245
51 46 52
51 47 51
51 48 22
51 49 8
51 54 82
51 55 4
52 0 22
52 1 122
52 2 48
52 3 269
52 4 128
52 5 146
52 6 35
52 7 161
52 8 62
52 9 331
52 10 287
52 11 60
52 12 12
52 14 2
52 15 529
52 16 405
52 17 626
52 18 131
52 19 536
52 20 97
52 21 87
52 22 3527
52 23 55
52 24 485
52 25 115
52 26 276
52 27 1095
52 28 227
52 29 180
52 30 40
52 31 5
52 32 209
52 33 70
52 34 55
52 35 32
52 36 64
52 37 251
52 38 4
52 39 242
52 40 73
52 41 10
52 42 7
52 43 176
52 44 129
52 45 923
52 46 188
52 47 274
52 48 87
52 49 8
52 50 4
52 51 802
52 53 20
52 54 187
52 55 10
53 0 3
53 1 17
53 2 5
53 3 38
53 4 15
53 5 32
53 7 21
53 8 8
53 9 49
53 10 23
53 11 8
53 15 73
53 16 41
53 17 70
53 18 18
53 19 83
53 20 12
53 21 12
53 22 432
53 23 4
53 24 55
53 25 12
53 26 33
53 27 167
53 28 39
53 29 16
53 30 3
53 32 36
53 33 5
53 34 14
53 35 5
53 36 10
53 37 21
53 38 1
53 39 41
53 40 9
53 41 2
53 43 7
53 44 9
53 45 131
53 46 20
53 47 34
53 48 8
53 49 1
53 51 89
53 52 3
53 54 25
53 55 1
54 0 77
54 1 224
54 2 135
54 3 534
54 4 283
54 5 199
54 6 33
54 7 195
54 8 126
54 9 919
54 10 543
54 11 70
54 12 11
54 13 1
54 14 7
54 15 515
54 16 479
54 17 603
54 18 197
54 19 525
54 20 102
54 21 101
54 22 3480
54 23 53
54 24 309
54 25 170
54 26 251
54 27 1003
54 28 360
54 29 279
54 30 73
54 31 8
54 32 216
54 33 66
54 34 69
54 35 24
54 36 40
54 37 159
54 38 7
54 39 193
54 40 84
54 41 16
54 42 4
54 43 98
54 44 94
54 45 1050
54 46 154
54 47 138
54 48 85
54 49 11
54 50 3
54 51 679
54 52 9
54 53 7
54 55 12
55 3 4
55 4 1
55 5 1
55 6 2
55 7 5
55 9 1
55 10 2
55 11 1
55 15 3
55 16 2
55 17 3
55 18 2
55 19 2
55 21 3
55 22 6
55 23 2
55 24 1
55 25 7
55 27 3
55 28 3
55 29 1
55 30 2
55 32 2
55 33 1
55 34 4
55 37 1
55 40 2
55 42 1
55 43 3
55 45 3
55 46 6
55 47 1
55 48 5
55 51 2
55 53 1
55 54 1
