66	4063
0	3	28
0	6	28
0	9	28
0	12	28
0	15	28
0	17	28
0	22	28
0	26	28
0	29	200
0	36	28
0	41	28
0	42	28
0	43	86
0	44	28
0	46	143
0	55	28
0	56	28
0	60	28
1	0	4
1	1	3578
1	2	840
1	3	189
1	4	64
1	5	51
1	6	91
1	7	27
1	8	12
1	9	399
1	10	41
1	11	2
1	12	685
1	13	98
1	15	140
1	16	32
1	17	138
1	18	19
1	19	22
1	20	266
1	22	495
1	23	2
1	24	345
1	25	357
1	26	507
1	28	497
1	29	662
1	30	36
1	31	741
1	32	39
1	33	41
1	34	56
1	35	1123
1	36	49
1	37	4
1	38	103
1	39	19
1	40	76
1	41	98
1	42	3351
1	43	468
1	44	475
1	45	194
1	46	993
1	47	130
1	48	1720
1	49	470
1	50	167
1	51	418
1	52	741
1	53	263
1	54	125
1	55	874
1	56	125
1	57	147
1	58	4
1	59	22
1	60	340
1	61	24
1	62	66
1	63	93
1	64	253
1	65	283
2	0	11
2	1	585
2	2	6504
2	3	805
2	4	204
2	5	102
2	6	390
2	7	88
2	8	24
2	9	1879
2	10	206
2	11	13
2	12	188
2	13	139
2	14	4
2	15	1040
2	16	99
2	17	450
2	18	73
2	19	53
2	20	778
2	21	4
2	22	1643
2	23	2
2	24	1965
2	25	2167
2	26	1126
2	27	2
2	28	1180
2	29	2500
2	30	168
2	31	942
2	32	388
2	33	22
2	34	541
2	35	5721
2	36	279
2	37	17
2	38	525
2	39	86
2	40	135
2	41	215
2	42	996
2	43	1814
2	44	2671
2	45	215
2	46	4479
2	47	1277
2	48	3469
2	49	1493
2	50	729
2	51	1486
2	52	1635
2	53	1324
2	54	1004
2	55	4168
2	56	463
2	57	539
2	58	35
2	59	86
2	60	1055
2	61	48
2	62	102
2	63	352
2	64	878
2	65	1488
3	0	23
3	1	55
3	2	466
3	3	3740
3	4	318
3	5	197
3	6	1042
3	7	247
3	8	70
3	9	1047
3	10	137
3	11	36
3	12	36
3	13	440
3	14	2
3	15	169
3	16	234
3	17	662
3	18	182
3	19	154
3	20	2085
3	21	6
3	22	1444
3	24	361
3	25	612
3	26	234
3	27	2
3	28	371
3	29	3326
3	30	567
3	31	152
3	32	90
3	33	92
3	34	279
3	35	1941
3	36	23
3	37	47
3	38	520
3	39	109
3	40	154
3	41	1180
3	42	120
3	43	5863
3	44	3173
3	45	32
3	46	7735
3	47	432
3	48	460
3	49	601
3	50	1638
3	51	638
3	52	322
3	53	4336
3	54	189
3	55	1827
3	56	597
3	57	1522
3	58	90
3	59	199
3	60	761
3	61	165
3	62	144
3	63	776
3	64	883
3	65	227
4	0	5
4	1	85
4	2	265
4	3	389
4	4	507
4	5	177
4	6	106
4	7	29
4	8	32
4	9	481
4	10	274
4	11	50
4	12	8
4	13	132
4	14	2
4	15	62
4	16	191
4	17	761
4	18	56
4	19	32
4	20	652
4	21	2
4	22	1015
4	24	230
4	25	307
4	26	383
4	28	534
4	29	1249
4	30	274
4	31	183
4	32	67
4	33	32
4	34	126
4	35	971
4	36	11
4	37	29
4	38	67
4	39	11
4	40	398
4	41	144
4	42	100
4	43	1216
4	44	469
4	45	50
4	46	1745
4	47	109
4	48	504
4	49	785
4	50	215
4	51	605
4	52	271
4	53	1343
4	54	94
4	55	1069
4	56	369
4	57	850
4	58	17
4	59	106
4	60	419
4	61	8
4	62	29
4	63	245
4	64	540
4	65	174
5	1	5
5	2	39
5	3	58
5	4	25
5	5	120
5	6	14
5	7	42
5	8	11
5	9	16
5	10	14
5	11	11
5	13	36
5	15	5
5	16	2
5	17	22
5	19	2
5	20	98
5	22	42
5	24	8
5	25	14
5	26	36
5	28	22
5	29	47
5	30	120
5	31	22
5	33	25
5	34	8
5	35	39
5	38	14
5	39	2
5	40	11
5	41	33
5	42	5
5	43	112
5	44	53
5	45	8
5	46	120
5	47	11
5	48	11
5	49	50
5	50	14
5	51	33
5	52	8
5	53	61
5	54	5
5	55	39
5	56	25
5	57	84
5	58	2
5	59	14
5	60	19
5	61	11
5	62	19
5	63	42
5	64	28
5	65	5
6	0	11
6	1	59
6	2	278
6	3	1204
6	4	122
6	5	122
6	6	1365
6	7	98
6	8	43
6	9	787
6	10	158
6	11	23
6	12	20
6	13	151
6	14	2
6	15	85
6	16	89
6	17	223
6	18	163
6	19	50
6	20	953
6	21	4
6	22	736
6	24	218
6	25	513
6	26	161
6	28	177
6	29	2216
6	30	239
6	31	92
6	32	75
6	33	34
6	34	209
6	35	1365
6	36	6
6	37	27
6	38	405
6	39	98
6	40	43
6	41	455
6	42	110
6	43	2426
6	44	3384
6	45	29
6	46	4795
6	47	338
6	48	322
6	49	439
6	50	2021
6	51	319
6	52	158
6	53	3158
6	54	103
6	55	1047
6	56	197
6	57	552
6	58	145
6	59	52
6	60	462
6	61	209
6	62	78
6	63	421
6	64	432
6	65	140
7	0	16
7	1	122
7	2	504
7	3	2041
7	4	199
7	5	307
7	6	590
7	7	3747
7	8	88
7	9	604
7	10	141
7	11	52
7	12	36
7	13	2679
7	14	2
7	15	108
7	16	108
7	17	468
7	18	238
7	19	380
7	20	2024
7	21	36
7	22	1214
7	24	277
7	25	357
7	26	318
7	27	22
7	28	374
7	29	2063
7	30	843
7	31	285
7	32	52
7	33	144
7	34	149
7	35	1212
7	36	13
7	37	202
7	38	185
7	39	52
7	40	149
7	41	968
7	42	141
7	43	2876
7	44	1636
7	45	88
7	46	4080
7	47	219
7	48	582
7	49	685
7	50	1101
7	51	549
7	52	343
7	53	2252
7	54	144
7	55	1151
7	56	341
7	57	959
7	58	102
7	59	116
7	60	349
7	61	147
7	62	205
7	63	723
7	64	593
7	65	169
8	0	6
8	1	54
8	2	133
8	3	266
8	4	133
8	5	151
8	6	69
8	7	78
8	8	417
8	9	166
8	10	57
8	11	27
8	12	6
8	13	175
8	14	42
8	15	12
8	16	33
8	17	133
8	18	24
8	19	36
8	20	496
8	21	54
8	22	257
8	24	72
8	25	87
8	26	84
8	27	3
8	28	154
8	29	396
8	30	399
8	31	81
8	32	15
8	33	27
8	34	15
8	35	320
8	36	6
8	37	9
8	38	12
8	39	12
8	40	96
8	41	118
8	42	69
8	43	769
8	44	239
8	45	27
8	46	1002
8	47	63
8	48	172
8	49	269
8	50	163
8	51	148
8	52	115
8	53	387
8	54	27
8	55	305
8	56	63
8	57	336
8	58	6
8	59	45
8	60	133
8	61	12
8	62	1955
8	63	205
8	64	148
8	65	42
9	0	7
9	1	51
9	2	228
9	3	277
9	4	68
9	5	38
9	6	123
9	7	31
9	8	4
9	9	1971
9	10	53
9	11	12
9	12	7
9	13	21
9	15	58
9	16	80
9	17	167
9	18	19
9	19	14
9	20	294
9	22	576
9	24	240
9	25	517
9	26	230
9	28	196
9	29	3496
9	30	80
9	31	160
9	32	65
9	33	19
9	34	87
9	35	1752
9	36	17
9	37	7
9	38	114
9	39	24
9	40	97
9	41	77
9	42	87
9	43	948
9	44	1346
9	45	31
9	46	3335
9	47	403
9	48	739
9	49	347
9	50	379
9	51	330
9	52	218
9	53	1434
9	54	148
9	55	1249
9	56	279
9	57	328
9	58	34
9	59	36
9	60	690
9	61	31
9	62	12
9	63	150
9	64	539
9	65	213
10	1	14
10	2	55
10	3	120
10	4	159
10	5	57
10	6	36
10	7	12
10	8	12
10	9	123
10	10	123
10	11	14
10	12	16
10	13	84
10	15	4
10	16	41
10	17	147
10	18	2
10	19	12
10	20	212
10	22	241
10	24	38
10	25	33
10	26	91
10	28	125
10	29	277
10	30	178
10	31	36
10	32	14
10	33	4
10	34	28
10	35	219
10	37	2
10	38	24
10	39	12
10	40	86
10	41	45
10	42	28
10	43	439
10	44	181
10	45	19
10	46	676
10	47	16
10	48	113
10	49	198
10	50	72
10	51	152
10	52	77
10	53	311
10	54	24
10	55	253
10	56	111
10	57	243
10	59	41
10	60	91
10	61	7
10	62	21
10	63	99
10	64	169
10	65	16
11	2	21
11	3	33
11	5	4
11	6	8
11	7	16
11	10	8
11	11	16
11	12	4
11	15	4
11	16	21
11	17	12
11	19	4
11	20	21
11	22	46
11	24	8
11	25	16
11	26	4
11	28	16
11	29	33
11	30	33
11	31	16
11	33	8
11	34	8
11	35	8
11	38	8
11	39	4
11	40	8
11	41	8
11	42	4
11	43	63
11	44	29
11	45	4
11	46	63
11	47	4
11	48	8
11	49	21
11	50	21
11	51	16
11	53	21
11	54	8
11	55	25
11	56	21
11	57	33
11	59	4
11	60	21
11	62	8
11	63	21
11	64	8
12	1	2335
12	2	499
12	3	220
12	4	30
12	5	34
12	6	50
12	7	61
12	8	23
12	9	275
12	10	73
12	12	1650
12	13	89
12	14	3
12	15	120
12	16	27
12	17	135
12	18	54
12	19	15
12	20	251
12	22	379
12	24	298
12	25	228
12	26	410
12	28	282
12	29	534
12	30	58
12	31	615
12	32	27
12	33	19
12	34	58
12	35	910
12	36	15
12	38	92
12	39	30
12	40	30
12	41	46
12	42	2328
12	43	503
12	44	375
12	45	135
12	46	1038
12	47	189
12	48	1437
12	49	267
12	50	209
12	51	290
12	52	557
12	53	232
12	54	85
12	55	712
12	56	50
12	57	92
12	58	11
12	59	46
12	60	232
12	61	11
12	62	69
12	63	112
12	64	104
12	65	259
13	0	11
13	1	42
13	2	250
13	3	1119
13	4	173
13	5	181
13	6	367
13	7	732
13	8	41
13	9	410
13	10	74
13	11	21
13	12	17
13	13	1753
13	14	1
13	15	41
13	16	44
13	17	175
13	18	213
13	19	207
13	20	1043
13	21	7
13	22	543
13	24	127
13	25	183
13	26	146
13	27	7
13	28	134
13	29	1346
13	30	572
13	31	84
13	32	35
13	33	109
13	34	105
13	35	715
13	36	5
13	37	164
13	38	183
13	39	41
13	40	99
13	41	617
13	42	44
13	43	1760
13	44	1024
13	45	37
13	46	2538
13	47	103
13	48	222
13	49	263
13	50	744
13	51	222
13	52	164
13	53	1501
13	54	84
13	55	510
13	56	197
13	57	558
13	58	66
13	59	74
13	60	226
13	61	64
13	62	76
13	63	330
13	64	412
13	65	113
14	1	9
14	2	23
14	3	59
14	4	29
14	5	39
14	6	9
14	7	16
14	8	66
14	9	52
14	10	16
14	11	3
14	12	3
14	13	43
14	14	39
14	15	3
14	16	3
14	17	26
14	20	135
14	21	13
14	22	56
14	24	9
14	25	19
14	26	13
14	28	26
14	29	69
14	30	79
14	31	19
14	33	6
14	34	9
14	35	66
14	36	3
14	37	6
14	38	26
14	40	16
14	41	23
14	42	16
14	43	158
14	44	62
14	45	6
14	46	172
14	47	23
14	48	36
14	49	46
14	50	29
14	51	26
14	52	23
14	53	92
14	54	3
14	55	92
14	56	13
14	57	39
14	59	13
14	60	39
14	61	6
14	62	248
14	63	19
14	64	46
15	0	6
15	1	206
15	2	910
15	3	177
15	4	54
15	5	31
15	6	87
15	7	33
15	8	6
15	9	577
15	10	95
15	11	2
15	12	18
15	13	29
15	15	818
15	16	33
15	17	162
15	18	29
15	19	10
15	20	231
15	22	537
15	23	2
15	24	591
15	25	943
15	26	393
15	28	414
15	29	1052
15	30	52
15	31	281
15	32	52
15	33	4
15	34	74
15	35	2254
15	36	6
15	37	2
15	38	68
15	39	22
15	40	49
15	41	62
15	42	356
15	43	524
15	44	981
15	45	33
15	46	1699
15	47	377
15	48	1535
15	49	758
15	50	227
15	51	677
15	52	743
15	53	481
15	54	202
15	55	1766
15	56	181
15	57	181
15	58	8
15	59	20
15	60	270
15	61	16
15	62	22
15	63	116
15	64	283
15	65	685
16	0	5
16	1	10
16	2	26
16	3	104
16	4	38
16	5	8
16	6	45
16	7	10
16	8	5
16	9	128
16	10	10
16	11	8
16	13	19
16	15	10
16	16	186
16	17	153
16	18	17
16	19	1
16	20	82
16	21	1
16	22	155
16	24	26
16	25	75
16	26	29
16	28	58
16	29	952
16	30	45
16	31	21
16	32	5
16	34	5
16	35	216
16	36	1
16	37	1
16	38	19
16	39	7
16	40	33
16	41	42
16	42	17
16	43	439
16	44	186
16	45	8
16	46	943
16	47	33
16	48	68
16	49	96
16	50	59
16	51	66
16	52	40
16	53	382
16	54	14
16	55	206
16	56	82
16	57	366
16	58	8
16	59	19
16	60	79
16	61	1
16	62	15
16	63	49
16	64	114
16	65	21
17	0	16
17	1	80
17	2	275
17	3	498
17	4	271
17	5	69
17	6	144
17	7	42
17	8	14
17	9	691
17	10	123
17	11	27
17	12	25
17	13	74
17	15	118
17	16	248
17	17	1141
17	18	48
17	19	48
17	20	528
17	21	2
17	22	1081
17	23	4
17	24	246
17	25	417
17	26	330
17	28	398
17	29	3045
17	30	195
17	31	148
17	32	53
17	33	10
17	34	67
17	35	1238
17	36	10
17	37	12
17	38	101
17	39	25
17	40	161
17	41	137
17	42	74
17	43	1631
17	44	871
17	45	38
17	46	3904
17	47	163
17	48	587
17	49	545
17	50	316
17	51	685
17	52	248
17	53	1787
17	54	97
17	55	1363
17	56	574
17	57	1136
17	58	27
17	59	118
17	60	572
17	61	31
17	62	59
17	63	322
17	64	793
17	65	197
18	0	8
18	1	31
18	2	100
18	3	378
18	4	40
18	5	17
18	6	298
18	7	69
18	8	6
18	9	215
18	10	35
18	11	6
18	12	4
18	13	194
18	15	29
18	16	17
18	17	89
18	18	752
18	19	42
18	20	354
18	22	210
18	24	26
18	25	121
18	26	53
18	28	64
18	29	694
18	30	80
18	31	35
18	32	13
18	33	38
18	34	107
18	35	497
18	36	4
18	37	85
18	38	275
18	39	33
18	40	8
18	41	145
18	42	24
18	43	777
18	44	1057
18	45	8
18	46	1472
18	47	181
18	48	172
18	49	132
18	50	755
18	51	121
18	52	62
18	53	831
18	54	62
18	55	394
18	56	69
18	57	143
18	58	62
18	59	8
18	60	116
18	61	100
18	62	22
18	63	127
18	64	138
18	65	40
19	1	7
19	2	52
19	3	198
19	4	21
19	5	30
19	6	71
19	7	34
19	8	3
19	9	75
19	10	13
19	11	5
19	12	3
19	13	127
19	15	1
19	16	15
19	17	53
19	18	19
19	19	79
19	20	177
19	21	1
19	22	88
19	24	28
19	25	42
19	26	28
19	28	30
19	29	233
19	30	73
19	31	28
19	32	1
19	33	21
19	34	3
19	35	183
19	36	7
19	37	21
19	38	42
19	39	3
19	40	21
19	41	171
19	42	11
19	43	341
19	44	289
19	45	5
19	46	558
19	47	21
19	48	48
19	49	55
19	50	142
19	51	67
19	52	42
19	53	325
19	54	7
19	55	96
19	56	40
19	57	63
19	58	28
19	59	19
19	60	59
19	61	17
19	62	7
19	63	98
19	64	69
19	65	19
20	0	44
20	1	92
20	2	469
20	3	2576
20	4	382
20	5	427
20	6	580
20	7	340
20	8	94
20	9	759
20	10	156
20	11	78
20	12	36
20	13	566
20	14	5
20	15	111
20	16	273
20	17	834
20	18	187
20	19	175
20	20	3255
20	21	8
20	22	1273
20	24	265
20	25	298
20	26	323
20	27	8
20	28	572
20	29	1811
20	30	689
20	31	164
20	32	89
20	33	170
20	34	192
20	35	1300
20	36	8
20	37	67
20	38	270
20	39	92
20	40	150
20	41	1166
20	42	134
20	43	3696
20	44	1535
20	45	72
20	46	4196
20	47	209
20	48	488
20	49	826
20	50	949
20	51	764
20	52	256
20	53	2953
20	54	167
20	55	1342
20	56	469
20	57	1300
20	58	47
20	59	175
20	60	658
20	61	64
20	62	173
20	63	1035
20	64	681
20	65	245
21	0	3
21	1	47
21	2	76
21	3	249
21	4	102
21	5	117
21	6	51
21	7	197
21	8	84
21	9	95
21	10	36
21	11	7
21	12	18
21	13	344
21	14	40
21	15	25
21	16	14
21	17	80
21	18	10
21	19	43
21	20	391
21	21	84
21	22	183
21	24	25
21	25	54
21	26	65
21	27	10
21	28	113
21	29	293
21	30	175
21	31	36
21	33	58
21	34	32
21	35	190
21	36	10
21	37	3
21	38	25
21	39	3
21	40	65
21	41	87
21	42	40
21	43	468
21	44	197
21	45	14
21	46	501
21	47	7
21	48	120
21	49	135
21	50	131
21	51	95
21	52	36
21	53	326
21	54	25
21	55	285
21	56	65
21	57	186
21	58	10
21	59	21
21	60	76
21	61	40
21	62	457
21	63	175
21	64	73
21	65	29
22	0	5
22	1	91
22	2	270
22	3	335
22	4	179
22	5	55
22	6	147
22	7	38
22	8	17
22	9	529
22	10	76
22	11	11
22	12	5
22	13	64
22	15	79
22	16	158
22	17	640
22	18	79
22	19	23
22	20	320
22	21	5
22	22	1226
22	24	129
22	25	299
22	26	255
22	28	294
22	29	1514
22	30	108
22	31	167
22	32	29
22	33	14
22	34	44
22	35	817
22	36	14
22	37	20
22	38	58
22	39	29
22	40	144
22	41	108
22	42	126
22	43	837
22	44	555
22	45	52
22	46	1796
22	47	141
22	48	346
22	49	408
22	50	123
22	51	540
22	52	167
22	53	1070
22	54	76
22	55	1037
22	56	432
22	57	443
22	58	5
22	59	49
22	60	464
22	61	41
22	62	49
22	63	208
22	64	561
22	65	108
23	1	17
23	2	31
23	3	15
23	4	11
23	5	5
23	6	3
23	7	1
23	8	1
23	9	29
23	10	7
23	12	5
23	13	11
23	16	5
23	17	7
23	18	3
23	20	3
23	22	46
23	23	1
23	24	25
23	25	23
23	26	42
23	28	120
23	29	70
23	30	15
23	31	19
23	32	3
23	34	3
23	35	56
23	38	1
23	40	29
23	41	7
23	42	54
23	43	25
23	44	15
23	45	21
23	46	93
23	47	5
23	48	85
23	49	62
23	50	5
23	51	44
23	52	19
23	53	21
23	54	9
23	55	91
23	56	7
23	57	11
23	59	1
23	60	11
23	62	3
23	63	9
23	64	36
23	65	15
24	0	13
24	1	116
24	2	890
24	3	212
24	4	107
24	5	25
24	6	109
24	7	18
24	8	9
24	9	1027
24	10	135
24	11	9
24	12	37
24	13	39
24	15	244
24	16	55
24	17	284
24	18	27
24	19	16
24	20	274
24	22	722
24	24	1340
24	25	845
24	26	426
24	28	340
24	29	1701
24	30	88
24	31	293
24	32	142
24	33	16
24	34	158
24	35	2724
24	36	46
24	37	4
24	38	111
24	39	48
24	40	69
24	41	46
24	42	172
24	43	776
24	44	1505
24	45	79
24	46	2153
24	47	605
24	48	1127
24	49	556
24	50	305
24	51	622
24	52	440
24	53	769
24	54	389
24	55	1948
24	56	258
24	57	281
24	58	9
24	59	62
24	60	577
24	61	30
24	62	46
24	63	100
24	64	482
24	65	727
25	0	12
25	1	75
25	2	480
25	3	360
25	4	126
25	5	26
25	6	140
25	7	18
25	8	12
25	9	899
25	10	89
25	11	14
25	12	30
25	13	61
25	14	2
25	15	166
25	16	67
25	17	244
25	18	22
25	19	8
25	20	337
25	21	2
25	22	795
25	24	384
25	25	1752
25	26	659
25	27	2
25	28	726
25	29	1650
25	30	109
25	31	221
25	32	54
25	33	16
25	34	105
25	35	2444
25	36	22
25	37	2
25	38	105
25	39	28
25	40	93
25	41	77
25	42	156
25	43	887
25	44	1019
25	45	44
25	46	2296
25	47	364
25	48	977
25	49	745
25	50	284
25	51	802
25	52	405
25	53	1310
25	54	124
25	55	2369
25	56	297
25	57	368
25	58	18
25	59	44
25	60	567
25	61	20
25	62	28
25	63	160
25	64	535
25	65	405
26	0	4
26	1	174
26	2	407
26	3	286
26	4	98
26	5	36
26	6	80
26	7	42
26	8	18
26	9	523
26	10	68
26	11	8
26	12	30
26	13	44
26	15	164
26	16	48
26	17	244
26	18	18
26	19	20
26	20	292
26	22	727
26	23	2
26	24	310
26	25	621
26	26	1263
26	27	2
26	28	1042
26	29	986
26	30	94
26	31	338
26	32	38
26	33	10
26	34	74
26	35	1339
26	36	8
26	37	14
26	38	84
26	39	22
26	40	118
26	41	70
26	42	348
26	43	629
26	44	659
26	45	96
26	46	1505
26	47	190
26	48	1177
26	49	561
26	50	188
26	51	607
26	52	509
26	53	629
26	54	88
26	55	1475
26	56	222
26	57	200
26	58	22
26	59	48
26	60	435
26	61	10
26	62	62
26	63	152
26	64	439
26	65	260
27	1	8
27	2	26
27	3	87
27	4	8
27	5	69
27	6	17
27	7	87
27	8	17
27	9	52
27	10	8
27	13	165
27	14	8
27	15	8
27	16	26
27	17	60
27	18	26
27	19	8
27	20	174
27	21	8
27	22	60
27	24	8
27	25	8
27	26	8
27	27	34
27	28	17
27	29	69
27	30	34
27	31	26
27	33	34
27	35	69
27	37	8
27	38	8
27	40	8
27	41	52
27	42	26
27	43	130
27	44	69
27	46	87
27	48	52
27	49	34
27	50	43
27	51	69
27	52	17
27	53	26
27	55	60
27	56	17
27	57	60
27	60	34
27	62	69
27	63	60
27	64	78
27	65	8
28	0	39
28	1	619
28	2	1335
28	3	772
28	4	457
28	5	194
28	6	308
28	7	103
28	8	45
28	9	1532
28	10	302
28	11	24
28	12	103
28	13	242
28	14	4
28	15	465
28	16	147
28	17	776
28	18	84
28	19	49
28	20	1107
28	21	12
28	22	2159
28	23	2
28	24	857
28	25	1598
28	26	2356
28	27	4
28	28	7964
28	29	3162
28	30	480
28	31	1375
28	32	126
28	33	55
28	34	176
28	35	3715
28	36	41
28	37	16
28	38	180
28	39	45
28	40	687
28	41	277
28	42	952
28	43	2188
28	44	1667
28	45	434
28	46	5121
28	47	588
28	48	4083
28	49	2702
28	50	650
28	51	2520
28	52	1648
28	53	2072
28	54	271
28	55	3976
28	56	712
28	57	867
28	58	28
28	59	93
28	60	1093
28	61	57
28	62	173
28	63	538
28	64	1507
28	65	824
29	0	114
29	1	108
29	2	262
29	3	376
29	4	188
29	5	79
29	6	194
29	7	114
29	8	39
29	9	770
29	10	119
29	11	17
29	12	45
29	13	68
29	15	142
29	16	239
29	17	353
29	18	39
29	19	17
29	20	319
29	22	553
29	24	176
29	25	228
29	26	154
29	27	5
29	28	216
29	29	8267
29	30	125
29	31	91
29	32	45
29	33	34
29	34	51
29	35	964
29	36	22
29	37	17
29	38	159
29	39	57
29	40	57
29	41	171
29	42	228
29	43	1741
29	44	1404
29	45	62
29	46	4744
29	47	211
29	48	411
29	49	291
29	50	456
29	51	376
29	52	234
29	53	1741
29	54	85
29	55	1056
29	56	536
29	57	1061
29	58	17
29	59	68
29	60	502
29	61	11
29	62	79
29	63	262
29	64	622
29	65	114
30	0	27
30	1	137
30	2	244
30	3	738
30	4	204
30	5	412
30	6	241
30	7	137
30	8	207
30	9	329
30	10	161
30	11	100
30	12	30
30	13	354
30	14	12
30	15	30
30	16	143
30	17	497
30	18	67
30	19	45
30	20	1398
30	21	36
30	22	662
30	24	122
30	25	216
30	26	259
30	27	3
30	28	296
30	29	805
30	30	1724
30	31	183
30	32	21
30	33	64
30	34	64
30	35	699
30	36	21
30	37	6
30	38	54
30	39	30
30	40	131
30	41	268
30	42	97
30	43	1587
30	44	610
30	45	54
30	46	1810
30	47	115
30	48	448
30	49	573
30	50	329
30	51	442
30	52	213
30	53	921
30	54	94
30	55	686
30	56	247
30	57	735
30	58	12
30	59	112
30	60	390
30	61	48
30	62	427
30	63	515
30	64	445
30	65	91
31	0	2
31	1	919
31	2	858
31	3	309
31	4	199
31	5	52
31	6	88
31	7	54
31	8	12
31	9	723
31	10	75
31	11	2
31	12	122
31	13	56
31	15	254
31	16	86
31	17	359
31	18	21
31	19	18
31	20	408
31	22	1064
31	23	6
31	24	498
31	25	879
31	26	1152
31	28	1365
31	29	1518
31	30	107
31	31	2261
31	32	75
31	33	12
31	34	90
31	35	2200
31	36	21
31	37	6
31	38	115
31	39	12
31	40	180
31	41	84
31	42	1375
31	43	746
31	44	849
31	45	456
31	46	2294
31	47	336
31	48	4421
31	49	1053
31	50	220
31	51	1009
31	52	1474
31	53	687
31	54	191
31	55	1865
31	56	248
31	57	344
31	58	21
31	59	82
31	60	488
31	61	25
31	62	75
31	63	161
31	64	504
31	65	767
32	0	2
32	1	22
32	2	344
32	3	170
32	4	22
32	5	15
32	6	114
32	7	35
32	8	10
32	9	558
32	10	35
32	11	5
32	12	20
32	13	22
32	15	107
32	16	17
32	17	94
32	18	17
32	19	5
32	20	117
32	22	290
32	24	298
32	25	400
32	26	109
32	28	142
32	29	538
32	30	45
32	31	79
32	32	729
32	33	22
32	34	308
32	35	1076
32	36	10
32	37	5
32	38	234
32	39	33
32	40	38
32	41	66
32	42	66
32	43	313
32	44	1109
32	45	15
32	46	1158
32	47	1181
32	48	640
32	49	262
32	50	313
32	51	242
32	52	170
32	53	334
32	54	377
32	55	880
32	56	79
32	57	112
32	58	5
32	59	15
32	60	181
32	61	20
32	62	38
32	63	61
32	64	163
32	65	142
33	0	10
33	1	48
33	2	122
33	3	841
33	4	85
33	5	98
33	6	195
33	7	162
33	8	26
33	9	273
33	10	39
33	11	13
33	12	4
33	13	339
33	15	32
33	16	50
33	17	162
33	18	52
33	19	46
33	20	940
33	21	8
33	22	322
33	23	2
33	24	85
33	25	118
33	26	74
33	27	2
33	28	138
33	29	799
33	30	365
33	31	61
33	32	21
33	33	177
33	34	72
33	35	477
33	36	4
33	37	10
33	38	94
33	39	13
33	40	109
33	41	381
33	42	46
33	43	1251
33	44	591
33	45	6
33	46	1689
33	47	81
33	48	214
33	49	243
33	50	333
33	51	214
33	52	113
33	53	1108
33	54	74
33	55	449
33	56	120
33	57	414
33	58	30
33	59	54
33	60	205
33	61	21
33	62	56
33	63	328
33	64	199
33	65	70
34	1	58
34	2	311
34	3	263
34	4	68
34	5	29
34	6	142
34	7	29
34	8	10
34	9	495
34	10	47
34	11	5
34	12	13
34	13	58
34	15	105
34	16	31
34	17	176
34	18	102
34	19	31
34	20	261
34	22	274
34	24	189
34	25	232
34	26	102
34	28	134
34	29	659
34	30	65
34	31	174
34	32	155
34	33	13
34	34	2603
34	35	941
34	36	23
34	37	23
34	38	1675
34	39	126
34	40	29
34	41	84
34	42	87
34	43	527
34	44	1427
34	45	21
34	46	1353
34	47	435
34	48	401
34	49	245
34	50	503
34	51	224
34	52	137
34	53	493
34	54	234
34	55	672
34	56	94
34	57	179
34	58	31
34	59	29
34	60	171
34	61	97
34	62	68
34	63	113
34	64	179
34	65	171
35	0	4
35	1	150
35	2	572
35	3	374
35	4	179
35	5	58
35	6	202
35	7	37
35	8	6
35	9	1786
35	10	114
35	11	6
35	12	43
35	13	96
35	15	196
35	16	85
35	17	403
35	18	33
35	19	25
35	20	491
35	21	2
35	22	1084
35	23	4
35	24	639
35	25	1377
35	26	488
35	28	476
35	29	3207
35	30	156
35	31	252
35	32	119
35	33	29
35	34	150
35	35	5063
35	36	27
35	37	25
35	38	236
35	39	73
35	40	91
35	41	167
35	42	169
35	43	1159
35	44	1981
35	45	52
35	46	3769
35	47	687
35	48	1429
35	49	716
35	50	568
35	51	779
35	52	524
35	53	1981
35	54	242
35	55	2915
35	56	342
35	57	472
35	58	25
35	59	60
35	60	877
35	61	27
35	62	43
35	63	183
35	64	752
35	65	587
36	1	110
36	2	866
36	3	150
36	4	19
36	5	19
36	6	48
36	7	19
36	8	5
36	9	161
36	10	22
36	12	31
36	13	19
36	14	2
36	15	76
36	16	14
36	17	48
36	18	19
36	19	5
36	20	138
36	22	260
36	23	2
36	24	266
36	25	209
36	26	164
36	28	181
36	29	297
36	30	36
36	31	90
36	32	56
36	33	2
36	34	121
36	35	617
36	36	1651
36	37	2
36	38	76
36	39	11
36	40	22
36	41	56
36	42	121
36	43	320
36	44	300
36	45	33
36	46	413
36	47	144
36	48	458
36	49	175
36	50	87
36	51	189
36	52	226
36	53	172
36	54	110
36	55	433
36	56	48
36	57	82
36	58	11
36	59	14
36	60	135
36	61	11
36	62	59
36	63	45
36	64	99
36	65	164
37	2	27
37	3	119
37	4	6
37	5	6
37	6	51
37	7	68
37	8	6
37	9	47
37	10	6
37	12	3
37	13	126
37	15	17
37	17	23
37	18	95
37	19	6
37	20	99
37	22	58
37	24	27
37	25	20
37	26	17
37	28	27
37	29	198
37	30	34
37	31	10
37	32	6
37	33	6
37	34	47
37	35	126
37	37	92
37	38	47
37	39	13
37	40	10
37	41	41
37	42	10
37	43	191
37	44	198
37	45	6
37	46	315
37	47	37
37	48	20
37	49	51
37	50	161
37	51	44
37	52	13
37	53	157
37	54	27
37	55	95
37	56	17
37	57	34
37	58	6
37	59	3
37	60	23
37	61	30
37	62	20
37	63	17
37	64	17
37	65	17
38	0	2
38	1	29
38	2	150
38	3	155
38	4	24
38	5	38
38	6	107
38	7	29
38	8	2
38	9	389
38	10	60
38	12	14
38	13	41
38	15	41
38	16	17
38	17	68
38	18	94
38	19	4
38	20	255
38	21	4
38	22	172
38	23	4
38	24	133
38	25	206
38	26	77
38	28	97
38	29	460
38	30	31
38	31	60
38	32	46
38	33	7
38	34	632
38	35	642
38	36	12
38	37	2
38	38	1353
38	39	141
38	40	19
38	41	90
38	42	46
38	43	428
38	44	1652
38	45	17
38	46	1078
38	47	228
38	48	231
38	49	155
38	50	664
38	51	73
38	52	94
38	53	404
38	54	92
38	55	445
38	56	63
38	57	111
38	58	26
38	59	12
38	60	119
38	61	153
38	62	41
38	63	99
38	64	80
38	65	85
39	0	2
39	1	22
39	2	80
39	3	258
39	4	5
39	5	19
39	6	64
39	7	11
39	9	247
39	10	30
39	12	13
39	13	30
39	15	22
39	16	30
39	17	77
39	18	30
39	19	13
39	20	197
39	21	2
39	22	155
39	23	2
39	24	50
39	25	150
39	26	47
39	27	2
39	28	44
39	29	534
39	30	36
39	31	33
39	32	38
39	33	8
39	34	141
39	35	381
39	36	5
39	37	2
39	38	400
39	39	372
39	40	5
39	41	52
39	42	25
39	43	317
39	44	1569
39	45	8
39	46	1002
39	47	175
39	48	155
39	49	128
39	50	372
39	51	94
39	52	44
39	53	283
39	54	64
39	55	359
39	56	33
39	57	91
39	58	5
39	59	8
39	60	125
39	61	22
39	62	30
39	63	64
39	64	94
39	65	52
40	0	6
40	1	76
40	2	271
40	3	233
40	4	229
40	5	109
40	6	64
40	7	39
40	8	26
40	9	306
40	10	86
40	11	6
40	12	10
40	13	84
40	15	103
40	16	76
40	17	283
40	18	24
40	19	20
40	20	376
40	22	674
40	23	4
40	24	151
40	25	335
40	26	362
40	28	765
40	29	817
40	30	196
40	31	157
40	32	26
40	33	20
40	34	31
40	35	771
40	36	6
40	37	14
40	38	35
40	39	16
40	40	1053
40	41	107
40	42	95
40	43	769
40	44	337
40	45	76
40	46	1462
40	47	97
40	48	502
40	49	682
40	50	146
40	51	556
40	52	260
40	53	604
40	54	49
40	55	910
40	56	223
40	57	399
40	58	2
40	59	80
40	60	277
40	61	14
40	62	86
40	63	151
40	64	475
40	65	128
41	0	22
41	1	62
41	2	368
41	3	2262
41	4	251
41	5	209
41	6	896
41	7	241
41	8	34
41	9	842
41	10	122
41	11	16
41	12	16
41	13	485
41	14	2
41	15	90
41	16	130
41	17	402
41	18	187
41	19	261
41	20	1585
41	21	8
41	22	894
41	24	304
41	25	360
41	26	189
41	27	2
41	28	334
41	29	2209
41	30	545
41	31	100
41	32	60
41	33	70
41	34	235
41	35	1500
41	36	6
41	37	62
41	38	356
41	39	86
41	40	98
41	41	1831
41	42	82
41	43	3471
41	44	2465
41	45	32
41	46	5004
41	47	282
41	48	346
41	49	505
41	50	1404
41	51	493
41	52	173
41	53	3408
41	54	159
41	55	1154
41	56	344
41	57	954
41	58	155
41	59	108
41	60	515
41	61	112
41	62	100
41	63	699
41	64	745
41	65	179
42	0	5
42	1	3417
42	2	927
42	3	260
42	4	75
42	5	32
42	6	60
42	7	37
42	8	20
42	9	353
42	10	30
42	11	5
42	12	626
42	13	96
42	14	2
42	15	194
42	16	37
42	17	217
42	18	45
42	19	20
42	20	197
42	21	2
42	22	444
42	23	7
42	24	265
42	25	305
42	26	543
42	28	687
42	29	609
42	30	75
42	31	1079
42	32	48
42	33	22
42	34	103
42	35	879
42	36	35
42	37	17
42	38	106
42	39	17
42	40	88
42	41	53
42	42	5232
42	43	485
42	44	447
42	45	338
42	46	945
42	47	149
42	48	1824
42	49	396
42	50	164
42	51	394
42	52	856
42	53	308
42	54	98
42	55	1016
42	56	154
42	57	194
42	58	5
42	59	20
42	60	250
42	61	15
42	62	85
42	63	106
42	64	212
42	65	235
43	0	17
43	1	45
43	2	271
43	3	1208
43	4	115
43	5	115
43	6	457
43	7	93
43	8	35
43	9	984
43	10	69
43	11	21
43	12	17
43	13	139
43	15	111
43	16	129
43	17	411
43	18	69
43	19	45
43	20	1136
43	22	892
43	23	3
43	24	227
43	25	441
43	26	233
43	28	289
43	29	3091
43	30	305
43	31	129
43	32	75
43	33	25
43	34	149
43	35	1605
43	36	11
43	37	33
43	38	273
43	39	69
43	40	55
43	41	311
43	42	73
43	43	5373
43	44	2989
43	45	37
43	46	8714
43	47	467
43	48	521
43	49	411
43	50	1082
43	51	337
43	52	197
43	53	3039
43	54	113
43	55	1357
43	56	399
43	57	1389
43	58	49
43	59	101
43	60	457
43	61	53
43	62	91
43	63	465
43	64	515
43	65	143
44	0	8
44	1	28
44	2	190
44	3	489
44	4	66
44	5	54
44	6	190
44	7	48
44	8	23
44	9	930
44	10	51
44	11	2
44	12	14
44	13	126
44	15	69
44	16	86
44	17	132
44	18	71
44	19	17
44	20	443
44	21	8
44	22	449
44	23	2
44	24	184
44	25	391
44	26	155
44	27	2
44	28	152
44	29	2392
44	30	118
44	31	71
44	32	60
44	33	14
44	34	213
44	35	1281
44	36	2
44	37	25
44	38	227
44	39	95
44	40	54
44	41	95
44	42	115
44	43	1379
44	44	5156
44	45	34
44	46	4385
44	47	501
44	48	524
44	49	241
44	50	716
44	51	227
44	52	167
44	53	1503
44	54	109
44	55	1114
44	56	164
44	57	457
44	58	28
44	59	43
44	60	259
44	61	37
44	62	71
44	63	198
44	64	339
44	65	103
45	0	5
45	1	466
45	2	635
45	3	281
45	4	155
45	5	31
45	6	64
45	7	33
45	8	21
45	9	400
45	10	58
45	11	5
45	12	122
45	13	68
45	14	1
45	15	161
45	16	25
45	17	169
45	18	27
45	19	15
45	20	313
45	22	698
45	23	5
45	24	326
45	25	542
45	26	791
45	28	1580
45	29	917
45	30	120
45	31	978
45	32	35
45	33	13
45	34	62
45	35	1094
45	36	13
45	37	5
45	38	77
45	39	13
45	40	196
45	41	68
45	42	981
45	43	501
45	44	402
45	45	1176
45	46	1359
45	47	161
45	48	2006
45	49	663
45	50	136
45	51	530
45	52	950
45	53	546
45	54	118
45	55	1133
45	56	167
45	57	229
45	58	3
45	59	52
45	60	281
45	61	21
45	62	54
45	63	68
45	64	289
45	65	346
46	0	3
46	1	10
46	2	44
46	3	77
46	4	16
46	5	12
46	6	28
46	7	7
46	8	1
46	9	190
46	10	7
46	13	8
46	15	30
46	16	23
46	17	55
46	18	12
46	19	12
46	20	97
46	21	1
46	22	133
46	24	32
46	25	73
46	26	46
46	28	26
46	29	584
46	30	35
46	31	25
46	32	5
46	33	1
46	34	25
46	35	320
46	36	1
46	37	1
46	38	41
46	39	19
46	40	3
46	41	19
46	42	14
46	43	321
46	44	501
46	45	8
46	46	2185
46	47	95
46	48	147
46	49	77
46	50	100
46	51	77
46	52	25
46	53	377
46	54	23
46	55	359
46	56	43
46	57	165
46	58	14
46	59	7
46	60	71
46	61	10
46	62	8
46	63	48
46	64	79
46	65	30
47	1	25
47	2	93
47	3	70
47	4	9
47	5	9
47	6	28
47	7	6
47	8	6
47	9	475
47	10	35
47	12	3
47	13	6
47	15	32
47	16	9
47	17	57
47	18	19
47	19	19
47	20	109
47	22	99
47	24	99
47	25	154
47	26	86
47	28	73
47	29	485
47	30	6
47	31	54
47	32	96
47	34	54
47	35	855
47	36	3
47	38	73
47	39	16
47	40	6
47	41	22
47	42	57
47	43	196
47	44	733
47	45	9
47	46	807
47	47	675
47	48	418
47	49	109
47	50	109
47	51	144
47	52	73
47	53	295
47	54	112
47	55	488
47	56	83
47	57	57
47	58	19
47	59	3
47	60	141
47	61	3
47	62	3
47	63	48
47	64	96
47	65	57
48	0	15
48	1	951
48	2	1505
48	3	405
48	4	262
48	5	99
48	6	187
48	7	72
48	8	30
48	9	1086
48	10	204
48	11	13
48	12	174
48	13	125
48	14	2
48	15	416
48	16	105
48	17	588
48	18	19
48	19	37
48	20	577
48	21	2
48	22	1679
48	24	747
48	25	1289
48	26	2080
48	27	2
48	28	2860
48	29	1987
48	30	187
48	31	2269
48	32	96
48	33	19
48	34	171
48	35	2904
48	36	28
48	37	11
48	38	154
48	39	28
48	40	345
48	41	96
48	42	1427
48	43	1251
48	44	1187
48	45	559
48	46	3146
48	47	372
48	48	6716
48	49	1447
48	50	407
48	51	1364
48	52	2556
48	53	1364
48	54	255
48	55	2864
48	56	471
48	57	493
48	58	15
48	59	68
48	60	786
48	61	13
48	62	127
48	63	251
48	64	868
48	65	1068
49	0	3
49	1	47
49	2	188
49	3	184
49	4	196
49	5	45
49	6	59
49	7	23
49	8	1
49	9	405
49	10	81
49	11	7
49	12	19
49	13	51
49	15	99
49	16	55
49	17	316
49	18	17
49	19	7
49	20	353
49	22	648
49	24	159
49	25	306
49	26	413
49	28	660
49	29	886
49	30	151
49	31	184
49	32	25
49	33	3
49	34	37
49	35	741
49	36	1
49	37	7
49	38	17
49	39	5
49	40	280
49	41	69
49	42	129
49	43	590
49	44	355
49	45	29
49	46	1280
49	47	97
49	48	431
49	49	940
49	50	131
49	51	656
49	52	250
49	53	692
49	54	55
49	55	966
49	56	234
49	57	260
49	58	1
49	59	61
49	60	318
49	61	9
49	62	39
49	63	159
49	64	435
49	65	131
50	0	14
50	1	29
50	2	89
50	3	388
50	4	34
50	5	39
50	6	323
50	7	79
50	8	12
50	9	348
50	10	72
50	11	12
50	12	9
50	13	104
50	14	2
50	15	29
50	16	22
50	17	109
50	18	104
50	19	7
50	20	445
50	22	311
50	23	2
50	24	104
50	25	233
50	26	69
50	28	102
50	29	952
50	30	72
50	31	42
50	32	37
50	33	7
50	34	166
50	35	696
50	36	9
50	37	24
50	38	348
50	39	54
50	40	9
50	41	109
50	42	42
50	43	985
50	44	2070
50	45	9
50	46	2182
50	47	211
50	48	124
50	49	154
50	50	1674
50	51	186
50	52	89
50	53	955
50	54	42
50	55	525
50	56	69
50	57	343
50	58	49
50	59	34
50	60	213
50	61	99
50	62	44
50	63	149
50	64	184
50	65	49
51	0	24
51	1	173
51	2	817
51	3	773
51	4	457
51	5	151
51	6	286
51	7	110
51	8	35
51	9	1093
51	10	162
51	11	44
51	12	38
51	13	110
51	15	212
51	16	294
51	17	1104
51	18	68
51	19	52
51	20	922
51	21	13
51	22	2414
51	23	5
51	24	616
51	25	1073
51	26	1467
51	28	1652
51	29	2547
51	30	300
51	31	498
51	32	93
51	33	19
51	34	154
51	35	2704
51	36	41
51	37	11
51	38	176
51	39	38
51	40	413
51	41	225
51	42	440
51	43	2062
51	44	1310
51	45	176
51	46	3910
51	47	346
51	48	1475
51	49	1773
51	50	418
51	51	3128
51	52	773
51	53	2403
51	54	167
51	55	3689
51	56	831
51	57	983
51	58	11
51	59	165
51	60	1550
51	61	41
51	62	79
51	63	457
51	64	1140
51	65	561
52	0	15
52	1	1004
52	2	1754
52	3	445
52	4	243
52	5	63
52	6	164
52	7	60
52	8	18
52	9	1099
52	10	117
52	11	9
52	12	211
52	13	81
52	15	612
52	16	103
52	17	477
52	18	51
52	19	24
52	20	497
52	22	1225
52	23	2
52	24	862
52	25	1378
52	26	1545
52	28	1612
52	29	2051
52	30	128
52	31	1518
52	32	168
52	33	20
52	34	180
52	35	3743
52	36	42
52	37	15
52	38	186
52	39	22
52	40	135
52	41	114
52	42	1403
52	43	1051
52	44	1549
52	45	232
52	46	3387
52	47	619
52	48	5498
52	49	1484
52	50	351
52	51	1349
52	52	3013
52	53	1193
52	54	315
52	55	3288
52	56	351
52	57	355
52	58	11
52	59	47
52	60	709
52	61	27
52	62	112
52	63	247
52	64	673
52	65	1317
53	0	14
53	1	29
53	2	114
53	3	207
53	4	53
53	5	34
53	6	104
53	7	14
53	9	705
53	10	39
53	11	9
53	12	19
53	13	36
53	14	4
53	15	65
53	16	53
53	17	100
53	18	24
53	19	9
53	20	207
53	22	344
53	24	114
53	25	270
53	26	109
53	28	87
53	29	3043
53	30	78
53	31	70
53	32	31
53	33	14
53	34	61
53	35	795
53	36	12
53	37	9
53	38	124
53	39	34
53	40	24
53	41	68
53	42	75
53	43	885
53	44	1459
53	45	12
53	46	4209
53	47	300
53	48	331
53	49	209
53	50	400
53	51	202
53	52	129
53	53	2111
53	54	56
53	55	732
53	56	175
53	57	388
53	58	19
53	59	24
53	60	226
53	61	24
53	62	19
53	63	104
53	64	336
53	65	107
54	1	40
54	2	591
54	3	147
54	4	51
54	5	10
54	6	72
54	7	18
54	8	10
54	9	475
54	10	40
54	11	5
54	12	18
54	13	24
54	15	161
54	16	21
54	17	99
54	18	29
54	19	5
54	20	163
54	22	325
54	24	521
54	25	459
54	26	131
54	28	206
54	29	602
54	30	34
54	31	86
54	32	169
54	33	10
54	34	185
54	35	1255
54	36	18
54	37	13
54	38	158
54	39	32
54	40	13
54	41	59
54	42	69
54	43	370
54	44	749
54	45	10
54	46	932
54	47	553
54	48	518
54	49	268
54	50	220
54	51	295
54	52	193
54	53	268
54	54	526
54	55	924
54	56	94
54	57	91
54	58	21
54	60	188
54	61	10
54	62	32
54	63	75
54	64	129
54	65	301
55	0	27
55	1	192
55	2	733
55	3	725
55	4	213
55	5	106
55	6	185
55	7	63
55	8	32
55	9	1073
55	10	93
55	11	38
55	12	43
55	13	86
55	15	337
55	16	167
55	17	631
55	18	45
55	19	35
55	20	669
55	21	5
55	22	1606
55	24	492
55	25	1253
55	26	1124
55	27	2
55	28	1096
55	29	2702
55	30	180
55	31	439
55	32	131
55	33	12
55	34	203
55	35	3228
55	36	27
55	37	10
55	38	182
55	39	20
55	40	225
55	41	185
55	42	281
55	43	1804
55	44	1332
55	45	129
55	46	3720
55	47	456
55	48	1459
55	49	999
55	50	433
55	51	1781
55	52	601
55	53	2273
55	54	187
55	55	5169
55	56	558
55	57	725
55	58	12
55	59	78
55	60	1347
55	61	40
55	62	83
55	63	327
55	64	1152
55	65	477
56	0	11
56	1	28
56	2	78
56	3	226
56	4	51
56	5	19
56	6	70
56	7	13
56	8	17
56	9	425
56	10	21
56	11	11
56	12	15
56	13	15
56	15	38
56	16	101
56	17	205
56	18	13
56	19	9
56	20	220
56	22	369
56	24	105
56	25	283
56	26	126
56	28	159
56	29	2933
56	30	86
56	31	49
56	32	21
56	33	3
56	34	32
56	35	593
56	36	5
56	37	9
56	38	55
56	39	24
56	40	40
56	41	42
56	42	47
56	43	756
56	44	505
56	45	17
56	46	2105
56	47	116
56	48	226
56	49	185
56	50	160
56	51	227
56	52	74
56	53	823
56	54	26
56	55	546
56	56	540
56	57	477
56	58	17
56	59	57
56	60	312
56	61	22
56	62	19
56	63	72
56	64	419
56	65	86
57	0	12
57	1	22
57	2	180
57	3	444
57	4	124
57	5	64
57	6	153
57	7	93
57	8	10
57	9	497
57	10	66
57	11	64
57	12	14
57	13	76
57	15	103
57	16	219
57	17	441
57	18	37
57	19	37
57	20	545
57	22	541
57	24	151
57	25	176
57	26	178
57	28	226
57	29	1578
57	30	161
57	31	126
57	32	41
57	33	22
57	34	70
57	35	734
57	36	8
57	37	8
57	38	87
57	39	18
57	40	70
57	41	134
57	42	39
57	43	1510
57	44	825
57	45	39
57	46	3842
57	47	116
57	48	400
57	49	371
57	50	153
57	51	388
57	52	101
57	53	1342
57	54	56
57	55	888
57	56	325
57	57	2054
57	58	4
57	59	145
57	60	334
57	61	24
57	62	35
57	63	290
57	64	444
57	65	49
58	1	23
58	2	111
58	3	589
58	4	49
58	5	71
58	6	415
58	7	49
58	8	11
58	9	370
58	10	78
58	11	2
58	12	7
58	13	118
58	15	49
58	16	21
58	17	116
58	18	92
58	19	78
58	20	482
58	22	292
58	24	87
58	25	349
58	26	99
58	28	52
58	29	1109
58	30	109
58	31	54
58	32	19
58	33	19
58	34	92
58	35	629
58	36	4
58	37	14
58	38	161
58	39	28
58	40	19
58	41	251
58	42	64
58	43	1069
58	44	1366
58	45	4
58	46	2435
58	47	197
58	48	289
58	49	211
58	50	1249
58	51	194
58	52	64
58	53	1359
58	54	47
58	55	465
58	56	80
58	57	225
58	58	534
58	59	21
58	60	149
58	61	52
58	62	28
58	63	294
58	64	163
58	65	83
59	0	9
59	1	19
59	2	107
59	3	253
59	4	128
59	5	76
59	6	52
59	7	71
59	8	11
59	9	212
59	10	83
59	11	28
59	12	4
59	13	74
59	15	38
59	16	169
59	17	350
59	18	19
59	19	11
59	20	391
59	22	467
59	24	42
59	25	88
59	26	83
59	27	2
59	28	148
59	29	907
59	30	148
59	31	69
59	32	2
59	33	11
59	34	69
59	35	379
59	36	4
59	37	7
59	38	45
59	39	14
59	40	71
59	41	74
59	42	31
59	43	807
59	44	327
59	45	26
59	46	1387
59	47	69
59	48	181
59	49	214
59	50	152
59	51	188
59	52	83
59	53	783
59	54	26
59	55	482
59	56	212
59	57	790
59	58	2
59	59	148
59	60	164
59	61	14
59	62	26
59	63	164
59	64	339
59	65	47
60	0	17
60	1	28
60	2	220
60	3	289
60	4	92
60	5	28
60	6	63
60	7	9
60	8	9
60	9	745
60	10	30
60	11	13
60	12	13
60	13	50
60	15	67
60	16	77
60	17	239
60	18	36
60	19	3
60	20	291
60	22	691
60	24	224
60	25	504
60	26	210
60	28	260
60	29	2290
60	30	81
60	31	94
60	32	42
60	33	25
60	34	100
60	35	1373
60	36	7
60	37	5
60	38	96
60	39	9
60	40	81
60	41	48
60	42	77
60	43	898
60	44	1002
60	45	27
60	46	2804
60	47	264
60	48	490
60	49	397
60	50	235
60	51	339
60	52	150
60	53	1558
60	54	67
60	55	1469
60	56	349
60	57	434
60	58	5
60	59	57
60	60	1168
60	61	19
60	62	19
60	63	127
60	64	699
60	65	166
61	1	18
61	2	38
61	3	200
61	4	40
61	5	22
61	6	124
61	7	34
61	9	138
61	10	28
61	11	2
61	12	2
61	13	44
61	14	2
61	15	16
61	16	16
61	17	42
61	18	142
61	19	10
61	20	174
61	22	154
61	24	56
61	25	56
61	26	22
61	28	30
61	29	348
61	30	54
61	31	10
61	32	22
61	33	6
61	34	186
61	35	272
61	36	2
61	37	4
61	38	360
61	39	42
61	40	10
61	41	84
61	42	14
61	43	426
61	44	673
61	45	2
61	46	731
61	47	108
61	48	70
61	49	84
61	50	428
61	51	100
61	52	30
61	53	462
61	54	24
61	55	236
61	56	34
61	57	134
61	58	24
61	59	16
61	60	88
61	61	226
61	62	20
61	63	74
61	64	100
61	65	20
62	0	10
62	1	102
62	2	192
62	3	504
62	4	205
62	5	157
62	6	96
62	7	113
62	8	1069
62	9	322
62	10	137
62	11	34
62	12	30
62	13	174
62	14	44
62	15	48
62	16	24
62	17	267
62	18	65
62	19	75
62	20	778
62	21	48
62	22	545
62	23	6
62	24	133
62	25	137
62	26	222
62	27	3
62	28	370
62	29	768
62	30	497
62	31	157
62	32	30
62	33	68
62	34	48
62	35	555
62	36	10
62	37	13
62	38	92
62	39	30
62	40	305
62	41	205
62	42	99
62	43	1169
62	44	600
62	45	58
62	46	1920
62	47	126
62	48	445
62	49	507
62	50	301
62	51	387
62	52	171
62	53	627
62	54	61
62	55	665
62	56	157
62	57	445
62	58	24
62	59	75
62	60	240
62	61	10
62	62	7608
62	63	274
62	64	428
62	65	48
63	0	40
63	1	76
63	2	444
63	3	1554
63	4	321
63	5	247
63	6	515
63	7	142
63	8	79
63	9	806
63	10	97
63	11	74
63	12	12
63	13	285
63	15	165
63	16	255
63	17	906
63	18	125
63	19	76
63	20	1917
63	21	5
63	22	1245
63	23	2
63	24	316
63	25	331
63	26	306
63	28	444
63	29	2848
63	30	525
63	31	229
63	32	81
63	33	66
63	34	188
63	35	1386
63	36	25
63	37	28
63	38	275
63	39	43
63	40	130
63	41	492
63	42	130
63	43	4459
63	44	1728
63	45	35
63	46	7341
63	47	239
63	48	490
63	49	707
63	50	811
63	51	681
63	52	398
63	53	2555
63	54	117
63	55	1677
63	56	663
63	57	2042
63	58	56
63	59	196
63	60	712
63	61	58
63	62	127
63	63	1580
63	64	814
63	65	186
64	0	3
64	1	7
64	2	58
64	3	95
64	4	23
64	5	10
64	6	58
64	7	7
64	9	248
64	10	7
64	11	1
64	12	7
64	13	24
64	15	24
64	16	31
64	17	86
64	18	23
64	19	7
64	20	90
64	22	186
64	24	65
64	25	113
64	26	60
64	28	56
64	29	1128
64	30	28
64	31	51
64	32	10
64	33	1
64	34	30
64	35	378
64	36	1
64	37	5
64	38	28
64	39	7
64	40	17
64	41	14
64	42	19
64	43	353
64	44	294
64	45	14
64	46	1086
64	47	101
64	48	126
64	49	67
64	50	92
64	51	90
64	52	42
64	53	447
64	54	28
64	55	342
64	56	159
64	57	186
64	58	1
64	59	15
64	60	163
64	61	1
64	62	3
64	63	55
64	64	461
64	65	33
65	0	5
65	1	172
65	2	846
65	3	202
65	4	149
65	5	33
65	6	83
65	7	39
65	8	11
65	9	1017
65	10	41
65	11	5
65	12	19
65	13	45
65	15	411
65	16	45
65	17	276
65	18	15
65	19	5
65	20	313
65	22	774
65	24	922
65	25	1522
65	26	584
65	28	544
65	29	1388
65	30	73
65	31	290
65	32	115
65	33	23
65	34	149
65	35	2895
65	36	35
65	37	7
65	38	145
65	39	35
65	40	87
65	41	43
65	42	268
65	43	669
65	44	922
65	45	87
65	46	2197
65	47	439
65	48	874
65	49	645
65	50	218
65	51	582
65	52	558
65	53	878
65	54	230
65	55	2183
65	56	262
65	57	264
65	58	13
65	59	35
65	60	703
65	61	11
65	62	43
65	63	123
65	64	490
65	65	1017
