100	6217
0	0	877
0	1	122
0	2	8
0	3	27
0	4	232
0	5	13
0	7	142
0	8	117
0	9	21
0	10	2
0	11	448
0	12	158
0	13	71
0	14	163
0	15	191
0	16	191
0	17	62
0	18	98
0	19	243
0	20	2
0	21	174
0	25	19
0	27	71
0	28	2
0	29	57
0	30	256
0	31	177
0	32	289
0	33	13
0	34	2
0	35	32
0	36	661
0	37	21
0	38	19
0	39	278
0	40	1120
0	41	396
0	44	81
0	45	5
0	46	106
0	47	139
0	48	76
0	50	27
0	51	8
0	52	2
0	53	16
0	54	68
0	55	114
0	56	65
0	57	21
0	62	180
0	64	32
0	65	5
0	66	81
0	67	191
0	68	2
0	69	5
0	70	114
0	71	833
0	73	76
0	74	60
0	77	125
0	78	158
0	79	5
0	80	60
0	81	27
0	82	30
0	83	87
0	86	612
0	87	218
0	91	2
0	92	109
0	93	27
0	95	5
0	96	62
0	97	49
0	99	2
1	0	15
1	1	3755
1	2	4
1	3	298
1	4	1248
1	5	37
1	7	494
1	8	642
1	9	92
1	10	2
1	11	1102
1	12	819
1	13	1117
1	14	404
1	15	408
1	16	527
1	17	64
1	18	633
1	19	1007
1	20	6
1	21	956
1	25	307
1	27	242
1	28	8
1	29	178
1	30	744
1	31	1135
1	32	3825
1	34	70
1	35	13
1	36	1186
1	37	101
1	38	57
1	39	481
1	40	5840
1	41	4038
1	44	313
1	45	6
1	46	1482
1	47	494
1	48	4
1	49	8
1	50	97
1	51	108
1	52	6
1	54	609
1	55	77
1	56	220
1	57	55
1	58	28
1	62	726
1	64	234
1	65	64
1	66	1698
1	67	2303
1	69	15
1	70	1398
1	71	989
1	73	390
1	74	448
1	77	342
1	78	1855
1	79	24
1	80	439
1	81	371
1	82	57
1	83	563
1	84	19
1	86	1974
1	87	815
1	91	11
1	92	894
1	93	90
1	95	15
1	96	236
1	97	459
1	98	2
1	99	4
2	0	8
2	1	32
2	2	131
2	7	32
2	8	16
2	9	8
2	11	49
2	12	32
2	13	8
2	14	16
2	16	16
2	17	8
2	19	16
2	22	8
2	27	8
2	30	8
2	31	16
2	32	24
2	34	8
2	35	8
2	36	24
2	37	8
2	38	98
2	39	1132
2	40	65
2	41	57
2	43	16
2	44	8
2	45	8
2	46	8
2	47	16
2	53	8
2	54	8
2	62	172
2	67	16
2	70	16
2	71	49
2	72	8
2	73	8
2	74	8
2	76	8
2	78	16
2	79	16
2	80	32
2	82	24
2	83	8
2	84	8
2	86	65
2	87	16
2	90	8
2	91	114
2	92	24
2	98	8
3	0	2
3	1	713
3	2	2
3	3	314
3	4	586
3	5	10
3	7	209
3	8	333
3	9	45
3	11	687
3	12	490
3	13	189
3	14	244
3	15	242
3	16	263
3	17	56
3	18	196
3	19	418
3	21	434
3	25	39
3	27	95
3	29	82
3	30	333
3	31	654
3	32	1047
3	34	19
3	35	2
3	36	842
3	37	6
3	38	8
3	39	71
3	40	2467
3	41	1627
3	44	150
3	45	2
3	46	301
3	47	357
3	48	4
3	50	61
3	51	89
3	52	6
3	54	327
3	55	34
3	56	89
3	57	23
3	58	2
3	62	235
3	64	143
3	65	17
3	66	279
3	67	1027
3	69	2
3	70	578
3	71	639
3	73	237
3	74	320
3	77	226
3	78	877
3	79	2
3	80	37
3	81	56
3	82	6
3	83	418
3	84	8
3	86	999
3	87	392
3	92	309
3	93	41
3	96	124
3	97	161
4	0	9
4	1	235
4	3	88
4	4	577
4	5	4
4	7	95
4	8	219
4	9	38
4	10	2
4	11	332
4	12	303
4	13	47
4	14	192
4	15	67
4	16	235
4	17	18
4	18	99
4	19	373
4	21	282
4	25	11
4	27	33
4	29	81
4	30	221
4	31	380
4	32	504
4	34	11
4	36	364
4	37	4
4	38	2
4	39	20
4	40	2229
4	41	715
4	44	95
4	46	169
4	47	192
4	48	6
4	50	61
4	51	56
4	52	4
4	54	190
4	55	13
4	56	108
4	57	36
4	62	95
4	64	101
4	65	6
4	66	79
4	67	278
4	68	2
4	69	2
4	70	310
4	71	300
4	73	316
4	74	228
4	77	237
4	78	337
4	80	11
4	81	29
4	83	253
4	86	239
4	87	273
4	92	212
4	93	27
4	96	65
4	97	124
5	0	6
5	1	105
5	3	13
5	4	197
5	5	183
5	7	72
5	8	240
5	9	8
5	11	157
5	12	166
5	13	35
5	14	59
5	15	10
5	16	203
5	17	2
5	18	770
5	19	323
5	21	348
5	25	67
5	27	313
5	28	15
5	29	192
5	30	122
5	31	260
5	32	376
5	34	374
5	35	2
5	36	109
5	37	24
5	39	24
5	40	1063
5	41	794
5	44	63
5	46	262
5	47	37
5	50	19
5	51	6
5	52	2
5	54	102
5	55	2
5	56	78
5	57	17
5	59	2
5	62	13
5	64	15
5	65	8
5	66	32
5	67	137
5	70	601
5	71	98
5	73	65
5	74	339
5	76	2
5	77	35
5	78	52
5	79	2
5	80	30
5	81	17
5	83	48
5	84	2
5	86	76
5	87	258
5	92	639
5	93	24
5	96	477
5	97	67
5	98	2
5	99	10
6	1	2
6	4	5
6	6	2
6	7	2
6	11	2
6	21	5
6	25	2
6	27	2
6	31	2
6	32	2
6	37	2
6	38	2
6	39	2
6	40	2
6	41	2
6	46	14
6	47	2
6	65	2
6	66	11
6	78	2
6	80	31
7	1	40
7	3	21
7	4	115
7	7	127
7	8	74
7	9	28
7	11	336
7	12	158
7	13	12
7	14	102
7	15	24
7	16	71
7	17	12
7	18	37
7	19	214
7	21	140
7	25	6
7	27	28
7	29	34
7	30	136
7	31	124
7	32	124
7	34	3
7	35	3
7	36	127
7	37	6
7	38	3
7	39	18
7	40	734
7	41	192
7	44	46
7	46	56
7	47	152
7	50	15
7	51	12
7	54	28
7	56	62
7	57	9
7	62	24
7	64	18
7	65	15
7	66	18
7	67	96
7	70	62
7	71	217
7	73	96
7	74	56
7	76	3
7	77	37
7	78	74
7	80	31
7	81	9
7	83	34
7	84	3
7	86	96
7	87	99
7	92	84
7	93	24
7	96	9
7	97	59
8	0	20
8	1	200
8	3	43
8	4	786
8	5	32
8	7	200
8	8	2292
8	9	88
8	10	6
8	11	1057
8	12	854
8	13	73
8	14	362
8	15	75
8	16	1522
8	17	16
8	18	819
8	19	2228
8	20	4
8	21	2931
8	25	86
8	26	2
8	27	577
8	28	12
8	29	944
8	30	1036
8	31	909
8	32	1108
8	34	112
8	36	364
8	37	30
8	38	2
8	39	90
8	40	4904
8	41	2013
8	44	1161
8	45	2
8	46	432
8	47	198
8	48	4
8	50	286
8	51	53
8	52	20
8	54	383
8	55	14
8	56	583
8	57	63
8	58	6
8	62	104
8	64	176
8	65	20
8	66	81
8	67	395
8	68	2
8	70	1065
8	71	520
8	73	489
8	74	1524
8	76	2
8	77	198
8	78	213
8	79	2
8	80	110
8	81	53
8	82	4
8	83	188
8	84	2
8	86	292
8	87	1526
8	91	4
8	92	1421
8	93	239
8	95	2
8	96	592
8	97	233
8	99	4
9	1	78
9	2	2
9	4	121
9	5	13
9	7	52
9	8	102
9	9	1068
9	11	544
9	12	115
9	13	23
9	14	192
9	15	26
9	16	257
9	17	15
9	18	55
9	19	144
9	21	221
9	25	2
9	27	52
9	29	73
9	30	408
9	31	123
9	32	121
9	34	5
9	36	157
9	37	15
9	38	2
9	39	60
9	40	668
9	41	231
9	43	2
9	44	94
9	45	7
9	46	68
9	47	86
9	48	2
9	50	26
9	51	10
9	52	7
9	54	31
9	55	13
9	56	71
9	57	97
9	62	26
9	64	18
9	65	7
9	66	18
9	67	86
9	70	78
9	71	276
9	73	52
9	74	78
9	77	31
9	78	63
9	79	2
9	80	52
9	81	10
9	82	2
9	83	42
9	84	2
9	85	2
9	86	107
9	87	150
9	91	7
9	92	52
9	93	215
9	95	2
9	96	23
9	97	21
9	99	5
10	1	11
10	3	2
10	4	49
10	7	9
10	8	59
10	9	9
10	11	94
10	12	70
10	13	2
10	14	44
10	15	9
10	16	182
10	18	23
10	19	115
10	21	250
10	25	9
10	27	28
10	29	18
10	30	153
10	31	35
10	32	49
10	36	21
10	37	4
10	39	2
10	40	286
10	41	115
10	44	35
10	46	18
10	47	11
10	50	14
10	51	4
10	52	2
10	54	21
10	56	23
10	62	7
10	64	9
10	65	2
10	66	2
10	67	18
10	68	2
10	70	61
10	71	42
10	73	18
10	74	28
10	77	7
10	78	18
10	80	4
10	81	4
10	83	14
10	84	2
10	86	26
10	87	49
10	92	54
10	93	52
10	96	21
10	97	16
11	0	40
11	1	562
11	2	2
11	3	120
11	4	911
11	5	2
11	7	573
11	8	935
11	9	868
11	10	9
11	11	6087
11	12	1282
11	13	165
11	14	1756
11	15	316
11	16	1530
11	17	113
11	18	432
11	19	1279
11	21	2040
11	25	44
11	27	290
11	28	7
11	29	396
11	30	3190
11	31	1560
11	32	1112
11	33	2
11	34	40
11	36	1407
11	37	30
11	38	21
11	39	162
11	40	5258
11	41	1997
11	44	528
11	45	7
11	46	368
11	47	1050
11	48	4
11	50	219
11	51	73
11	52	11
11	53	4
11	54	469
11	55	125
11	56	599
11	57	389
11	58	4
11	62	210
11	64	233
11	65	14
11	66	106
11	67	762
11	69	16
11	70	807
11	71	3216
11	73	609
11	74	661
11	76	2
11	77	314
11	78	654
11	79	4
11	80	139
11	81	103
11	82	2
11	83	297
11	84	4
11	86	1183
11	87	1147
11	88	2
11	90	2
11	92	668
11	93	415
11	95	2
11	96	321
11	97	413
11	98	2
11	99	4
12	0	10
12	1	167
12	3	32
12	4	649
12	5	5
12	7	151
12	8	354
12	9	46
12	10	1
12	11	500
12	12	1422
12	13	56
12	14	279
12	15	44
12	16	461
12	17	26
12	18	227
12	19	1724
12	20	1
12	21	792
12	25	32
12	27	78
12	28	3
12	29	197
12	30	477
12	31	341
12	32	558
12	34	19
12	36	217
12	37	14
12	38	5
12	39	39
12	40	3663
12	41	961
12	44	270
12	46	355
12	47	119
12	49	1
12	50	108
12	51	19
12	54	108
12	55	12
12	56	423
12	57	26
12	58	1
12	62	51
12	64	83
12	65	17
12	66	55
12	67	233
12	70	318
12	71	315
12	73	354
12	74	304
12	77	140
12	78	105
12	80	44
12	81	40
12	82	3
12	83	113
12	86	181
12	87	457
12	92	398
12	93	78
12	95	1
12	96	94
12	97	138
12	99	3
13	0	22
13	1	1760
13	3	178
13	4	1299
13	5	12
13	6	4
13	7	333
13	8	340
13	9	61
13	10	7
13	11	598
13	12	652
13	13	4228
13	14	262
13	15	169
13	16	254
13	17	68
13	18	262
13	19	644
13	20	31
13	21	416
13	25	125
13	27	127
13	28	9
13	29	88
13	30	394
13	31	414
13	32	2135
13	33	9
13	34	39
13	35	12
13	36	1120
13	37	159
13	38	181
13	39	1135
13	40	5540
13	41	2976
13	44	191
13	45	17
13	46	752
13	47	468
13	49	7
13	50	44
13	51	49
13	52	2
13	54	237
13	55	61
13	56	90
13	57	31
13	58	9
13	62	1112
13	64	115
13	65	68
13	66	784
13	67	1348
13	68	4
13	69	7
13	70	502
13	71	853
13	73	205
13	74	257
13	76	7
13	77	262
13	78	997
13	79	34
13	80	482
13	81	201
13	82	127
13	83	411
13	84	31
13	85	2
13	86	1387
13	87	455
13	91	24
13	92	328
13	93	66
13	95	51
13	96	115
13	97	134
13	98	7
13	99	4
14	0	31
14	1	479
14	3	142
14	4	823
14	5	26
14	7	513
14	8	656
14	9	394
14	10	7
14	11	4175
14	12	1352
14	13	238
14	14	2025
14	15	195
14	16	934
14	17	74
14	18	420
14	19	1117
14	20	7
14	21	1321
14	25	55
14	27	190
14	28	10
14	29	254
14	30	1993
14	31	1082
14	32	1011
14	33	2
14	34	39
14	35	2
14	36	1300
14	37	37
14	38	15
14	39	177
14	40	5274
14	41	1633
14	44	505
14	45	2
14	46	349
14	47	1260
14	48	10
14	50	219
14	51	68
14	52	10
14	54	357
14	55	63
14	56	479
14	57	190
14	58	2
14	62	235
14	64	262
14	65	34
14	66	185
14	67	730
14	69	5
14	70	696
14	71	2457
14	73	529
14	74	553
14	77	439
14	78	540
14	79	7
14	80	111
14	81	42
14	82	23
14	83	317
14	84	10
14	86	910
14	87	977
14	92	603
14	93	238
14	95	7
14	96	219
14	97	413
14	99	5
15	0	144
15	1	35
15	2	5
15	3	7
15	4	55
15	5	2
15	7	32
15	8	22
15	9	10
15	11	118
15	12	35
15	13	7
15	14	35
15	15	70
15	16	32
15	17	15
15	18	20
15	19	58
15	21	32
15	27	10
15	28	2
15	29	7
15	30	40
15	31	32
15	32	70
15	36	181
15	38	5
15	39	15
15	40	232
15	41	103
15	44	7
15	45	2
15	46	37
15	47	42
15	48	5
15	50	2
15	51	2
15	54	17
15	55	20
15	56	15
15	62	30
15	64	2
15	65	5
15	66	22
15	67	65
15	69	2
15	70	40
15	71	194
15	73	15
15	74	17
15	77	35
15	78	45
15	79	2
15	80	7
15	81	7
15	82	10
15	83	35
15	84	2
15	86	156
15	87	35
15	92	20
15	93	5
15	96	10
15	97	15
15	99	2
16	0	4
16	1	127
16	2	4
16	3	45
16	4	565
16	5	17
16	6	2
16	7	116
16	8	1263
16	9	118
16	10	10
16	11	1006
16	12	743
16	13	49
16	14	306
16	15	36
16	16	2561
16	17	19
16	18	488
16	19	1546
16	20	2
16	21	4019
16	25	73
16	27	401
16	28	6
16	29	840
16	30	1282
16	31	574
16	32	697
16	33	2
16	34	97
16	36	308
16	37	23
16	38	8
16	39	64
16	40	3784
16	41	1663
16	43	2
16	44	589
16	46	298
16	47	151
16	48	10
16	50	120
16	51	28
16	52	21
16	54	319
16	55	10
16	56	390
16	57	34
16	58	6
16	62	56
16	64	82
16	65	28
16	66	36
16	67	237
16	70	745
16	71	425
16	73	319
16	74	764
16	77	151
16	78	181
16	79	2
16	80	101
16	81	56
16	82	2
16	83	174
16	84	2
16	86	276
16	87	868
16	92	974
16	93	395
16	95	2
16	96	399
16	97	142
16	99	8
17	0	2
17	1	42
17	3	10
17	4	37
17	7	26
17	8	26
17	9	16
17	11	109
17	12	37
17	13	32
17	14	16
17	15	99
17	16	42
17	17	53
17	18	42
17	19	18
17	20	10
17	21	88
17	25	5
17	27	8
17	29	5
17	30	56
17	31	40
17	32	91
17	34	2
17	36	262
17	37	5
17	39	34
17	40	182
17	41	147
17	44	2
17	46	26
17	47	37
17	50	5
17	51	5
17	54	18
17	55	10
17	56	2
17	57	2
17	62	24
17	64	16
17	65	5
17	66	24
17	67	80
17	69	2
17	70	24
17	71	163
17	73	24
17	74	24
17	77	16
17	78	37
17	80	21
17	81	2
17	82	5
17	83	13
17	84	2
17	86	337
17	87	40
17	92	50
17	93	2
17	96	8
17	97	5
18	0	4
18	1	209
18	3	33
18	4	674
18	5	158
18	7	133
18	8	832
18	9	37
18	10	2
18	11	511
18	12	470
18	13	60
18	14	196
18	15	51
18	16	669
18	17	11
18	18	2745
18	19	836
18	21	1055
18	25	171
18	27	459
18	28	35
18	29	484
18	30	437
18	31	783
18	32	1265
18	34	270
18	36	247
18	37	20
18	38	6
18	39	37
18	40	3595
18	41	2263
18	44	256
18	46	814
18	47	156
18	48	6
18	50	98
18	51	37
18	52	11
18	54	513
18	55	22
18	56	142
18	57	11
18	58	6
18	62	84
18	64	98
18	65	17
18	66	69
18	67	495
18	68	2
18	70	2421
18	71	256
18	73	301
18	74	861
18	76	2
18	77	142
18	78	178
18	79	8
18	80	122
18	81	73
18	83	178
18	84	2
18	86	249
18	87	749
18	91	4
18	92	1794
18	93	71
18	95	4
18	96	653
18	97	229
18	99	15
19	0	36
19	1	258
19	2	18
19	3	36
19	4	55
19	7	73
19	8	350
19	11	166
19	12	221
19	13	166
19	14	92
19	16	184
19	18	110
19	19	1421
19	20	18
19	21	276
19	25	129
19	26	55
19	27	332
19	28	36
19	29	73
19	30	239
19	31	129
19	32	184
19	34	55
19	36	184
19	37	18
19	39	92
19	40	978
19	41	424
19	44	92
19	46	73
19	47	92
19	50	73
19	54	36
19	55	18
19	56	332
19	58	18
19	62	110
19	64	55
19	65	73
19	66	203
19	67	166
19	70	147
19	71	110
19	73	258
19	74	166
19	77	36
19	78	55
19	80	203
19	83	18
19	86	110
19	87	221
19	91	18
19	92	184
19	96	73
19	97	55
20	0	5
20	1	8
20	3	5
20	4	5
20	11	11
20	12	5
20	13	20
20	14	5
20	16	8
20	19	14
20	20	5
20	21	2
20	27	2
20	30	5
20	31	2
20	32	14
20	33	2
20	34	2
20	36	14
20	38	5
20	39	23
20	40	61
20	41	34
20	46	5
20	47	2
20	50	2
20	56	5
20	62	49
20	64	2
20	66	2
20	67	11
20	70	5
20	71	26
20	73	2
20	74	2
20	77	5
20	78	8
20	82	2
20	83	8
20	86	20
20	87	5
20	92	5
20	93	2
20	96	2
21	0	6
21	1	155
21	2	4
21	3	26
21	4	854
21	5	20
21	7	170
21	8	1372
21	9	110
21	10	13
21	11	1063
21	12	780
21	13	94
21	14	346
21	15	51
21	16	2816
21	17	13
21	18	659
21	19	1871
21	21	5146
21	25	69
21	27	546
21	28	15
21	29	1050
21	30	1309
21	31	668
21	32	915
21	34	56
21	35	4
21	36	341
21	37	24
21	38	15
21	39	67
21	40	4631
21	41	1932
21	44	836
21	45	2
21	46	409
21	47	182
21	48	11
21	50	168
21	51	35
21	52	15
21	54	350
21	55	24
21	56	535
21	57	67
21	58	4
21	62	76
21	64	134
21	65	20
21	66	71
21	67	335
21	69	2
21	70	737
21	71	596
21	73	382
21	74	893
21	77	195
21	78	211
21	79	2
21	80	107
21	81	47
21	82	2
21	83	146
21	84	6
21	86	335
21	87	1122
21	91	2
21	92	1140
21	93	481
21	95	2
21	96	458
21	97	233
21	99	4
22	0	14
22	1	9
22	2	4
22	11	4
22	13	19
22	14	4
22	18	9
22	19	4
22	21	4
22	22	9
22	31	19
22	36	4
22	38	29
22	39	238
22	40	9
22	43	9
22	45	19
22	46	4
22	47	4
22	54	4
22	58	4
22	62	4
22	65	14
22	66	4
22	67	14
22	70	4
22	72	34
22	78	9
22	79	218
22	80	19
22	81	4
22	82	4
22	86	24
22	87	4
22	91	14
22	97	4
22	98	19
23	8	4
23	13	4
23	16	4
23	27	28
23	28	45
23	29	4
23	32	4
23	34	16
23	40	8
23	46	8
23	67	4
23	70	4
23	75	4
23	87	4
23	92	8
23	96	4
23	97	4
23	99	8
24	1	5
24	7	2
24	13	2
24	14	2
24	19	2
24	21	2
24	24	2
24	25	2
24	27	2
24	30	2
24	32	5
24	36	5
24	37	16
24	40	5
24	41	5
24	54	2
24	62	2
24	65	8
24	66	5
24	70	5
24	73	2
24	74	2
24	80	33
24	84	8
24	92	2
24	97	2
25	0	5
25	1	220
25	3	20
25	4	243
25	5	71
25	7	71
25	8	95
25	9	17
25	11	159
25	12	87
25	13	105
25	14	66
25	15	30
25	16	79
25	17	12
25	18	354
25	19	166
25	21	138
25	25	1659
25	27	46
25	28	10
25	29	25
25	30	89
25	31	238
25	32	752
25	34	159
25	35	2
25	36	174
25	37	66
25	38	10
25	39	97
25	40	1083
25	41	958
25	44	43
25	46	960
25	47	33
25	49	2
25	50	23
25	51	7
25	54	172
25	55	2
25	56	25
25	57	5
25	58	53
25	62	43
25	64	46
25	65	146
25	66	364
25	67	282
25	69	2
25	70	554
25	71	95
25	72	2
25	73	69
25	74	213
25	77	43
25	78	84
25	79	7
25	80	755
25	81	74
25	82	2
25	83	82
25	84	23
25	86	146
25	87	128
25	92	303
25	93	10
25	95	2
25	96	82
25	97	89
25	98	2
25	99	2
26	8	19
26	9	7
26	11	3
26	16	19
26	18	3
26	19	3
26	21	15
26	25	3
26	26	3
26	27	15
26	30	23
26	31	3
26	36	7
26	40	23
26	41	3
26	44	3
26	47	3
26	70	3
26	71	7
26	74	3
26	77	11
26	78	3
26	83	7
26	86	3
26	87	11
26	93	15
26	96	19
27	0	19
27	1	307
27	3	72
27	4	538
27	5	247
27	7	180
27	8	1234
27	9	60
27	11	1135
27	12	591
27	13	144
27	14	363
27	15	36
27	16	1306
27	17	24
27	18	1395
27	19	1051
27	21	2278
27	23	4
27	25	137
27	26	16
27	27	10851
27	28	115
27	29	2040
27	30	1092
27	31	962
27	32	1203
27	33	2
27	34	695
27	35	4
27	36	435
27	37	43
27	38	21
27	39	98
27	40	3493
27	41	1992
27	43	2
27	44	433
27	46	495
27	47	243
27	50	146
27	51	33
27	52	247
27	54	399
27	55	26
27	56	310
27	57	31
27	58	2
27	59	2
27	62	108
27	64	166
27	65	45
27	66	89
27	67	555
27	68	4
27	69	2
27	70	1306
27	71	478
27	73	332
27	74	1371
27	75	2
27	76	2
27	77	144
27	78	250
27	79	4
27	80	180
27	81	79
27	83	182
27	84	4
27	86	274
27	87	1200
27	91	2
27	92	1809
27	93	421
27	95	2
27	96	2163
27	97	267
27	98	2
27	99	76
28	1	53
28	3	11
28	4	71
28	5	83
28	7	35
28	8	155
28	9	11
28	11	167
28	12	59
28	13	11
28	14	47
28	16	107
28	17	17
28	18	317
28	19	137
28	21	197
28	23	17
28	25	59
28	26	5
28	27	863
28	28	3472
28	29	203
28	30	107
28	31	179
28	32	161
28	34	365
28	36	89
28	37	5
28	38	5
28	39	29
28	40	335
28	41	173
28	44	53
28	46	143
28	47	71
28	48	5
28	50	29
28	52	23
28	54	53
28	56	35
28	57	17
28	62	11
28	64	5
28	65	11
28	66	23
28	67	101
28	70	329
28	71	59
28	73	11
28	74	233
28	75	35
28	77	47
28	78	41
28	80	113
28	81	17
28	83	35
28	86	47
28	87	269
28	92	269
28	93	149
28	95	5
28	96	221
28	97	35
28	99	389
29	0	6
29	1	224
29	3	72
29	4	681
29	5	59
29	7	224
29	8	1467
29	9	79
29	10	10
29	11	946
29	12	799
29	13	119
29	14	377
29	15	47
29	16	1686
29	17	14
29	18	1017
29	19	1838
29	21	3337
29	25	81
29	26	4
29	27	1446
29	28	27
29	29	2883
29	30	981
29	31	833
29	32	934
29	34	126
29	35	2
29	36	329
29	37	25
29	38	8
29	39	72
29	40	4094
29	41	2189
29	44	610
29	46	394
29	47	186
29	49	2
29	50	154
29	51	47
29	52	51
29	54	338
29	55	36
29	56	385
29	57	47
29	58	8
29	59	2
29	62	53
29	64	117
29	65	38
29	66	70
29	67	404
29	68	2
29	70	994
29	71	475
29	72	2
29	73	329
29	74	1180
29	77	160
29	78	209
29	79	6
29	80	119
29	81	57
29	82	2
29	83	143
29	84	4
29	86	329
29	87	1281
29	91	2
29	92	1686
29	93	250
29	95	2
29	96	1371
29	97	192
29	98	2
29	99	8
30	0	12
30	1	288
30	2	2
30	3	112
30	4	1235
30	5	26
30	7	362
30	8	1108
30	9	332
30	10	14
30	11	3722
30	12	1469
30	13	129
30	14	1027
30	15	135
30	16	2455
30	17	50
30	18	687
30	19	2471
30	21	3442
30	25	62
30	26	4
30	27	407
30	28	12
30	29	703
30	30	6278
30	31	945
30	32	1169
30	34	56
30	36	731
30	37	22
30	38	18
30	39	122
30	40	7602
30	41	2586
30	44	1019
30	45	2
30	46	407
30	47	493
30	48	16
30	50	233
30	51	62
30	52	16
30	53	2
30	54	316
30	55	52
30	56	868
30	57	229
30	58	12
30	60	2
30	62	102
30	64	231
30	65	32
30	66	104
30	67	592
30	69	2
30	70	1019
30	71	1382
30	72	2
30	73	598
30	74	774
30	76	2
30	77	346
30	78	334
30	79	10
30	80	106
30	81	72
30	83	294
30	84	6
30	86	586
30	87	1564
30	91	4
30	92	1060
30	93	516
30	95	4
30	96	437
30	97	278
30	98	2
30	99	4
31	0	8
31	1	558
31	3	131
31	4	807
31	5	33
31	7	416
31	8	1523
31	9	140
31	10	10
31	11	1457
31	12	954
31	13	155
31	14	505
31	15	233
31	16	988
31	17	21
31	18	1204
31	19	1106
31	20	2
31	21	1716
31	25	293
31	26	2
31	27	420
31	28	4
31	29	437
31	30	1162
31	31	3616
31	32	2107
31	34	142
31	36	641
31	37	25
31	38	8
31	39	87
31	40	4017
31	41	3172
31	44	565
31	46	992
31	47	463
31	48	19
31	49	4
31	50	212
31	51	78
31	52	6
31	54	1398
31	55	44
31	56	295
31	57	53
31	58	16
31	62	129
31	64	322
31	65	31
31	66	237
31	67	835
31	69	4
31	70	2320
31	71	981
31	73	524
31	74	1672
31	77	257
31	78	635
31	79	2
31	80	150
31	81	65
31	82	6
31	83	250
31	84	2
31	86	937
31	87	1602
31	91	6
31	92	1415
31	93	152
31	95	2
31	96	601
31	97	926
31	98	4
31	99	2
32	0	9
32	1	847
32	3	190
32	4	1079
32	5	41
32	7	373
32	8	977
32	9	57
32	10	5
32	11	944
32	12	969
32	13	375
32	14	434
32	15	143
32	16	887
32	17	72
32	18	1245
32	19	1378
32	20	1
32	21	1550
32	23	1
32	25	249
32	27	342
32	28	19
32	29	462
32	30	755
32	31	1591
32	32	5521
32	33	1
32	34	116
32	35	5
32	36	782
32	37	76
32	38	17
32	39	153
32	40	6562
32	41	5334
32	44	436
32	46	1988
32	47	352
32	48	5
32	49	5
32	50	161
32	51	96
32	52	9
32	54	869
32	55	23
32	56	310
32	57	29
32	58	13
32	62	234
32	64	354
32	65	100
32	66	391
32	67	1365
32	68	9
32	69	3
32	70	2154
32	71	603
32	73	540
32	74	1007
32	76	1
32	77	275
32	78	584
32	79	21
32	80	411
32	81	318
32	82	1
32	83	432
32	84	23
32	86	704
32	87	1052
32	91	3
32	92	1453
32	93	143
32	95	7
32	96	495
32	97	566
32	98	1
32	99	5
33	0	55
33	1	34
33	3	6
33	4	52
33	7	34
33	8	31
33	9	6
33	11	102
33	12	21
33	13	46
33	14	31
33	15	18
33	16	37
33	17	3
33	18	24
33	19	93
33	21	55
33	25	9
33	27	12
33	29	12
33	30	52
33	31	15
33	32	83
33	33	74
33	35	214
33	36	121
33	37	9
33	38	21
33	39	478
33	40	245
33	41	99
33	43	3
33	44	18
33	45	6
33	46	15
33	47	46
33	48	12
33	50	3
33	51	3
33	53	12
33	54	21
33	55	21
33	56	15
33	57	6
33	62	114
33	64	12
33	65	6
33	66	12
33	67	49
33	69	3
33	70	52
33	71	99
33	73	18
33	74	27
33	76	9
33	77	27
33	78	55
33	79	6
33	80	15
33	81	12
33	82	27
33	83	34
33	84	15
33	86	127
33	87	31
33	91	3
33	92	31
33	93	6
33	95	3
33	96	18
33	97	31
33	98	3
34	1	102
34	3	15
34	4	202
34	5	222
34	7	56
34	8	236
34	9	9
34	11	188
34	12	168
34	13	27
34	14	65
34	15	11
34	16	222
34	17	4
34	18	702
34	19	275
34	21	309
34	23	2
34	25	118
34	26	4
34	27	609
34	28	38
34	29	209
34	30	193
34	31	302
34	32	368
34	34	1239
34	36	106
34	37	4
34	38	2
34	39	27
34	40	1027
34	41	645
34	44	84
34	46	288
34	47	52
34	50	38
34	51	15
34	52	9
34	54	118
34	56	56
34	57	9
34	58	2
34	59	13
34	62	54
34	64	25
34	65	15
34	66	72
34	67	136
34	70	675
34	71	120
34	73	59
34	74	350
34	77	54
34	78	29
34	79	2
34	80	59
34	81	34
34	83	68
34	84	2
34	86	54
34	87	284
34	91	2
34	92	516
34	93	79
34	95	4
34	96	370
34	97	111
34	99	61
35	0	53
35	1	50
35	2	3
35	3	3
35	4	67
35	5	3
35	7	43
35	8	50
35	9	3
35	11	111
35	12	40
35	13	53
35	14	33
35	15	30
35	16	37
35	17	40
35	18	26
35	19	94
35	21	50
35	25	20
35	27	13
35	29	6
35	30	64
35	31	37
35	32	124
35	33	138
35	34	3
35	35	435
35	36	155
35	37	10
35	38	84
35	39	971
35	40	310
35	41	87
35	43	3
35	44	6
35	45	30
35	46	37
35	47	50
35	48	3
35	49	3
35	50	3
35	51	3
35	53	13
35	54	33
35	55	3
35	56	10
35	57	3
35	62	141
35	64	10
35	65	10
35	66	23
35	67	40
35	69	3
35	70	47
35	71	134
35	73	30
35	74	33
35	77	10
35	78	53
35	79	16
35	80	43
35	81	6
35	82	13
35	83	67
35	84	3
35	86	192
35	87	47
35	91	26
35	92	50
35	95	3
35	96	6
35	97	16
35	98	6
36	0	81
36	1	934
36	3	270
36	4	1110
36	5	14
36	7	433
36	8	614
36	9	126
36	10	9
36	11	2076
36	12	901
36	13	302
36	14	644
36	15	731
36	16	686
36	17	166
36	18	379
36	19	755
36	20	9
36	21	844
36	25	71
36	27	218
36	29	153
36	30	1164
36	31	1134
36	32	1481
36	33	2
36	34	19
36	35	7
36	36	4408
36	37	49
36	38	44
36	39	227
36	40	5506
36	41	2321
36	44	314
36	45	7
36	46	490
36	47	711
36	48	22
36	50	156
36	51	86
36	52	7
36	54	512
36	55	106
36	56	304
36	57	116
36	58	7
36	62	569
36	64	225
36	65	29
36	66	232
36	67	1045
36	69	2
36	70	939
36	71	2319
36	73	587
36	74	495
36	77	842
36	78	1142
36	79	2
36	80	91
36	81	128
36	82	22
36	83	631
36	84	4
36	86	2705
36	87	1068
36	91	4
36	92	612
36	93	99
36	95	9
36	96	195
36	97	376
36	99	4
37	1	140
37	3	17
37	4	62
37	5	8
37	6	2
37	7	17
37	8	56
37	9	8
37	11	50
37	12	44
37	13	53
37	14	26
37	15	8
37	16	35
37	17	8
37	18	71
37	19	83
37	21	50
37	25	59
37	27	26
37	28	2
37	29	23
37	30	32
37	31	80
37	32	188
37	34	17
37	36	80
37	37	520
37	38	11
37	39	167
37	40	319
37	41	230
37	44	23
37	46	203
37	47	29
37	49	5
37	50	8
37	51	2
37	54	47
37	55	2
37	56	5
37	58	2
37	62	44
37	64	17
37	65	394
37	66	254
37	67	119
37	69	62
37	70	95
37	71	44
37	73	35
37	74	56
37	76	2
37	77	5
37	78	47
37	79	2
37	80	842
37	81	35
37	82	14
37	83	47
37	84	71
37	86	104
37	87	35
37	91	2
37	92	41
37	93	8
37	95	17
37	96	23
37	97	14
37	98	2
38	0	2
38	1	69
38	2	5
38	3	15
38	4	121
38	7	18
38	8	30
38	9	2
38	11	87
38	12	64
38	13	126
38	14	28
38	15	33
38	16	36
38	17	10
38	18	28
38	19	77
38	20	43
38	21	43
38	25	15
38	27	15
38	28	2
38	29	7
38	30	43
38	31	23
38	32	157
38	33	12
38	34	5
38	35	28
38	36	136
38	37	18
38	38	195
38	39	888
38	40	463
38	41	208
38	44	18
38	45	5
38	46	54
38	47	54
38	48	2
38	50	2
38	51	2
38	54	23
38	55	10
38	56	15
38	57	2
38	58	2
38	62	314
38	64	12
38	65	5
38	66	56
38	67	108
38	69	2
38	70	38
38	71	103
38	73	25
38	74	10
38	77	30
38	78	87
38	79	7
38	80	41
38	81	20
38	82	59
38	83	61
38	84	7
38	86	221
38	87	48
38	91	5
38	92	41
38	93	5
38	95	15
38	96	10
38	97	15
39	0	125
39	1	1040
39	2	87
39	3	142
39	4	596
39	5	5
39	6	10
39	7	273
39	8	503
39	9	93
39	10	2
39	11	971
39	12	481
39	13	1152
39	14	487
39	15	243
39	16	443
39	17	95
39	18	454
39	19	1067
39	20	76
39	21	678
39	22	2
39	25	117
39	27	243
39	28	21
39	29	169
39	30	643
39	31	539
39	32	1388
39	33	197
39	34	57
39	35	605
39	36	1604
39	37	314
39	38	1472
39	39	22432
39	40	2997
39	41	1470
39	43	76
39	44	243
39	45	402
39	46	410
39	47	355
39	48	8
39	49	2
39	50	82
39	51	46
39	52	2
39	53	13
39	54	350
39	55	123
39	56	150
39	57	54
39	58	13
39	62	1845
39	64	161
39	65	145
39	66	615
39	67	791
39	68	5
39	69	49
39	70	769
39	71	1108
39	72	43
39	73	339
39	74	418
39	76	142
39	77	172
39	78	673
39	79	292
39	80	884
39	81	197
39	82	438
39	83	503
39	84	188
39	86	1691
39	87	684
39	91	410
39	92	569
39	93	95
39	94	2
39	95	142
39	96	208
39	97	257
39	98	62
39	99	2
40	0	12
40	1	132
40	3	20
40	4	371
40	5	6
40	7	85
40	8	239
40	9	30
40	10	3
40	11	288
40	12	478
40	13	51
40	14	151
40	15	37
40	16	275
40	17	6
40	18	173
40	19	784
40	21	438
40	25	8
40	27	42
40	28	1
40	29	99
40	30	216
40	31	183
40	32	584
40	34	8
40	35	1
40	36	190
40	37	8
40	38	6
40	39	39
40	40	3485
40	41	748
40	44	141
40	46	527
40	47	89
40	50	32
40	51	41
40	54	65
40	55	1
40	56	122
40	57	18
40	62	29
40	64	42
40	65	20
40	66	58
40	67	182
40	69	3
40	70	259
40	71	218
40	73	309
40	74	159
40	76	1
40	77	137
40	78	72
40	79	1
40	80	30
40	81	32
40	82	3
40	83	111
40	86	151
40	87	312
40	91	1
40	92	287
40	93	22
40	96	46
40	97	34
41	0	18
41	1	473
41	3	148
41	4	573
41	5	16
41	7	300
41	8	573
41	9	64
41	10	5
41	11	758
41	12	619
41	13	94
41	14	278
41	15	135
41	16	406
41	17	29
41	18	373
41	19	703
41	21	649
41	25	116
41	26	2
41	27	135
41	28	5
41	29	165
41	30	508
41	31	1377
41	32	1513
41	34	48
41	35	2
41	36	503
41	37	21
41	38	2
41	39	86
41	40	3178
41	41	3324
41	44	240
41	46	489
41	47	278
41	48	8
41	50	105
41	51	113
41	52	2
41	54	741
41	55	29
41	56	181
41	57	32
41	58	2
41	62	119
41	64	327
41	65	16
41	66	127
41	67	706
41	68	2
41	69	2
41	70	974
41	71	598
41	73	395
41	74	500
41	77	278
41	78	527
41	79	2
41	80	64
41	81	97
41	82	16
41	83	238
41	86	595
41	87	579
41	92	644
41	93	56
41	96	208
41	97	590
41	99	2
42	12	4
42	14	4
42	25	4
42	32	4
42	36	4
42	39	14
42	47	4
42	72	4
42	78	9
42	79	38
42	80	4
42	84	4
42	97	4
43	1	21
43	2	6
43	3	9
43	4	12
43	7	3
43	8	18
43	11	49
43	12	18
43	13	40
43	14	21
43	15	3
43	16	27
43	18	6
43	19	52
43	20	6
43	21	27
43	25	6
43	27	12
43	29	15
43	30	18
43	31	24
43	32	52
43	34	3
43	35	6
43	36	52
43	37	34
43	38	30
43	39	803
43	40	77
43	41	43
43	43	27
43	44	9
43	45	126
43	46	27
43	54	15
43	55	3
43	56	12
43	62	46
43	64	3
43	65	18
43	66	37
43	67	40
43	69	3
43	70	37
43	71	40
43	72	15
43	73	3
43	74	9
43	76	15
43	77	9
43	78	12
43	79	98
43	80	83
43	81	3
43	82	30
43	83	24
43	84	37
43	86	49
43	87	18
43	91	12
43	92	18
43	93	3
43	95	12
43	96	3
43	97	6
43	98	61
44	1	146
44	3	57
44	4	635
44	5	2
44	7	146
44	8	815
44	9	63
44	10	2
44	11	694
44	12	794
44	13	78
44	14	248
44	15	44
44	16	777
44	17	12
44	18	356
44	19	2247
44	20	8
44	21	1283
44	25	148
44	27	193
44	28	2
44	29	358
44	30	754
44	31	558
44	32	588
44	34	44
44	36	295
44	37	36
44	38	12
44	39	31
44	40	4055
44	41	1013
44	44	1382
44	46	233
44	47	206
44	48	4
44	50	195
44	51	31
44	52	6
44	54	180
44	55	8
44	56	909
44	57	38
44	58	8
44	62	59
44	64	112
44	65	14
44	66	116
44	67	231
44	70	477
44	71	344
44	73	375
44	74	507
44	77	163
44	78	146
44	79	2
44	80	97
44	81	40
44	82	4
44	83	121
44	84	8
44	86	201
44	87	1057
44	91	2
44	92	611
44	93	138
44	96	267
44	97	165
44	98	2
44	99	2
45	0	5
45	1	48
45	2	5
45	3	5
45	4	25
45	7	14
45	8	22
45	11	57
45	12	19
45	13	37
45	14	17
45	16	17
45	17	5
45	18	22
45	19	45
45	20	2
45	21	31
45	22	5
45	25	17
45	27	11
45	29	5
45	30	28
45	31	17
45	32	71
45	34	5
45	35	17
45	36	71
45	37	19
45	38	57
45	39	1185
45	40	128
45	41	45
45	43	31
45	44	8
45	45	182
45	46	19
45	47	31
45	50	2
45	54	25
45	56	5
45	57	2
45	58	2
45	62	88
45	63	2
45	64	8
45	65	5
45	66	31
45	67	31
45	69	2
45	70	31
45	71	42
45	72	19
45	73	11
45	74	37
45	76	8
45	77	2
45	78	37
45	79	34
45	80	37
45	81	2
45	82	48
45	83	31
45	84	34
45	86	79
45	87	22
45	91	11
45	92	28
45	93	2
45	95	11
45	96	8
45	97	28
45	98	17
45	99	2
46	0	5
46	1	322
46	3	44
46	4	533
46	5	11
46	7	119
46	8	413
46	9	15
46	10	1
46	11	320
46	12	405
46	13	125
46	14	123
46	15	56
46	16	392
46	17	21
46	18	577
46	19	624
46	21	703
46	25	177
46	26	3
46	27	125
46	28	9
46	29	170
46	30	251
46	31	444
46	32	2045
46	34	67
46	35	1
46	36	226
46	37	34
46	38	7
46	39	48
46	40	2561
46	41	2043
46	44	179
46	46	2056
46	47	96
46	48	3
46	49	1
46	50	44
46	51	19
46	52	1
46	54	257
46	55	17
46	56	96
46	57	19
46	58	11
46	62	86
46	64	77
46	65	40
46	66	150
46	67	471
46	69	1
46	70	790
46	71	189
46	73	216
46	74	392
46	76	1
46	77	114
46	78	177
46	79	5
46	80	158
46	81	114
46	82	3
46	83	135
46	86	185
46	87	429
46	91	3
46	92	630
46	93	38
46	95	3
46	96	146
46	97	150
46	99	1
47	0	38
47	1	410
47	3	143
47	4	389
47	5	14
47	7	515
47	8	413
47	9	281
47	10	8
47	11	2379
47	12	788
47	13	143
47	14	1189
47	15	149
47	16	542
47	17	76
47	18	266
47	19	492
47	21	694
47	25	49
47	27	117
47	28	2
47	29	134
47	30	1010
47	31	923
47	32	776
47	33	2
47	34	43
47	36	1177
47	37	17
47	38	14
47	39	108
47	40	2678
47	41	1063
47	44	243
47	46	175
47	47	1277
47	48	11
47	50	128
47	51	43
47	52	8
47	54	246
47	55	67
47	56	252
47	57	117
47	62	181
47	64	146
47	65	32
47	66	137
47	67	468
47	68	2
47	70	495
47	71	2285
47	72	2
47	73	375
47	74	334
47	77	266
47	78	401
47	79	2
47	80	76
47	81	55
47	82	11
47	83	263
47	84	5
47	86	779
47	87	533
47	88	2
47	92	290
47	93	131
47	96	205
47	97	243
48	0	42
48	1	21
48	4	46
48	5	4
48	7	10
48	8	23
48	9	10
48	11	78
48	12	29
48	13	14
48	14	31
48	15	8
48	16	17
48	17	2
48	18	14
48	19	29
48	21	34
48	27	8
48	29	6
48	30	40
48	31	17
48	32	46
48	34	2
48	36	61
48	37	2
48	38	4
48	39	12
48	40	200
48	41	61
48	44	14
48	46	17
48	47	34
48	48	14
48	51	2
48	55	25
48	56	8
48	57	4
48	62	23
48	64	6
48	66	12
48	67	25
48	70	12
48	71	168
48	73	10
48	74	10
48	77	17
48	78	12
48	81	6
48	83	8
48	86	49
48	87	36
48	91	2
48	92	21
48	93	4
48	96	2
48	97	8
49	1	21
49	3	2
49	4	18
49	8	4
49	11	7
49	13	7
49	14	4
49	19	4
49	20	2
49	21	2
49	25	4
49	27	2
49	30	4
49	31	2
49	32	30
49	36	18
49	37	9
49	39	21
49	40	23
49	41	16
49	46	18
49	54	4
49	64	2
49	65	16
49	66	21
49	67	4
49	69	4
49	70	9
49	71	4
49	73	2
49	74	4
49	78	9
49	80	18
49	82	2
49	83	7
49	86	11
49	87	7
49	92	9
49	95	4
49	96	4
49	97	2
50	0	2
50	1	185
50	3	57
50	4	461
50	5	13
50	7	106
50	8	528
50	9	20
50	10	2
50	11	465
50	12	664
50	13	64
50	14	171
50	15	53
50	16	386
50	17	9
50	18	328
50	19	1902
50	21	611
50	25	78
50	26	2
50	27	111
50	28	2
50	29	201
50	30	384
50	31	463
50	32	644
50	34	44
50	36	261
50	37	20
50	38	16
50	39	41
50	40	3755
50	41	1086
50	44	356
50	46	236
50	47	162
50	50	762
50	51	30
50	52	4
50	54	159
50	55	16
50	56	324
50	57	32
50	58	2
50	62	74
50	64	166
50	65	25
50	66	67
50	67	185
50	70	465
50	71	315
50	73	648
50	74	414
50	77	189
50	78	129
50	80	53
50	81	50
50	82	9
50	83	125
50	86	157
50	87	1021
50	92	398
50	93	92
50	95	2
50	96	227
50	97	185
50	99	4
51	1	124
51	3	44
51	4	316
51	5	2
51	7	88
51	8	144
51	9	11
51	10	8
51	11	230
51	12	299
51	13	38
51	14	130
51	15	38
51	16	116
51	17	5
51	18	38
51	19	247
51	21	177
51	25	5
51	27	38
51	29	41
51	30	185
51	31	272
51	32	247
51	34	8
51	36	172
51	37	2
51	38	2
51	39	13
51	40	1465
51	41	621
51	44	63
51	46	152
51	47	136
51	50	47
51	51	74
51	52	2
51	54	111
51	55	2
51	56	52
51	57	13
51	58	2
51	62	49
51	64	113
51	65	5
51	66	36
51	67	255
51	70	185
51	71	199
51	73	166
51	74	163
51	77	102
51	78	208
51	80	30
51	81	8
51	83	144
51	86	180
51	87	116
51	92	133
51	93	24
51	96	33
51	97	141
51	99	2
52	0	2
52	1	16
52	3	10
52	4	75
52	5	5
52	7	29
52	8	99
52	9	8
52	11	135
52	12	43
52	13	8
52	14	29
52	16	153
52	18	86
52	19	121
52	21	224
52	25	13
52	27	845
52	28	10
52	29	162
52	30	110
52	31	70
52	32	70
52	34	35
52	36	29
52	37	2
52	38	2
52	39	18
52	40	324
52	41	121
52	44	35
52	46	18
52	47	16
52	50	16
52	52	164
52	54	13
52	55	5
52	56	27
52	57	5
52	58	2
52	62	5
52	64	5
52	65	2
52	66	10
52	67	35
52	70	81
52	71	27
52	73	29
52	74	72
52	77	8
52	78	10
52	80	27
52	81	5
52	82	2
52	83	18
52	86	18
52	87	97
52	92	64
52	93	94
52	96	124
52	97	48
52	99	2
53	0	4
53	7	4
53	8	4
53	9	4
53	11	20
53	12	4
53	13	4
53	15	4
53	16	8
53	19	4
53	30	4
53	35	12
53	36	20
53	39	20
53	40	32
53	41	8
53	46	8
53	47	8
53	53	8
53	55	4
53	62	4
53	66	4
53	67	8
53	70	8
53	71	4
53	73	4
53	86	8
53	92	8
53	93	4
53	97	4
54	0	8
54	1	285
54	3	56
54	4	331
54	5	37
54	7	203
54	8	593
54	9	50
54	10	2
54	11	497
54	12	360
54	13	81
54	14	218
54	15	77
54	16	409
54	17	14
54	18	614
54	19	436
54	21	692
54	25	149
54	27	121
54	28	6
54	29	134
54	30	432
54	31	1204
54	32	956
54	34	73
54	35	4
54	36	243
54	37	27
54	38	6
54	39	69
54	40	1580
54	41	1720
54	44	230
54	46	375
54	47	197
54	48	2
54	49	2
54	50	77
54	51	39
54	54	896
54	55	16
54	56	149
54	57	10
54	58	10
54	62	60
54	64	111
54	65	33
54	66	163
54	67	405
54	69	2
54	70	1275
54	71	329
54	73	195
54	74	560
54	77	69
54	78	262
54	79	6
54	80	88
54	81	58
54	82	2
54	83	104
54	84	2
54	86	308
54	87	568
54	91	10
54	92	682
54	93	83
54	95	4
54	96	220
54	97	360
54	99	2
55	0	242
55	1	153
55	3	23
55	4	276
55	5	3
55	7	133
55	8	133
55	9	92
55	11	812
55	12	218
55	13	95
55	14	307
55	15	95
55	16	239
55	17	44
55	18	81
55	19	290
55	20	6
55	21	293
55	25	6
55	27	95
55	29	68
55	30	420
55	31	194
55	32	317
55	34	6
55	36	525
55	37	20
55	38	27
55	39	109
55	40	1611
55	41	529
55	44	75
55	46	88
55	47	269
55	48	99
55	50	30
55	51	6
55	52	10
55	54	58
55	55	324
55	56	88
55	57	126
55	62	119
55	64	44
55	65	6
55	66	71
55	67	211
55	69	10
55	70	157
55	71	1512
55	73	99
55	74	85
55	76	3
55	77	78
55	78	119
55	79	6
55	80	64
55	81	30
55	82	17
55	83	95
55	84	10
55	86	375
55	87	194
55	88	3
55	92	153
55	93	64
55	95	3
55	96	88
55	97	75
55	98	6
56	0	10
56	1	174
56	3	34
56	4	935
56	5	12
56	7	181
56	8	814
56	9	74
56	10	8
56	11	1123
56	12	1212
56	13	87
56	14	451
56	15	40
56	16	848
56	17	23
56	18	407
56	19	2790
56	20	2
56	21	1711
56	25	91
56	27	238
56	29	368
56	30	1534
56	31	481
56	32	790
56	34	59
56	36	264
56	37	12
56	38	10
56	39	55
56	40	5642
56	41	1692
56	44	927
56	46	434
56	47	238
56	48	2
56	50	189
56	51	57
56	52	14
56	54	155
56	55	8
56	56	1445
56	57	68
56	58	6
56	62	51
56	64	106
56	65	19
56	66	110
56	67	306
56	69	2
56	70	434
56	71	460
56	73	473
56	74	505
56	77	215
56	78	162
56	79	4
56	80	70
56	81	44
56	82	2
56	83	176
56	84	4
56	86	213
56	87	1036
56	92	532
56	93	162
56	96	240
56	97	183
56	99	4
57	0	48
57	1	247
57	3	48
57	4	573
57	5	13
57	7	256
57	8	576
57	9	512
57	10	6
57	11	3283
57	12	718
57	13	122
57	14	795
57	15	116
57	16	937
57	17	61
57	18	238
57	19	854
57	20	4
57	21	1189
57	25	32
57	27	148
57	28	4
57	29	168
57	30	1930
57	31	449
57	32	609
57	34	26
57	36	670
57	37	10
57	38	21
57	39	92
57	40	3323
57	41	1193
57	44	293
57	45	2
57	46	201
57	47	455
57	48	4
57	50	118
57	51	41
57	52	2
57	54	175
57	55	72
57	56	273
57	57	392
57	58	4
57	62	98
57	64	133
57	65	6
57	66	46
57	67	431
57	68	2
57	69	4
57	70	429
57	71	1634
57	73	306
57	74	302
57	76	2
57	77	186
57	78	234
57	79	4
57	80	67
57	81	67
57	82	6
57	83	135
57	86	530
57	87	690
57	92	403
57	93	280
57	95	6
57	96	175
57	97	181
57	98	2
57	99	2
58	0	2
58	1	69
58	3	11
58	4	38
58	5	11
58	7	8
58	8	13
58	11	38
58	12	16
58	13	19
58	14	11
58	15	2
58	16	16
58	17	2
58	18	58
58	19	33
58	21	24
58	25	176
58	27	19
58	29	8
58	30	30
58	31	44
58	32	168
58	34	11
58	36	27
58	37	30
58	39	19
58	40	265
58	41	143
58	44	19
58	46	179
58	47	13
58	51	5
58	54	33
58	56	13
58	57	2
58	58	49
58	59	2
58	62	13
58	64	5
58	65	27
58	66	129
58	67	88
58	69	2
58	70	82
58	71	22
58	73	11
58	74	30
58	76	2
58	77	16
58	78	11
58	80	138
58	81	19
58	83	19
58	84	5
58	86	33
58	87	27
58	92	27
58	93	2
58	96	19
58	97	16
59	7	2
59	8	2
59	14	2
59	16	2
59	25	2
59	27	7
59	28	2
59	29	2
59	31	4
59	34	4
59	41	4
59	50	2
59	64	2
59	70	4
59	71	2
59	74	2
59	87	4
59	92	2
59	96	9
59	97	2
59	99	4
60	4	3
60	7	3
60	8	6
60	9	3
60	11	15
60	12	12
60	15	3
60	16	15
60	18	3
60	19	3
60	21	15
60	27	12
60	29	3
60	30	21
60	31	6
60	36	12
60	40	24
60	41	12
60	46	3
60	51	3
60	56	3
60	67	6
60	70	6
60	74	12
60	87	6
60	92	6
60	93	36
60	96	6
61	8	7
61	13	14
61	29	7
61	30	7
61	38	21
61	39	116
61	40	7
61	41	7
61	54	7
61	62	7
61	63	7
61	78	7
61	79	7
61	82	7
61	86	21
61	91	14
61	95	7
61	96	7
62	0	48
62	1	1137
62	2	2
62	3	204
62	4	975
62	5	15
62	7	344
62	8	382
62	9	68
62	11	895
62	12	557
62	13	926
62	14	342
62	15	350
62	16	417
62	17	126
62	18	311
62	19	724
62	20	75
62	21	453
62	25	88
62	27	113
62	28	11
62	29	93
62	30	462
62	31	595
62	32	1495
62	33	19
62	34	44
62	35	39
62	36	1315
62	37	111
62	38	228
62	39	697
62	40	4034
62	41	2174
62	43	4
62	44	195
62	45	26
62	46	584
62	47	366
62	48	4
62	49	6
62	50	104
62	51	64
62	52	4
62	54	337
62	55	82
62	56	139
62	57	35
62	62	2408
62	64	113
62	65	31
62	66	466
62	67	1039
62	68	2
62	69	13
62	70	695
62	71	961
62	73	248
62	74	328
62	77	255
62	78	1188
62	79	6
62	80	179
62	81	122
62	82	73
62	83	366
62	84	19
62	86	2117
62	87	517
62	91	22
62	92	419
62	93	55
62	95	11
62	96	131
62	97	202
62	98	4
62	99	2
63	21	8
63	30	8
63	38	8
63	39	112
63	40	25
63	45	8
63	62	8
63	63	8
63	78	17
63	80	8
63	86	8
64	0	25
64	1	376
64	3	134
64	4	473
64	5	11
64	7	236
64	8	470
64	9	51
64	11	839
64	12	545
64	13	59
64	14	328
64	15	94
64	16	333
64	17	34
64	18	279
64	19	479
64	20	2
64	21	619
64	25	8
64	27	77
64	28	2
64	29	171
64	30	627
64	31	1210
64	32	984
64	34	57
64	36	616
64	37	14
64	38	5
64	39	34
64	40	2200
64	41	1567
64	44	302
64	46	231
64	47	322
64	48	2
64	50	219
64	51	57
64	54	662
64	55	25
64	56	191
64	57	28
64	62	148
64	64	408
64	65	19
64	66	94
64	67	516
64	70	693
64	71	625
64	73	356
64	74	436
64	75	2
64	77	225
64	78	428
64	79	2
64	80	68
64	81	54
64	83	216
64	84	2
64	86	459
64	87	665
64	92	385
64	93	45
64	96	99
64	97	622
65	0	3
65	1	247
65	3	38
65	4	171
65	5	12
65	6	3
65	7	69
65	8	139
65	9	9
65	11	199
65	12	98
65	13	133
65	14	57
65	15	15
65	16	136
65	17	15
65	18	111
65	19	184
65	20	3
65	21	171
65	25	114
65	27	88
65	28	9
65	29	41
65	30	107
65	31	215
65	32	517
65	34	34
65	35	3
65	36	142
65	37	583
65	38	6
65	39	203
65	40	993
65	41	656
65	44	82
65	46	402
65	47	53
65	49	31
65	50	34
65	51	9
65	54	85
65	55	6
65	56	41
65	58	22
65	62	66
65	64	25
65	65	1795
65	66	567
65	67	234
65	69	69
65	70	244
65	71	196
65	73	69
65	74	120
65	76	3
65	77	25
65	78	101
65	79	15
65	80	2417
65	81	66
65	82	25
65	83	88
65	84	47
65	86	171
65	87	152
65	91	6
65	92	168
65	93	12
65	95	34
65	96	88
65	97	82
65	98	6
65	99	12
66	0	15
66	1	1325
66	3	123
66	4	701
66	5	10
66	7	161
66	8	287
66	9	17
66	10	2
66	11	325
66	12	151
66	13	681
66	14	113
66	15	118
66	16	189
66	17	42
66	18	467
66	19	366
66	20	7
66	21	254
66	25	411
66	27	106
66	28	20
66	29	68
66	30	217
66	31	499
66	32	1971
66	34	90
66	35	7
66	36	585
66	37	222
66	38	80
66	39	474
66	40	2648
66	41	2294
66	43	2
66	44	70
66	45	12
66	46	1216
66	47	131
66	49	88
66	50	50
66	51	35
66	52	5
66	54	239
66	55	7
66	56	53
66	57	5
66	58	78
66	62	244
66	64	47
66	65	302
66	66	2999
66	67	959
66	69	40
66	70	729
66	71	290
66	73	121
66	74	232
66	76	2
66	77	171
66	78	535
66	79	17
66	80	1209
66	81	345
66	82	70
66	83	219
66	84	40
66	86	752
66	87	257
66	91	7
66	92	497
66	93	37
66	95	55
66	96	184
66	97	199
66	98	5
66	99	5
67	0	13
67	1	973
67	2	4
67	3	355
67	4	672
67	5	13
67	7	278
67	8	508
67	9	81
67	11	872
67	12	644
67	13	337
67	14	330
67	15	280
67	16	361
67	17	46
67	18	311
67	19	510
67	21	517
67	25	92
67	27	138
67	28	15
67	29	111
67	30	510
67	31	854
67	32	2128
67	34	35
67	36	957
67	37	32
67	38	17
67	39	120
67	40	3101
67	41	2586
67	44	203
67	45	6
67	46	558
67	47	464
67	48	4
67	50	135
67	51	83
67	54	355
67	55	52
67	56	175
67	57	35
67	58	4
67	62	289
67	64	170
67	65	13
67	66	469
67	67	2275
67	70	872
67	71	846
67	73	315
67	74	425
67	77	289
67	78	1060
67	79	2
67	80	98
67	81	166
67	82	8
67	83	449
67	84	2
67	86	1185
67	87	598
67	92	473
67	93	67
67	96	190
67	97	276
68	4	8
68	8	2
68	11	5
68	12	5
68	13	2
68	15	5
68	19	2
68	21	2
68	31	8
68	32	2
68	39	2
68	40	2
68	41	5
68	46	5
68	62	5
68	66	2
68	67	2
68	71	5
68	74	2
68	77	5
68	78	5
68	80	2
68	86	5
68	87	5
68	96	2
69	0	3
69	1	54
69	3	7
69	4	15
69	6	3
69	7	23
69	8	11
69	9	7
69	11	19
69	12	27
69	13	19
69	14	15
69	15	11
69	16	15
69	17	3
69	18	15
69	19	46
69	21	54
69	25	31
69	27	23
69	28	7
69	29	11
69	30	19
69	31	43
69	32	117
69	34	31
69	36	50
69	37	273
69	38	7
69	39	113
69	40	109
69	41	101
69	44	7
69	45	3
69	46	54
69	47	3
69	50	3
69	51	3
69	52	3
69	54	7
69	58	3
69	62	58
69	64	11
69	65	78
69	66	74
69	67	23
69	69	101
69	70	27
69	71	31
69	73	7
69	74	31
69	77	11
69	78	46
69	79	3
69	80	250
69	81	3
69	82	35
69	84	50
69	86	89
69	87	23
69	91	7
69	92	15
69	93	11
69	95	39
69	96	11
69	97	23
69	98	7
69	99	3
70	0	9
70	1	637
70	3	105
70	4	1138
70	5	121
70	6	1
70	7	335
70	8	1672
70	9	55
70	10	1
70	11	1134
70	12	1029
70	13	239
70	14	395
70	15	105
70	16	1256
70	17	49
70	18	2987
70	19	1642
70	20	7
70	21	2158
70	23	1
70	25	283
70	26	1
70	27	493
70	28	9
70	29	671
70	30	1059
70	31	1978
70	32	2511
70	34	283
70	35	1
70	36	483
70	37	53
70	38	23
70	39	167
70	40	6304
70	41	4505
70	44	623
70	46	1656
70	47	283
70	48	1
70	49	1
70	50	173
70	51	69
70	52	7
70	54	1166
70	55	29
70	56	351
70	57	43
70	58	19
70	62	161
70	64	281
70	65	109
70	66	277
70	67	955
70	69	3
70	70	5269
70	71	621
70	73	497
70	74	1836
70	76	3
70	77	261
70	78	373
70	79	9
70	80	395
70	81	139
70	82	9
70	83	311
70	84	23
70	86	541
70	87	1352
70	92	2669
70	93	161
70	95	7
70	96	859
70	97	483
70	98	3
70	99	5
71	0	173
71	1	525
71	3	131
71	4	1289
71	5	28
71	7	758
71	8	839
71	9	355
71	10	10
71	11	4271
71	12	1340
71	13	204
71	14	1421
71	15	316
71	16	1307
71	17	142
71	18	533
71	19	1531
71	20	4
71	21	1700
71	25	52
71	27	270
71	28	13
71	29	344
71	30	2056
71	31	962
71	32	1395
71	33	2
71	34	46
71	36	1964
71	37	37
71	38	65
71	39	292
71	40	8231
71	41	2476
71	44	555
71	45	4
71	46	397
71	47	1331
71	48	48
71	49	4
71	50	243
71	51	76
71	52	6
71	54	408
71	55	344
71	56	428
71	57	544
71	58	4
71	62	290
71	64	171
71	65	46
71	66	164
71	67	977
71	68	2
71	69	8
71	70	896
71	71	8695
71	72	2
71	73	580
71	74	685
71	77	610
71	78	615
71	79	24
71	80	188
71	81	87
71	82	8
71	83	362
71	84	6
71	86	1428
71	87	1368
71	88	10
71	91	2
71	92	773
71	93	270
71	96	327
71	97	303
71	98	6
71	99	4
72	0	13
72	1	41
72	2	9
72	4	18
72	7	18
72	8	9
72	11	18
72	12	13
72	13	18
72	15	4
72	16	18
72	18	18
72	19	4
72	21	4
72	22	32
72	25	13
72	27	13
72	30	18
72	31	23
72	32	41
72	35	4
72	36	41
72	37	41
72	38	60
72	39	687
72	40	83
72	41	41
72	43	23
72	44	4
72	45	74
72	46	13
72	47	13
72	48	4
72	54	23
72	55	9
72	62	55
72	65	4
72	66	55
72	67	18
72	69	9
72	70	27
72	71	13
72	72	144
72	73	13
72	74	18
72	77	4
72	78	18
72	79	538
72	80	92
72	81	9
72	82	23
72	83	4
72	84	55
72	86	41
72	87	27
72	91	13
72	92	9
72	93	4
72	95	4
72	96	4
72	97	13
72	98	37
73	0	28
73	1	427
73	3	106
73	4	926
73	5	16
73	7	193
73	8	781
73	9	96
73	10	3
73	11	846
73	12	1331
73	13	138
73	14	366
73	15	80
73	16	736
73	17	28
73	18	556
73	19	2802
73	21	1122
73	25	61
73	27	263
73	28	12
73	29	479
73	30	714
73	31	772
73	32	1331
73	34	96
73	35	3
73	36	524
73	37	35
73	38	6
73	39	93
73	40	6640
73	41	2055
73	44	424
73	46	823
73	47	228
73	48	3
73	50	434
73	51	67
73	52	3
73	54	305
73	55	41
73	56	492
73	57	61
73	62	160
73	64	193
73	65	54
73	66	131
73	67	543
73	70	752
73	71	611
73	73	2017
73	74	595
73	77	292
73	78	283
73	79	12
73	80	115
73	81	80
73	82	3
73	83	302
73	84	3
73	86	321
73	87	846
73	90	3
73	91	3
73	92	878
73	93	122
73	96	292
73	97	295
73	99	9
74	0	15
74	1	151
74	3	37
74	4	509
74	5	17
74	7	167
74	8	1107
74	9	49
74	10	9
74	11	523
74	12	487
74	13	71
74	14	215
74	15	13
74	16	697
74	17	13
74	18	725
74	19	1372
74	20	1
74	21	1129
74	25	87
74	27	279
74	28	7
74	29	423
74	30	461
74	31	593
74	32	683
74	34	87
74	36	225
74	37	17
74	38	3
74	39	37
74	40	3059
74	41	1408
74	44	435
74	46	355
74	47	161
74	50	135
74	51	29
74	52	11
74	54	281
74	55	9
74	56	309
74	57	39
74	58	3
74	62	55
74	64	113
74	65	11
74	66	69
74	67	287
74	68	1
74	70	803
74	71	257
74	73	255
74	74	1734
74	77	165
74	78	115
74	80	55
74	81	39
74	82	3
74	83	145
74	84	9
74	86	153
74	87	807
74	91	3
74	92	973
74	93	125
74	96	409
74	97	173
74	99	1
75	7	5
75	11	5
75	16	11
75	18	17
75	21	11
75	27	46
75	28	40
75	29	5
75	32	11
75	34	17
75	40	5
75	41	11
75	70	17
75	74	11
75	92	11
75	93	5
75	96	5
75	99	23
76	0	2
76	1	62
76	2	2
76	3	2
76	4	28
76	6	2
76	7	11
76	8	11
76	11	31
76	12	19
76	13	62
76	14	11
76	15	5
76	16	22
76	17	2
76	18	14
76	19	45
76	20	2
76	21	22
76	25	8
76	27	17
76	30	11
76	31	17
76	32	54
76	35	2
76	36	79
76	37	39
76	38	25
76	39	550
76	40	139
76	41	62
76	44	8
76	45	37
76	46	39
76	47	31
76	51	5
76	54	8
76	55	5
76	56	11
76	62	51
76	64	14
76	65	14
76	66	34
76	67	48
76	69	5
76	70	28
76	71	34
76	72	8
76	73	2
76	74	8
76	76	31
76	77	2
76	78	17
76	79	25
76	80	79
76	81	8
76	82	68
76	83	28
76	84	42
76	86	48
76	87	17
76	91	11
76	92	25
76	93	2
76	95	17
76	96	8
76	97	2
76	98	5
77	0	10
77	1	321
77	2	4
77	3	120
77	4	900
77	5	4
77	7	212
77	8	386
77	9	27
77	10	2
77	11	641
77	12	555
77	13	87
77	14	298
77	15	115
77	16	338
77	17	27
77	18	218
77	19	797
77	20	2
77	21	570
77	25	23
77	26	2
77	27	87
77	29	141
77	30	448
77	31	516
77	32	885
77	34	19
77	36	838
77	37	8
77	38	8
77	39	92
77	40	4339
77	41	1280
77	44	201
77	46	613
77	47	308
77	48	10
77	50	70
77	51	49
77	52	4
77	53	2
77	54	255
77	55	27
77	56	178
77	57	25
77	62	120
77	64	117
77	65	27
77	66	109
77	67	465
77	69	4
77	70	461
77	71	570
77	73	358
77	74	308
77	77	652
77	78	431
77	79	2
77	80	83
77	81	60
77	82	4
77	83	283
77	84	4
77	86	523
77	87	489
77	92	379
77	93	30
77	96	111
77	97	175
77	98	2
78	0	25
78	1	1446
78	3	466
78	4	882
78	5	13
78	7	434
78	8	575
78	9	111
78	10	2
78	11	1325
78	12	789
78	13	518
78	14	545
78	15	609
78	16	552
78	17	113
78	18	432
78	19	675
78	20	2
78	21	793
78	25	104
78	27	166
78	28	9
78	29	202
78	30	798
78	31	1314
78	32	2019
78	33	2
78	34	20
78	35	11
78	36	1821
78	37	43
78	38	29
78	39	266
78	40	4321
78	41	3074
78	44	343
78	45	4
78	46	573
78	47	709
78	48	6
78	50	134
78	51	118
78	52	2
78	54	568
78	55	72
78	56	250
78	57	43
78	58	11
78	62	720
78	64	277
78	65	18
78	66	586
78	67	1523
78	68	4
78	69	11
78	70	1073
78	71	1373
78	73	402
78	74	518
78	76	2
78	77	370
78	78	2426
78	79	4
78	80	150
78	81	161
78	82	13
78	83	557
78	84	6
78	85	2
78	86	2644
78	87	645
78	91	2
78	92	586
78	93	90
78	95	4
78	96	247
78	97	402
78	98	4
78	99	4
79	0	20
79	1	112
79	2	20
79	3	4
79	4	32
79	7	12
79	8	44
79	9	4
79	11	76
79	12	56
79	13	64
79	14	48
79	15	20
79	16	32
79	17	4
79	18	28
79	19	32
79	21	52
79	22	48
79	25	44
79	27	32
79	28	4
79	30	48
79	31	48
79	32	128
79	34	8
79	35	16
79	36	80
79	37	148
79	38	116
79	39	1633
79	40	196
79	41	128
79	43	20
79	44	12
79	45	180
79	46	40
79	47	12
79	53	4
79	54	68
79	56	8
79	57	12
79	58	12
79	62	72
79	64	12
79	65	44
79	66	144
79	67	60
79	69	8
79	70	80
79	71	88
79	72	132
79	73	4
79	74	16
79	76	8
79	77	8
79	78	44
79	79	2974
79	80	356
79	81	8
79	82	24
79	83	36
79	84	208
79	86	108
79	87	64
79	91	28
79	92	32
79	95	24
79	96	8
79	97	32
79	98	232
79	99	4
80	0	17
80	1	1037
80	2	8
80	3	59
80	4	458
80	5	37
80	6	19
80	7	273
80	8	381
80	9	113
80	10	2
80	11	689
80	12	401
80	13	484
80	14	282
80	15	88
80	16	424
80	17	34
80	18	675
80	19	792
80	20	11
80	21	692
80	22	5
80	25	851
80	27	339
80	28	31
80	29	165
80	30	470
80	31	752
80	32	1906
80	34	159
80	36	675
80	37	2994
80	38	65
80	39	1014
80	40	2108
80	41	1840
80	43	2
80	44	213
80	45	19
80	46	1914
80	47	239
80	48	2
80	49	8
80	50	76
80	51	14
80	52	11
80	54	578
80	55	37
80	56	151
80	57	25
80	58	122
80	62	202
80	64	111
80	65	2484
80	66	1723
80	67	789
80	68	2
80	69	122
80	70	931
80	71	700
80	72	5
80	73	302
80	74	470
80	76	19
80	77	159
80	78	510
80	79	82
80	80	23757
80	81	193
80	82	76
80	83	173
80	84	245
80	86	794
80	87	632
80	91	8
80	92	569
80	93	99
80	95	74
80	96	304
80	97	219
80	98	22
80	99	25
81	0	5
81	1	701
81	3	109
81	4	556
81	5	9
81	7	198
81	8	390
81	9	22
81	11	424
81	12	333
81	13	247
81	14	183
81	15	116
81	16	339
81	17	32
81	18	418
81	19	616
81	20	1
81	21	530
81	25	177
81	27	132
81	28	1
81	29	115
81	30	273
81	31	641
81	32	2430
81	34	39
81	36	409
81	37	37
81	38	7
81	39	56
81	40	2843
81	41	2175
81	44	162
81	46	909
81	47	224
81	49	3
81	50	56
81	51	33
81	52	5
81	54	320
81	55	7
81	56	101
81	57	11
81	58	13
81	62	137
81	64	139
81	65	47
81	66	511
81	67	875
81	69	1
81	70	671
81	71	273
81	73	241
81	74	316
81	77	126
81	78	318
81	79	1
81	80	150
81	81	337
81	82	7
81	83	222
81	84	11
81	86	566
81	87	454
81	91	3
81	92	469
81	93	49
81	95	11
81	96	137
81	97	203
81	98	3
81	99	1
82	0	4
82	1	287
82	2	2
82	3	33
82	4	206
82	6	2
82	7	40
82	8	61
82	9	11
82	11	123
82	12	121
82	13	463
82	14	47
82	15	23
82	16	45
82	17	14
82	18	35
82	19	90
82	20	9
82	21	85
82	25	30
82	27	28
82	29	28
82	30	49
82	31	71
82	32	323
82	34	9
82	35	26
82	36	287
82	37	78
82	38	104
82	39	858
82	40	767
82	41	406
82	43	9
82	44	57
82	45	16
82	46	204
82	47	64
82	49	14
82	50	7
82	51	4
82	52	2
82	54	26
82	55	4
82	56	11
82	62	278
82	64	14
82	65	52
82	66	294
82	67	218
82	69	14
82	70	87
82	71	190
82	73	38
82	74	52
82	76	19
82	77	47
82	78	149
82	79	16
82	80	209
82	81	38
82	82	618
82	83	78
82	84	38
82	86	225
82	87	76
82	91	2
82	92	78
82	93	7
82	95	45
82	96	21
82	97	19
82	98	9
83	0	4
83	1	414
83	3	240
83	4	1152
83	5	9
83	7	226
83	8	435
83	9	45
83	11	626
83	12	709
83	13	142
83	14	359
83	15	126
83	16	393
83	17	16
83	18	300
83	19	1176
83	20	2
83	21	590
83	25	23
83	27	152
83	28	9
83	29	111
83	30	416
83	31	545
83	32	1152
83	33	2
83	34	28
83	36	538
83	37	28
83	38	23
83	39	88
83	40	5040
83	41	2313
83	44	262
83	46	490
83	47	321
83	48	4
83	50	97
83	51	80
83	52	4
83	54	273
83	55	14
83	56	216
83	57	23
83	58	2
83	62	140
83	64	157
83	65	14
83	66	152
83	67	912
83	69	4
83	70	588
83	71	540
83	73	407
83	74	323
83	77	319
83	78	543
83	79	2
83	80	71
83	81	33
83	82	9
83	83	1819
83	84	2
83	86	509
83	87	519
83	91	2
83	92	485
83	93	40
83	95	2
83	96	145
83	97	233
84	0	3
84	1	212
84	3	10
84	4	106
84	5	3
84	6	30
84	7	24
84	8	41
84	9	17
84	10	3
84	11	126
84	12	37
84	13	116
84	14	41
84	15	17
84	16	75
84	17	3
84	18	68
84	19	92
84	21	89
84	22	3
84	25	89
84	27	44
84	28	6
84	30	68
84	31	99
84	32	219
84	33	3
84	34	3
84	35	6
84	36	175
84	37	528
84	38	61
84	39	964
84	40	459
84	41	195
84	43	34
84	44	20
84	45	44
84	46	137
84	47	27
84	49	3
84	50	6
84	51	6
84	54	78
84	55	10
84	56	13
84	57	3
84	58	3
84	62	120
84	64	13
84	65	202
84	66	422
84	67	157
84	69	82
84	70	126
84	71	89
84	72	6
84	73	44
84	74	68
84	76	17
84	77	20
84	78	96
84	79	219
84	80	1393
84	81	34
84	82	96
84	83	51
84	84	552
84	86	240
84	87	65
84	90	3
84	91	6
84	92	75
84	93	6
84	95	168
84	96	24
84	97	37
84	98	161
85	1	6
85	4	6
85	7	6
85	9	13
85	11	13
85	13	6
85	14	6
85	16	13
85	17	6
85	21	13
85	27	13
85	30	26
85	31	6
85	36	13
85	39	6
85	40	32
85	41	13
85	47	6
85	55	6
85	62	13
85	64	6
85	69	6
85	71	19
85	73	6
85	77	6
85	78	6
85	86	6
85	87	13
85	93	19
86	0	37
86	1	286
86	3	108
86	4	282
86	5	4
86	7	117
86	8	129
86	9	52
86	10	2
86	11	458
86	12	215
86	13	221
86	14	188
86	15	127
86	16	159
86	17	64
86	18	98
86	19	234
86	20	4
86	21	238
86	25	27
86	27	48
86	28	6
86	29	33
86	30	244
86	31	255
86	32	456
86	33	10
86	34	14
86	35	10
86	36	711
86	37	14
86	38	37
86	39	102
86	40	1358
86	41	726
86	44	92
86	45	6
86	46	182
86	47	171
86	48	2
86	49	2
86	50	31
86	51	27
86	52	2
86	54	79
86	55	37
86	56	64
86	57	33
86	58	2
86	62	401
86	64	50
86	65	4
86	66	123
86	67	364
86	69	4
86	70	205
86	71	414
86	73	96
86	74	83
86	77	123
86	78	395
86	79	2
86	80	75
86	81	43
86	82	31
86	83	138
86	84	2
86	86	1159
86	87	259
86	92	186
86	93	46
86	95	2
86	96	58
86	97	60
87	0	13
87	1	172
87	3	57
87	4	579
87	5	19
87	7	149
87	8	650
87	9	36
87	10	1
87	11	598
87	12	679
87	13	63
87	14	249
87	15	30
87	16	552
87	17	13
87	18	447
87	19	2038
87	21	1078
87	25	59
87	27	163
87	28	5
87	29	362
87	30	531
87	31	608
87	32	804
87	34	63
87	35	1
87	36	299
87	37	13
87	38	5
87	39	53
87	40	4290
87	41	1324
87	44	458
87	46	418
87	47	180
87	50	280
87	51	36
87	52	3
87	54	257
87	55	13
87	56	364
87	57	36
87	58	9
87	62	51
87	64	209
87	65	26
87	66	40
87	67	362
87	70	702
87	71	347
87	73	447
87	74	725
87	75	1
87	77	157
87	78	166
87	80	57
87	81	34
87	82	3
87	83	197
87	84	1
87	86	188
87	87	1625
87	92	592
87	93	124
87	96	230
87	97	270
87	99	3
88	4	5
88	7	7
88	9	7
88	11	12
88	12	7
88	13	2
88	14	10
88	16	7
88	17	2
88	18	2
88	19	5
88	20	2
88	21	12
88	27	2
88	28	2
88	29	2
88	30	12
88	31	2
88	36	10
88	39	2
88	40	33
88	41	25
88	44	2
88	46	7
88	47	10
88	55	10
88	56	2
88	57	5
88	67	7
88	70	2
88	71	58
88	73	2
88	74	5
88	77	5
88	83	7
88	86	12
88	87	5
89	4	3
89	9	3
89	14	6
89	16	3
89	21	3
89	28	3
89	30	3
89	32	3
89	36	6
89	40	6
89	41	3
89	44	3
89	57	3
89	67	6
89	71	13
90	12	9
90	13	9
90	14	9
90	20	9
90	36	18
90	39	120
90	41	9
90	45	18
90	47	9
90	62	9
90	73	9
90	83	9
90	87	18
90	91	9
91	0	10
91	1	21
91	2	21
91	3	10
91	4	10
91	5	3
91	7	14
91	8	17
91	9	3
91	11	42
91	12	17
91	13	24
91	14	17
91	15	3
91	16	14
91	18	10
91	19	21
91	21	24
91	25	10
91	27	3
91	28	3
91	29	3
91	30	14
91	31	24
91	32	46
91	33	3
91	34	3
91	35	14
91	36	35
91	37	3
91	38	46
91	39	1080
91	40	135
91	41	71
91	44	10
91	45	28
91	46	24
91	47	21
91	51	3
91	54	17
91	55	7
91	56	3
91	62	78
91	64	7
91	65	3
91	66	14
91	67	39
91	70	21
91	71	53
91	72	3
91	73	7
91	74	10
91	76	3
91	77	10
91	78	17
91	79	10
91	80	21
91	81	17
91	82	28
91	83	42
91	84	3
91	86	78
91	87	7
91	91	89
91	92	24
91	93	3
91	95	3
91	96	3
91	97	10
91	98	10
91	99	3
92	0	1
92	1	34
92	3	6
92	4	60
92	5	11
92	7	13
92	8	92
92	9	6
92	10	1
92	11	37
92	12	55
92	13	3
92	14	24
92	15	6
92	16	99
92	17	4
92	18	237
92	19	114
92	21	130
92	25	14
92	27	65
92	28	1
92	29	89
92	30	65
92	31	78
92	32	122
92	34	14
92	36	19
92	39	8
92	40	381
92	41	219
92	44	19
92	46	52
92	47	21
92	50	11
92	51	6
92	54	58
92	55	1
92	56	9
92	57	3
92	58	1
92	62	6
92	64	8
92	65	1
92	66	8
92	67	30
92	70	190
92	71	43
92	73	35
92	74	138
92	77	16
92	78	14
92	79	1
92	80	4
92	81	3
92	83	19
92	86	35
92	87	102
92	92	451
92	93	3
92	96	128
92	97	13
92	99	1
93	0	5
93	1	62
93	2	2
93	3	10
93	4	210
93	5	8
93	7	65
93	8	270
93	9	249
93	10	2
93	11	591
93	12	265
93	13	38
93	14	153
93	15	27
93	16	946
93	17	10
93	18	139
93	19	328
93	21	1100
93	25	30
93	26	13
93	27	235
93	28	8
93	29	238
93	30	793
93	31	134
93	32	238
93	33	5
93	34	19
93	35	2
93	36	183
93	37	5
93	38	5
93	39	71
93	40	1198
93	41	446
93	44	164
93	45	2
93	46	84
93	47	84
93	48	8
93	50	8
93	51	16
93	52	21
93	54	68
93	55	13
93	56	109
93	57	32
93	59	2
93	62	13
93	64	46
93	65	5
93	66	10
93	67	98
93	69	2
93	70	213
93	71	194
93	73	73
93	74	210
93	77	43
93	78	43
93	80	60
93	81	2
93	82	5
93	83	24
93	84	8
93	86	106
93	87	383
93	92	243
93	93	1866
93	95	5
93	96	109
93	97	65
93	99	2
94	1	21
94	4	3
94	11	15
94	13	15
94	14	3
94	15	9
94	16	3
94	18	12
94	19	18
94	30	9
94	31	12
94	32	36
94	35	6
94	36	12
94	37	18
94	38	6
94	39	93
94	40	60
94	41	27
94	43	6
94	44	3
94	46	9
94	47	6
94	50	3
94	54	6
94	56	3
94	62	12
94	65	3
94	66	24
94	67	9
94	70	3
94	71	12
94	73	3
94	74	3
94	76	3
94	78	12
94	79	6
94	80	12
94	82	30
94	83	12
94	84	9
94	86	9
94	87	6
94	91	3
94	92	6
94	95	9
94	97	3
94	98	3
95	0	5
95	1	93
95	2	8
95	3	8
95	4	36
95	5	5
95	6	2
95	7	14
95	8	25
95	9	5
95	11	64
95	12	19
95	13	98
95	14	33
95	15	14
95	16	25
95	17	5
95	18	14
95	19	53
95	20	5
95	21	33
95	25	16
95	27	8
95	29	11
95	30	31
95	31	39
95	32	152
95	33	2
95	34	8
95	36	110
95	37	127
95	38	11
95	39	381
95	40	268
95	41	118
95	43	5
95	44	11
95	45	5
95	46	64
95	47	14
95	49	5
95	50	2
95	54	14
95	55	5
95	56	5
95	62	76
95	64	2
95	65	39
95	66	155
95	67	70
95	69	67
95	70	16
95	71	90
95	73	16
95	74	25
95	76	19
95	77	5
95	78	62
95	79	8
95	80	197
95	81	8
95	82	42
95	83	28
95	84	45
95	86	101
95	87	53
95	91	2
95	92	31
95	93	8
95	95	189
95	96	2
95	97	8
95	98	16
96	0	1
96	1	117
96	3	36
96	4	469
96	5	140
96	7	148
96	8	852
96	9	30
96	10	5
96	11	440
96	12	446
96	13	41
96	14	203
96	15	22
96	16	651
96	17	9
96	18	1181
96	19	900
96	20	1
96	21	1253
96	25	98
96	26	1
96	27	869
96	28	11
96	29	805
96	30	452
96	31	596
96	32	754
96	34	165
96	36	184
96	37	15
96	38	9
96	39	41
96	40	2729
96	41	1661
96	44	222
96	46	396
96	47	81
96	50	98
96	51	18
96	52	13
96	53	1
96	54	336
96	55	5
96	56	146
96	57	22
96	58	3
96	62	32
96	64	91
96	65	17
96	66	32
96	67	273
96	70	1080
96	71	250
96	73	182
96	74	782
96	77	94
96	78	142
96	79	3
96	80	68
96	81	41
96	83	62
96	84	3
96	86	157
96	87	712
96	91	1
96	92	2018
96	93	94
96	96	1696
96	97	167
96	98	3
96	99	7
97	0	6
97	1	466
97	3	132
97	4	578
97	5	49
97	7	302
97	8	1034
97	9	141
97	10	2
97	11	1238
97	12	973
97	13	123
97	14	491
97	15	251
97	16	675
97	17	31
97	18	805
97	19	1047
97	20	2
97	21	1032
97	25	215
97	26	2
97	27	226
97	28	6
97	29	293
97	30	973
97	31	2589
97	32	1927
97	34	118
97	36	771
97	37	24
97	38	17
97	39	107
97	40	3648
97	41	2923
97	44	459
97	46	805
97	47	596
97	48	4
97	49	2
97	50	298
97	51	109
97	52	11
97	54	1009
97	55	24
97	56	336
97	57	53
97	58	2
97	62	136
97	64	334
97	65	22
97	66	244
97	67	857
97	69	2
97	70	1328
97	71	801
97	73	453
97	74	1007
97	77	381
97	78	596
97	79	4
97	80	136
97	81	80
97	82	4
97	83	284
97	84	4
97	86	877
97	87	1539
97	91	4
97	92	902
97	93	127
97	95	4
97	96	376
97	97	1218
97	98	6
97	99	6
98	0	8
98	1	68
98	4	32
98	7	12
98	8	16
98	11	56
98	12	36
98	13	56
98	14	48
98	15	16
98	16	20
98	18	16
98	19	12
98	21	24
98	22	4
98	25	48
98	27	24
98	30	16
98	31	36
98	32	84
98	34	4
98	35	4
98	36	44
98	37	192
98	38	56
98	39	926
98	40	100
98	41	52
98	43	44
98	44	8
98	45	124
98	46	28
98	47	12
98	50	8
98	51	8
98	54	24
98	55	4
98	56	4
98	57	4
98	58	4
98	62	92
98	64	12
98	65	56
98	66	108
98	67	20
98	69	16
98	70	40
98	71	52
98	72	36
98	73	24
98	74	28
98	76	8
98	77	12
98	78	16
98	79	557
98	80	368
98	81	12
98	82	52
98	83	4
98	84	336
98	86	88
98	87	16
98	91	12
98	92	12
98	95	28
98	96	16
98	97	12
98	98	380
99	0	9
99	1	14
99	4	44
99	5	98
99	7	14
99	8	152
99	11	68
99	12	34
99	13	44
99	14	44
99	16	103
99	18	412
99	19	49
99	21	98
99	23	9
99	25	88
99	27	990
99	28	461
99	29	147
99	30	49
99	31	107
99	32	117
99	34	519
99	36	19
99	37	4
99	38	4
99	39	9
99	40	147
99	41	147
99	44	14
99	46	152
99	47	19
99	48	4
99	50	9
99	51	4
99	52	29
99	54	34
99	56	19
99	57	4
99	58	4
99	59	4
99	62	4
99	64	14
99	65	4
99	66	24
99	67	34
99	70	245
99	71	29
99	73	34
99	74	225
99	75	4
99	78	9
99	80	49
99	81	9
99	82	4
99	83	9
99	86	29
99	87	142
99	92	259
99	93	93
99	96	220
99	97	29
99	99	853
