73	3556
0	0	524
0	1	26
0	2	71
0	5	26
0	6	185
0	7	11
0	8	41
0	9	23
0	10	20
0	11	8
0	13	104
0	14	26
0	15	17
0	16	92
0	17	74
0	19	739
0	20	17
0	21	38
0	22	44
0	27	23
0	28	47
0	30	107
0	31	17
0	32	38
0	33	5
0	34	53
0	35	407
0	37	20
0	38	5
0	40	101
0	42	26
0	43	2
0	44	20
0	45	38
0	47	11
0	49	2
0	50	2
0	51	8
0	55	41
0	56	2
0	57	14
0	58	17
0	59	2
0	60	164
0	61	74
0	64	14
0	65	83
0	67	107
0	68	8
0	70	167
0	71	32
1	0	11
1	1	1498
1	2	1261
1	3	15
1	5	340
1	6	4
1	7	887
1	8	642
1	9	326
1	10	844
1	11	18
1	12	18
1	13	4113
1	14	380
1	15	378
1	16	2029
1	17	425
1	19	272
1	20	624
1	21	905
1	22	687
1	23	4
1	27	412
1	30	76
1	31	657
1	32	360
1	33	139
1	34	509
1	35	304
1	37	168
1	38	27
1	40	103
1	41	9
1	42	227
1	43	18
1	44	51
1	45	56
1	47	13
1	49	15
1	50	148
1	51	146
1	54	2
1	56	49
1	57	272
1	58	87
1	59	67
1	60	1365
1	61	2647
1	62	47
1	64	22
1	65	2277
1	67	3850
1	68	238
1	70	2669
1	71	369
1	72	2
2	0	7
2	1	442
2	2	1698
2	5	193
2	6	7
2	7	770
2	8	466
2	9	113
2	10	352
2	11	16
2	12	21
2	13	3244
2	14	260
2	15	217
2	16	898
2	17	299
2	19	210
2	20	408
2	21	500
2	22	333
2	27	205
2	28	2
2	29	12
2	30	43
2	31	372
2	32	181
2	33	67
2	34	425
2	35	265
2	37	280
2	38	14
2	40	94
2	41	4
2	42	183
2	44	26
2	45	31
2	46	7
2	47	12
2	49	12
2	50	91
2	51	74
2	52	2
2	56	38
2	57	142
2	58	48
2	59	62
2	60	1053
2	61	1835
2	62	99
2	64	16
2	65	1862
2	67	1715
2	68	178
2	70	1304
2	71	128
4	1	29
4	2	42
4	4	89
4	5	15
4	7	67
4	8	22
4	9	6
4	10	29
4	13	414
4	14	472
4	15	22
4	16	199
4	17	17
4	19	4
4	20	17
4	21	38
4	22	62
4	23	107
4	24	29
4	25	31
4	27	29
4	31	87
4	32	38
4	34	11
4	35	17
4	36	4
4	37	13
4	38	40
4	40	4
4	41	109
4	42	1059
4	43	2
4	44	4
4	46	2
4	48	2
4	49	214
4	50	223
4	51	11
4	56	4
4	57	22
4	58	8
4	59	87
4	60	98
4	61	82
4	65	94
4	67	85
4	68	51
4	69	6
4	70	89
4	71	31
4	72	4
5	0	4
5	1	650
5	2	948
5	3	18
5	5	2195
5	6	4
5	7	657
5	8	511
5	9	506
5	10	2218
5	11	22
5	12	105
5	13	3993
5	14	490
5	15	435
5	16	4304
5	17	424
5	19	256
5	20	472
5	21	586
5	22	1460
5	23	9
5	27	614
5	29	2
5	30	55
5	31	582
5	32	1026
5	33	311
5	34	371
5	35	201
5	37	100
5	38	20
5	40	100
5	41	6
5	42	194
5	43	77
5	44	64
5	45	27
5	46	6
5	47	13
5	49	16
5	50	139
5	51	213
5	55	2
5	56	61
5	57	334
5	58	254
5	59	41
5	60	1636
5	61	1462
5	62	64
5	64	41
5	65	1895
5	67	3431
5	68	249
5	70	2189
5	71	758
6	0	90
6	1	37
6	2	12
6	3	3
6	5	3
6	6	165
6	7	6
6	8	6
6	9	12
6	10	6
6	11	3
6	13	81
6	14	6
6	15	3
6	16	49
6	17	37
6	19	140
6	20	3
6	21	12
6	22	9
6	27	12
6	28	28
6	30	12
6	31	6
6	32	6
6	33	6
6	34	24
6	35	190
6	36	3
6	37	3
6	40	43
6	42	6
6	43	3
6	44	3
6	45	46
6	46	3
6	49	3
6	50	9
6	51	3
6	55	15
6	56	3
6	57	9
6	58	3
6	60	71
6	61	28
6	62	3
6	64	6
6	65	18
6	67	31
6	68	3
6	70	90
7	1	200
7	2	359
7	5	142
7	7	1099
7	8	324
7	9	104
7	10	346
7	11	8
7	12	41
7	13	2107
7	14	277
7	15	233
7	16	1044
7	17	107
7	19	104
7	20	442
7	21	293
7	22	414
7	23	5
7	27	299
7	29	10
7	30	21
7	31	494
7	32	288
7	33	32
7	34	140
7	35	90
7	37	57
7	38	13
7	40	38
7	41	16
7	42	184
7	43	8
7	44	16
7	45	10
7	47	2
7	49	8
7	50	68
7	51	101
7	54	2
7	56	63
7	57	170
7	58	24
7	59	13
7	60	362
7	61	631
7	62	13
7	64	19
7	65	434
7	67	914
7	68	153
7	70	598
7	71	258
8	0	4
8	1	307
8	2	714
8	3	2
8	4	2
8	5	133
8	7	1105
8	8	1204
8	9	112
8	10	326
8	11	27
8	12	14
8	13	3521
8	14	409
8	15	267
8	16	852
8	17	193
8	19	84
8	20	640
8	21	504
8	22	322
8	23	4
8	27	209
8	29	14
8	30	33
8	31	574
8	32	229
8	33	23
8	34	258
8	35	159
8	37	180
8	38	10
8	40	46
8	41	2
8	42	277
8	43	4
8	44	19
8	45	27
8	47	8
8	49	8
8	50	139
8	51	78
8	56	55
8	57	101
8	58	31
8	59	44
8	60	581
8	61	1525
8	62	55
8	64	14
8	65	956
8	67	1251
8	68	167
8	70	825
8	71	190
9	0	6
9	1	984
9	2	1198
9	3	14
9	5	732
9	7	594
9	8	502
9	9	1341
9	10	1380
9	11	32
9	12	59
9	13	4140
9	14	377
9	15	420
9	16	2997
9	17	449
9	19	316
9	20	389
9	21	722
9	22	890
9	25	2
9	27	459
9	29	6
9	30	81
9	31	616
9	32	543
9	33	398
9	34	530
9	35	257
9	37	118
9	38	22
9	40	77
9	41	4
9	42	247
9	43	24
9	44	67
9	45	46
9	47	16
9	49	20
9	50	122
9	51	126
9	56	83
9	57	289
9	58	159
9	59	28
9	60	1588
9	61	1757
9	62	28
9	64	24
9	65	2382
9	67	3828
9	68	218
9	69	2
9	70	3185
9	71	508
9	72	2
10	0	9
10	1	794
10	2	1048
10	3	7
10	4	2
10	5	998
10	6	7
10	7	710
10	8	891
10	9	534
10	10	2895
10	11	21
10	12	128
10	13	3552
10	14	724
10	15	485
10	16	4286
10	17	429
10	19	288
10	20	562
10	21	558
10	22	1430
10	23	2
10	25	2
10	26	2
10	27	609
10	29	16
10	30	75
10	31	712
10	32	1106
10	33	513
10	34	368
10	35	208
10	36	2
10	37	157
10	38	18
10	40	75
10	41	4
10	42	178
10	43	23
10	44	39
10	45	70
10	46	2
10	47	4
10	49	18
10	50	135
10	51	159
10	56	103
10	57	389
10	58	103
10	59	25
10	60	1348
10	61	1803
10	62	35
10	64	21
10	65	1997
10	67	4166
10	68	262
10	69	9
10	70	2326
10	71	565
11	1	2
11	2	14
11	5	2
11	7	7
11	8	14
11	10	4
11	13	59
11	14	2
11	15	4
11	16	12
11	20	4
11	21	9
11	22	4
11	27	2
11	31	4
11	32	2
11	33	2
11	34	2
11	35	2
11	37	4
11	42	4
11	45	2
11	51	2
11	60	9
11	61	44
11	62	2
11	65	9
11	67	19
11	68	2
11	70	14
11	71	2
12	1	168
12	2	212
12	5	309
12	6	2
12	7	174
12	8	179
12	9	127
12	10	508
12	12	331
12	13	864
12	14	124
12	15	143
12	16	1124
12	17	96
12	19	49
12	20	154
12	21	135
12	22	663
12	23	5
12	27	295
12	30	2
12	31	185
12	32	508
12	33	80
12	34	99
12	35	27
12	37	16
12	38	5
12	40	22
12	42	35
12	43	5
12	44	11
12	45	5
12	47	8
12	49	13
12	50	55
12	51	55
12	56	22
12	57	96
12	58	55
12	60	392
12	61	290
12	62	13
12	65	361
12	67	887
12	68	66
12	70	502
12	71	223
13	1	98
13	2	98
13	5	64
13	7	460
13	8	204
13	9	37
13	10	119
13	11	17
13	12	10
13	13	1814
13	14	81
13	15	112
13	16	405
13	17	51
13	19	81
13	20	146
13	21	146
13	22	146
13	27	126
13	29	3
13	30	10
13	31	310
13	32	126
13	33	13
13	34	57
13	35	34
13	37	40
13	38	3
13	40	6
13	41	10
13	42	115
13	44	3
13	46	6
13	47	3
13	49	6
13	50	71
13	51	61
13	55	3
13	56	23
13	57	71
13	58	20
13	59	17
13	60	102
13	61	289
13	62	3
13	64	17
13	65	259
13	67	422
13	68	88
13	70	231
13	71	109
14	0	4
14	1	313
14	2	543
14	3	7
14	4	4
14	5	222
14	7	522
14	8	517
14	9	105
14	10	428
14	11	14
14	12	35
14	13	4141
14	14	13652
14	15	273
14	16	1638
14	17	248
14	19	131
14	20	372
14	21	323
14	22	475
14	23	70
14	24	14
14	25	2
14	26	4
14	27	334
14	29	2
14	30	25
14	31	540
14	32	367
14	33	39
14	34	128
14	35	229
14	36	30
14	37	93
14	38	917
14	40	63
14	41	161
14	42	5059
14	43	7
14	44	28
14	45	25
14	46	63
14	47	11
14	49	309
14	50	4771
14	51	133
14	52	7
14	55	2
14	56	63
14	57	386
14	58	30
14	59	978
14	60	945
14	61	959
14	62	30
14	64	14
14	65	1238
14	67	1175
14	68	250
14	69	7
14	70	971
14	71	231
14	72	16
15	0	2
15	1	202
15	2	362
15	3	4
15	4	2
15	5	149
15	7	725
15	8	394
15	9	74
15	10	243
15	11	12
15	12	21
15	13	2193
15	14	236
15	15	488
15	16	1022
15	17	100
15	19	53
15	20	422
15	21	381
15	22	283
15	23	2
15	25	2
15	27	177
15	29	6
15	30	21
15	31	356
15	32	204
15	33	42
15	34	100
15	35	78
15	37	72
15	38	8
15	40	29
15	41	4
15	42	142
15	43	2
15	44	6
15	45	14
15	47	2
15	49	4
15	50	91
15	51	55
15	52	2
15	56	38
15	57	85
15	58	34
15	59	10
15	60	345
15	61	704
15	62	21
15	64	8
15	65	565
15	67	977
15	68	113
15	70	569
15	71	224
16	1	323
16	2	516
16	3	4
16	5	241
16	6	2
16	7	490
16	8	437
16	9	101
16	10	765
16	11	19
16	12	41
16	13	2030
16	14	352
16	15	328
16	16	2062
16	17	183
16	19	118
16	20	342
16	21	429
16	22	492
16	23	2
16	26	2
16	27	241
16	29	2
16	30	28
16	31	371
16	32	311
16	33	130
16	34	171
16	35	118
16	36	2
16	37	115
16	38	9
16	40	45
16	42	137
16	43	4
16	44	26
16	45	41
16	47	2
16	49	7
16	50	91
16	51	96
16	55	2
16	56	53
16	57	217
16	58	41
16	59	9
16	60	446
16	61	864
16	62	26
16	64	16
16	65	746
16	67	1644
16	68	140
16	70	1004
16	71	333
17	0	29
17	1	626
17	2	1320
17	3	11
17	5	303
17	6	1
17	7	809
17	8	448
17	9	209
17	10	484
17	11	23
17	12	23
17	13	4075
17	14	315
17	15	297
17	16	1589
17	17	1513
17	19	582
17	20	301
17	21	614
17	22	496
17	23	3
17	24	1
17	27	267
17	29	7
17	30	245
17	31	412
17	32	229
17	33	99
17	34	883
17	35	634
17	36	5
17	37	301
17	38	11
17	40	251
17	41	3
17	42	209
17	43	9
17	44	87
17	45	77
17	46	1
17	47	21
17	49	9
17	50	159
17	51	115
17	54	5
17	55	1
17	56	45
17	57	193
17	58	39
17	59	55
17	60	1806
17	61	1748
17	62	65
17	64	39
17	65	3076
17	67	2349
17	68	197
17	70	2155
17	71	193
18	0	22
18	2	4
18	6	4
18	10	13
18	16	4
18	17	4
18	19	40
18	22	8
18	28	4
18	31	4
18	34	4
18	35	13
18	60	4
18	65	8
18	67	8
18	70	13
19	0	312
19	1	331
19	2	662
19	3	7
19	5	182
19	6	68
19	7	220
19	8	222
19	9	156
19	10	352
19	11	76
19	12	26
19	13	1561
19	14	182
19	15	164
19	16	922
19	17	437
19	19	11208
19	20	182
19	21	302
19	22	331
19	23	10
19	26	42
19	27	246
19	28	15
19	29	2
19	30	1201
19	31	230
19	32	217
19	33	39
19	34	371
19	35	710
19	37	124
19	38	21
19	40	161
19	42	103
19	43	2
19	44	47
19	45	50
19	46	2
19	47	18
19	50	60
19	51	76
19	55	15
19	56	21
19	57	106
19	58	90
19	59	15
19	60	1023
19	61	771
19	62	37
19	64	58
19	65	1349
19	67	970
19	68	92
19	70	1649
19	71	140
19	72	5
20	1	193
20	2	487
20	4	4
20	5	110
20	6	2
20	7	929
20	8	570
20	9	71
20	10	191
20	11	8
20	12	10
20	13	2913
20	14	300
20	15	282
20	16	676
20	17	110
20	19	65
20	20	1053
20	21	502
20	22	215
20	23	2
20	25	2
20	27	117
20	29	4
20	30	32
20	31	454
20	32	187
20	33	23
20	34	95
20	35	124
20	37	110
20	38	13
20	40	47
20	41	4
20	42	134
20	43	4
20	45	23
20	47	8
20	49	17
20	50	102
20	51	80
20	56	30
20	57	60
20	58	32
20	59	28
20	60	391
20	61	953
20	62	26
20	64	6
20	65	646
20	67	907
20	68	154
20	70	550
20	71	152
21	0	4
21	1	424
21	2	721
21	3	13
21	4	2
21	5	166
21	6	4
21	7	1512
21	8	608
21	9	154
21	10	350
21	11	20
21	12	20
21	13	4817
21	14	385
21	15	315
21	16	1226
21	17	216
21	19	85
21	20	701
21	21	1708
21	22	454
21	23	4
21	25	4
21	27	228
21	29	11
21	30	48
21	31	618
21	32	276
21	33	83
21	34	274
21	35	177
21	37	108
21	38	13
21	40	62
21	42	244
21	43	9
21	44	41
21	45	9
21	47	13
21	49	18
21	50	119
21	51	129
21	54	2
21	56	57
21	57	110
21	58	36
21	59	62
21	60	544
21	61	1646
21	62	43
21	64	16
21	65	1118
21	67	2317
21	68	221
21	70	901
21	71	182
22	0	7
22	1	723
22	2	1120
22	3	5
22	4	5
22	5	838
22	7	1354
22	8	1113
22	9	363
22	10	1940
22	11	36
22	12	448
22	13	5171
22	14	1012
22	15	513
22	16	4354
22	17	332
22	19	290
22	20	648
22	21	752
22	22	3495
22	23	2
22	26	7
22	27	1388
22	28	2
22	29	5
22	30	199
22	31	1136
22	32	2112
22	33	264
22	34	420
22	35	168
22	36	2
22	37	153
22	38	41
22	40	103
22	41	20
22	42	321
22	43	18
22	44	41
22	45	51
22	46	2
22	47	10
22	49	36
22	50	233
22	51	500
22	54	2
22	56	129
22	57	643
22	58	111
22	59	33
22	60	1196
22	61	1647
22	62	44
22	64	18
22	65	1920
22	67	4107
22	68	485
22	69	15
22	70	2299
22	71	858
23	1	21
23	2	43
23	3	2
23	4	30
23	5	21
23	7	54
23	8	65
23	9	8
23	10	26
23	11	4
23	12	6
23	13	400
23	14	529
23	15	24
23	16	164
23	17	17
23	19	6
23	20	30
23	21	13
23	22	52
23	23	301
23	24	8
23	25	8
23	26	2
23	27	13
23	30	6
23	31	61
23	32	30
23	33	4
23	34	8
23	35	13
23	36	4
23	37	21
23	38	61
23	40	4
23	41	48
23	42	990
23	44	2
23	45	2
23	46	41
23	49	148
23	50	310
23	51	10
23	52	2
23	56	21
23	57	59
23	58	2
23	59	428
23	60	96
23	61	69
23	62	6
23	63	2
23	65	80
23	67	102
23	68	39
23	69	8
23	70	61
23	71	30
23	72	74
24	1	11
24	2	39
24	4	47
24	5	7
24	7	58
24	8	47
24	9	3
24	10	35
24	13	215
24	14	423
24	15	23
24	16	125
24	17	7
24	19	7
24	20	7
24	21	19
24	22	31
24	23	66
24	24	204
24	25	258
24	27	31
24	31	47
24	32	19
24	34	15
24	35	11
24	36	3
24	37	11
24	38	39
24	40	7
24	41	94
24	42	729
24	49	98
24	50	211
24	51	3
24	56	11
24	57	54
24	59	94
24	60	78
24	61	74
24	62	3
24	65	90
24	67	86
24	68	23
24	69	78
24	70	74
24	71	35
24	72	102
25	1	7
25	2	7
25	4	7
25	5	14
25	7	3
25	8	29
25	9	3
25	10	14
25	13	87
25	14	137
25	15	10
25	16	43
25	17	3
25	19	3
25	20	7
25	21	3
25	22	18
25	23	21
25	24	58
25	25	83
25	27	14
25	31	21
25	33	3
25	34	10
25	35	3
25	36	3
25	38	18
25	41	39
25	42	261
25	43	3
25	46	3
25	49	50
25	50	72
25	51	3
25	57	29
25	59	18
25	60	21
25	61	21
25	63	3
25	65	14
25	67	29
25	68	14
25	69	43
25	70	10
25	71	10
25	72	7
26	0	4
26	1	25
26	2	23
26	5	4
26	6	4
26	7	18
26	8	9
26	9	9
26	10	13
26	13	69
26	14	11
26	15	6
26	16	53
26	17	18
26	19	113
26	20	6
26	21	13
26	22	6
26	26	2
26	27	6
26	30	53
26	31	16
26	32	6
26	33	2
26	34	9
26	37	6
26	40	2
26	42	2
26	44	4
26	50	2
26	51	4
26	57	6
26	58	4
26	59	2
26	60	34
26	61	37
26	62	2
26	65	34
26	67	60
26	68	11
26	70	99
26	71	4
27	0	4
27	1	679
27	2	778
27	3	4
27	4	7
27	5	536
27	7	1155
27	8	712
27	9	283
27	10	1199
27	11	30
27	12	147
27	13	5547
27	14	714
27	15	548
27	16	3721
27	17	318
27	19	264
27	20	855
27	21	726
27	22	1722
27	23	11
27	25	2
27	27	2385
27	29	11
27	30	60
27	31	1359
27	32	2699
27	33	140
27	34	278
27	35	119
27	37	157
27	38	25
27	40	67
27	41	11
27	42	337
27	43	7
27	44	23
27	45	23
27	46	4
27	47	7
27	49	37
27	50	232
27	51	393
27	56	192
27	57	1211
27	58	60
27	59	53
27	60	1211
27	61	1324
27	62	28
27	64	32
27	65	1406
27	67	3967
27	68	553
27	69	4
27	70	1610
27	71	728
28	6	6
28	16	6
28	22	6
28	35	6
28	60	12
28	61	12
28	65	6
28	67	6
29	1	15
29	2	10
29	3	2
29	5	2
29	7	22
29	8	25
29	10	2
29	13	55
29	16	12
29	17	2
29	19	2
29	20	7
29	21	22
29	22	2
29	29	2
29	31	12
29	32	5
29	34	10
29	35	5
29	42	5
29	45	2
29	51	5
29	56	2
29	57	2
29	58	2
29	60	7
29	61	32
29	65	7
29	67	7
29	68	2
29	70	5
30	0	8
30	1	113
30	2	165
30	3	2
30	5	44
30	6	8
30	7	91
30	8	49
30	9	44
30	10	88
30	11	8
30	13	383
30	14	44
30	15	44
30	16	284
30	17	171
30	19	741
30	20	49
30	21	88
30	22	60
30	26	22
30	27	27
30	30	391
30	31	71
30	32	38
30	33	5
30	34	162
30	35	124
30	37	19
30	38	5
30	40	19
30	42	22
30	44	24
30	45	2
30	47	2
30	50	19
30	51	8
30	56	5
30	57	27
30	58	19
30	59	2
30	60	184
30	61	237
30	62	5
30	64	8
30	65	397
30	67	278
30	68	33
30	69	2
30	70	410
30	71	41
31	0	3
31	1	302
31	2	388
31	5	127
31	7	640
31	8	465
31	9	184
31	10	423
31	11	22
31	12	28
31	13	3880
31	14	433
31	15	369
31	16	1369
31	17	172
31	19	172
31	20	688
31	21	417
31	22	621
31	23	9
31	25	3
31	27	404
31	28	3
31	29	9
31	30	22
31	31	1439
31	32	547
31	33	73
31	34	168
31	35	50
31	37	66
31	38	15
31	40	47
31	41	6
31	42	248
31	43	12
31	44	6
31	45	35
31	47	3
31	49	6
31	50	162
31	51	130
31	56	165
31	57	273
31	58	22
31	59	44
31	60	516
31	61	821
31	62	35
31	64	15
31	65	735
31	67	1277
31	68	302
31	70	933
31	71	363
32	0	7
32	1	388
32	2	492
32	3	4
32	5	435
32	6	2
32	7	534
32	8	398
32	9	193
32	10	970
32	11	21
32	12	103
32	13	3360
32	14	487
32	15	365
32	16	2537
32	17	226
32	19	122
32	20	395
32	21	388
32	22	1067
32	23	4
32	25	7
32	26	2
32	27	1225
32	29	2
32	30	25
32	31	541
32	32	2712
32	33	101
32	34	169
32	35	73
32	36	2
32	37	70
32	38	28
32	40	35
32	41	11
32	42	278
32	43	9
32	44	30
32	47	11
32	49	28
32	50	106
32	51	245
32	56	87
32	57	549
32	58	61
32	59	35
32	60	815
32	61	900
32	62	18
32	64	14
32	65	909
32	67	2888
32	68	355
32	69	2
32	70	1124
32	71	473
33	0	2
33	1	292
33	2	404
33	3	2
33	5	367
33	6	2
33	7	338
33	8	282
33	9	392
33	10	786
33	11	22
33	12	31
33	13	1786
33	14	221
33	15	192
33	16	1655
33	17	215
33	19	114
33	20	232
33	21	311
33	22	493
33	25	2
33	27	190
33	29	4
33	30	26
33	31	228
33	32	342
33	33	251
33	34	188
33	35	74
33	36	2
33	37	76
33	38	6
33	40	35
33	42	51
33	43	14
33	44	31
33	45	20
33	46	2
33	47	6
33	49	6
33	50	64
33	51	87
33	55	4
33	56	29
33	57	157
33	58	60
33	59	6
33	60	686
33	61	769
33	62	26
33	64	18
33	65	819
33	67	1941
33	68	126
33	70	1008
33	71	228
34	0	10
34	1	241
34	2	420
34	3	6
34	5	103
34	7	286
34	8	140
34	9	88
34	10	219
34	11	4
34	12	4
34	13	1333
34	14	140
34	15	90
34	16	413
34	17	228
34	19	185
34	20	109
34	21	200
34	22	180
34	23	4
34	26	2
34	27	73
34	30	45
34	31	165
34	32	92
34	33	30
34	34	566
34	35	107
34	36	4
34	37	96
34	40	34
34	42	84
34	44	23
34	45	19
34	47	2
34	49	2
34	50	60
34	51	38
34	56	19
34	57	47
34	58	25
34	59	12
34	60	454
34	61	614
34	62	43
34	64	8
34	65	1120
34	67	928
34	68	47
34	70	954
34	71	71
35	0	72
35	1	299
35	2	812
35	3	2
35	4	2
35	5	182
35	6	85
35	7	396
35	8	266
35	9	180
35	10	296
35	11	24
35	12	13
35	13	1960
35	14	252
35	15	202
35	16	1095
35	17	335
35	19	576
35	20	163
35	21	379
35	22	310
35	23	13
35	24	2
35	26	5
35	27	180
35	28	11
35	30	69
35	31	288
35	32	160
35	33	49
35	34	271
35	35	4996
35	37	374
35	38	13
35	40	834
35	42	144
35	44	58
35	45	679
35	46	2
35	47	108
35	49	13
35	50	38
35	51	41
35	55	52
35	56	27
35	57	108
35	58	30
35	59	41
35	60	1560
35	61	1023
35	62	38
35	64	127
35	65	1397
35	67	862
35	68	113
35	70	1056
35	71	149
36	1	35
36	2	43
36	4	22
36	5	22
36	7	58
36	8	53
36	9	5
36	10	43
36	11	2
36	12	2
36	13	346
36	14	425
36	15	30
36	16	272
36	17	17
36	19	5
36	20	38
36	21	33
36	22	38
36	23	15
36	24	12
36	25	20
36	27	25
36	30	5
36	31	84
36	32	53
36	33	7
36	34	22
36	35	15
36	36	99
36	37	5
36	38	30
36	40	5
36	41	89
36	42	1017
36	43	2
36	44	12
36	46	5
36	49	168
36	50	221
36	51	15
36	56	12
36	57	89
36	58	5
36	59	51
36	60	102
36	61	76
36	65	84
36	67	130
36	68	51
36	69	7
36	70	99
36	71	33
37	0	15
37	1	267
37	2	839
37	3	4
37	5	134
37	6	4
37	7	863
37	8	337
37	9	101
37	10	193
37	11	4
37	12	8
37	13	2605
37	14	249
37	15	161
37	16	866
37	17	263
37	19	141
37	20	222
37	21	350
37	22	290
37	23	2
37	24	2
37	25	4
37	26	4
37	27	132
37	30	33
37	31	301
37	32	157
37	33	42
37	34	245
37	35	638
37	37	974
37	38	6
37	40	202
37	41	4
37	42	177
37	44	17
37	45	107
37	47	132
37	49	4
37	50	80
37	51	47
37	56	35
37	57	125
37	58	15
37	59	47
37	60	771
37	61	1221
37	62	49
37	64	17
37	65	1282
37	67	875
37	68	164
37	69	2
37	70	697
37	71	148
38	0	5
38	1	40
38	2	136
38	4	10
38	5	50
38	7	171
38	8	121
38	9	7
38	10	141
38	11	5
38	12	5
38	13	1029
38	14	4030
38	15	65
38	16	419
38	17	58
38	19	50
38	20	75
38	21	85
38	22	141
38	23	60
38	25	2
38	27	60
38	30	17
38	31	134
38	32	55
38	33	10
38	34	35
38	35	68
38	37	45
38	38	1866
38	40	12
38	41	50
38	42	1666
38	43	2
38	44	7
38	45	10
38	46	35
38	47	2
38	49	144
38	50	1218
38	51	25
38	52	50
38	56	10
38	57	123
38	58	5
38	59	710
38	60	331
38	61	232
38	62	12
38	65	265
38	67	280
38	68	53
38	70	212
38	71	45
38	72	12
39	7	7
39	8	7
39	9	3
39	13	42
39	14	23
39	16	34
39	20	7
39	21	3
39	22	3
39	23	11
39	24	15
39	25	23
39	27	11
39	31	3
39	35	3
39	37	3
39	38	3
39	41	3
39	42	80
39	44	3
39	49	3
39	50	11
39	57	7
39	59	11
39	60	3
39	61	7
39	65	26
39	67	11
39	68	3
39	69	7
39	70	3
40	0	26
40	1	296
40	2	767
40	4	2
40	5	157
40	6	46
40	7	351
40	8	276
40	9	134
40	10	287
40	11	6
40	12	4
40	13	2167
40	14	227
40	15	199
40	16	1054
40	17	446
40	19	340
40	20	218
40	21	249
40	22	229
40	23	6
40	27	170
40	30	61
40	31	269
40	32	134
40	33	42
40	34	371
40	35	2600
40	37	336
40	38	13
40	40	919
40	41	4
40	42	88
40	43	4
40	44	33
40	45	373
40	46	2
40	47	57
40	49	6
40	50	50
40	51	48
40	54	2
40	55	4
40	56	13
40	57	92
40	58	42
40	59	24
40	60	1536
40	61	1141
40	62	64
40	64	130
40	65	1530
40	67	884
40	68	101
40	70	1136
40	71	192
41	1	39
41	2	82
41	4	69
41	5	54
41	7	142
41	8	77
41	9	12
41	10	79
41	11	2
41	12	2
41	13	1052
41	14	972
41	15	72
41	16	491
41	17	32
41	19	9
41	20	67
41	21	107
41	22	119
41	23	92
41	24	47
41	25	107
41	27	69
41	30	2
41	31	202
41	32	92
41	33	7
41	34	44
41	35	39
41	36	57
41	37	12
41	38	69
41	40	17
41	41	428
41	42	2421
41	43	4
41	44	12
41	45	2
41	46	12
41	47	4
41	48	2
41	49	458
41	50	563
41	51	34
41	56	14
41	57	139
41	58	4
41	59	184
41	60	192
41	61	204
41	62	2
41	65	244
41	67	261
41	68	102
41	69	39
41	70	214
41	71	69
41	72	2
42	0	2
42	1	285
42	2	527
42	4	67
42	5	240
42	6	2
42	7	570
42	8	482
42	9	90
42	10	482
42	11	12
42	12	37
42	13	3693
42	14	6493
42	15	282
42	16	1777
42	17	200
42	19	50
42	20	425
42	21	377
42	22	505
42	23	215
42	24	47
42	25	17
42	26	2
42	27	352
42	30	27
42	31	690
42	32	457
42	33	57
42	34	170
42	35	207
42	36	55
42	37	90
42	38	422
42	40	57
42	41	312
42	42	15122
42	43	7
42	44	27
42	45	32
42	46	47
42	47	17
42	49	1017
42	50	3638
42	51	145
42	52	5
42	56	105
42	57	495
42	58	27
42	59	1335
42	60	725
42	61	937
42	62	22
42	64	22
42	65	982
42	66	2
42	67	1275
42	68	340
42	69	20
42	70	970
42	71	327
42	72	35
43	1	22
43	2	32
43	5	97
43	7	19
43	8	29
43	9	22
43	10	110
43	12	9
43	13	188
43	14	42
43	15	32
43	16	280
43	17	3
43	19	32
43	20	9
43	21	32
43	22	117
43	23	3
43	27	32
43	30	16
43	31	39
43	32	84
43	33	35
43	34	26
43	35	19
43	40	9
43	42	3
43	43	13
43	44	6
43	45	6
43	50	6
43	51	9
43	56	6
43	57	39
43	58	26
43	60	74
43	61	65
43	65	58
43	67	166
43	68	16
43	70	107
43	71	29
43	72	3
44	0	4
44	1	65
44	2	131
44	3	2
44	5	54
44	7	80
44	8	56
44	9	41
44	10	122
44	11	2
44	12	2
44	13	441
44	14	24
44	15	45
44	16	345
44	17	91
44	19	214
44	20	41
44	21	80
44	22	87
44	23	4
44	26	4
44	27	21
44	30	8
44	31	56
44	32	45
44	33	10
44	34	98
44	35	61
44	36	2
44	37	28
44	38	2
44	40	24
44	42	43
44	43	2
44	44	21
44	45	8
44	47	2
44	49	2
44	50	8
44	51	13
44	56	6
44	57	24
44	58	24
44	59	2
44	60	268
44	61	225
44	62	4
44	64	4
44	65	347
44	67	290
44	68	32
44	70	428
44	71	45
44	72	2
45	1	4
45	2	12
45	5	4
45	6	4
45	7	14
45	8	12
45	9	2
45	10	2
45	13	64
45	14	6
45	15	10
45	16	17
45	17	17
45	19	2
45	20	4
45	21	25
45	22	6
45	27	4
45	30	2
45	31	4
45	32	6
45	34	4
45	35	59
45	37	25
45	40	23
45	42	4
45	45	29
45	50	6
45	60	57
45	61	23
45	62	2
45	65	53
45	67	40
45	68	4
45	70	17
45	71	6
46	1	20
46	2	33
46	4	11
46	5	9
46	7	33
46	8	24
46	9	2
46	10	49
46	12	4
46	13	255
46	14	500
46	15	11
46	16	88
46	17	13
46	19	9
46	20	11
46	21	24
46	22	40
46	23	65
46	27	15
46	31	27
46	32	31
46	33	9
46	34	2
46	35	18
46	36	2
46	37	6
46	38	69
46	40	6
46	41	6
46	42	476
46	43	2
46	45	2
46	46	40
46	49	51
46	50	291
46	51	6
46	57	31
46	59	309
46	60	83
46	61	63
46	65	81
46	67	54
46	68	29
46	69	4
46	70	47
46	71	20
46	72	13
47	0	2
47	1	120
47	2	262
47	3	2
47	5	28
47	6	2
47	7	168
47	8	102
47	9	37
47	10	72
47	11	4
47	12	6
47	13	703
47	14	76
47	15	41
47	16	322
47	17	54
47	19	52
47	20	54
47	21	85
47	22	81
47	23	2
47	27	28
47	29	2
47	30	10
47	31	105
47	32	35
47	33	4
47	34	61
47	35	438
47	37	313
47	38	2
47	40	74
47	42	48
47	44	2
47	45	35
47	47	190
47	49	2
47	50	37
47	51	24
47	54	2
47	56	17
47	57	21
47	58	4
47	59	19
47	60	348
47	61	326
47	62	6
47	64	8
47	65	398
47	67	256
47	68	21
47	70	258
47	71	65
48	7	8
48	8	13
48	10	4
48	13	31
48	14	44
48	15	8
48	16	17
48	17	8
48	20	8
48	24	4
48	27	4
48	31	8
48	32	4
48	35	8
48	36	4
48	38	4
48	40	4
48	42	94
48	49	8
48	50	8
48	51	4
48	57	8
48	59	8
48	60	4
48	65	4
48	67	8
48	70	4
49	1	48
49	2	130
49	3	4
49	4	66
49	5	46
49	7	203
49	8	90
49	9	6
49	10	92
49	12	4
49	13	970
49	14	1067
49	15	57
49	16	572
49	17	44
49	19	15
49	20	81
49	21	110
49	22	132
49	23	187
49	24	13
49	25	8
49	27	64
49	29	2
49	30	11
49	31	156
49	32	101
49	33	6
49	34	46
49	35	19
49	36	17
49	37	28
49	38	70
49	40	4
49	41	165
49	42	2852
49	43	2
49	44	2
49	45	4
49	46	33
49	49	934
49	50	656
49	51	28
49	56	19
49	57	117
49	58	6
49	59	247
49	60	170
49	61	198
49	62	2
49	63	2
49	64	8
49	65	245
49	67	260
49	68	112
49	69	2
49	70	240
49	71	86
49	72	24
50	0	10
50	1	126
50	2	163
50	3	2
50	5	134
50	7	235
50	8	238
50	9	44
50	10	209
50	11	5
50	12	12
50	13	1421
50	14	4101
50	15	126
50	16	792
50	17	137
50	19	49
50	20	124
50	21	124
50	22	201
50	23	62
50	24	12
50	27	113
50	29	5
50	30	12
50	31	220
50	32	139
50	33	18
50	34	64
50	35	116
50	37	38
50	38	287
50	40	25
50	41	106
50	42	3062
50	44	28
50	45	2
50	46	15
50	47	2
50	49	251
50	50	3508
50	51	49
50	52	2
50	56	28
50	57	176
50	58	15
50	59	538
50	60	352
50	61	341
50	62	5
50	64	18
50	65	484
50	67	455
50	68	129
50	70	447
50	71	108
50	72	15
51	0	2
51	1	460
51	2	460
51	4	2
51	5	308
51	6	2
51	7	743
51	8	494
51	9	199
51	10	814
51	11	44
51	12	134
51	13	2778
51	14	477
51	15	345
51	16	2077
51	17	154
51	19	162
51	20	443
51	21	443
51	22	1226
51	23	11
51	25	2
51	26	2
51	27	777
51	30	47
51	31	687
51	32	1030
51	33	95
51	34	232
51	35	78
51	37	72
51	38	16
51	40	36
51	41	11
51	42	145
51	43	5
51	44	11
51	45	16
51	46	5
51	47	16
51	49	14
51	50	137
51	51	421
51	56	101
51	57	367
51	58	36
51	59	33
51	60	536
51	61	903
51	62	14
51	64	16
51	65	850
51	67	1844
51	68	328
51	69	11
51	70	1058
51	71	527
52	1	2
52	2	7
52	3	2
52	5	7
52	7	10
52	8	13
52	10	10
52	13	130
52	14	497
52	15	7
52	16	59
52	17	10
52	19	10
52	20	7
52	21	18
52	22	18
52	23	13
52	24	2
52	27	18
52	31	18
52	32	5
52	33	2
52	34	5
52	35	10
52	36	2
52	38	211
52	41	2
52	42	190
52	46	7
52	49	5
52	50	138
52	52	2
52	56	2
52	57	23
52	59	96
52	60	33
52	61	18
52	62	2
52	65	28
52	67	39
52	68	15
52	70	13
52	71	18
52	72	2
53	5	6
53	9	3
53	10	6
53	13	10
53	15	3
53	16	13
53	42	3
53	58	3
53	60	3
53	65	6
54	1	3
54	7	6
54	13	12
54	14	3
54	16	6
54	37	3
54	60	3
54	61	3
54	62	3
54	65	12
54	68	3
55	0	113
55	1	23
55	2	51
55	5	12
55	6	61
55	7	7
55	8	15
55	9	12
55	10	23
55	13	156
55	14	28
55	15	10
55	16	90
55	17	56
55	19	193
55	20	5
55	21	25
55	22	36
55	23	2
55	24	2
55	27	10
55	28	7
55	30	23
55	31	18
55	32	20
55	34	23
55	35	339
55	37	18
55	40	66
55	42	15
55	43	2
55	44	5
55	45	38
55	47	10
55	49	7
55	50	2
55	51	5
55	55	36
55	56	5
55	57	12
55	58	2
55	59	2
55	60	146
55	61	77
55	62	10
55	64	2
55	65	113
55	67	66
55	68	2
55	70	102
55	71	5
56	0	5
56	1	330
56	2	369
56	4	5
56	5	187
56	7	441
56	8	456
56	9	119
56	10	459
56	11	29
56	12	35
56	13	2620
56	14	605
56	15	253
56	16	1317
56	17	134
56	19	152
56	20	485
56	21	253
56	22	476
56	23	5
56	26	2
56	27	500
56	29	2
56	30	26
56	31	1216
56	32	479
56	33	38
56	34	128
56	35	50
56	37	77
56	38	32
56	40	23
56	41	2
56	42	339
56	43	2
56	44	11
56	45	14
56	46	2
56	47	2
56	49	14
56	50	220
56	51	152
56	56	462
56	57	590
56	58	17
56	59	59
56	60	527
56	61	637
56	62	11
56	64	20
56	65	527
56	67	1344
56	68	360
56	69	2
56	70	670
56	71	354
56	72	2
57	1	337
57	2	468
57	5	218
57	7	585
57	8	466
57	9	141
57	10	673
57	11	35
57	12	29
57	13	3700
57	14	419
57	15	313
57	16	1692
57	17	149
57	19	239
57	20	479
57	21	351
57	22	686
57	23	13
57	27	711
57	29	8
57	30	27
57	31	1332
57	32	847
57	33	51
57	34	144
57	35	49
57	37	76
57	38	38
57	40	38
57	41	10
57	42	297
57	43	8
57	44	10
57	45	24
57	46	2
57	47	8
57	49	24
57	50	152
57	51	185
57	56	171
57	57	940
57	58	16
57	59	40
57	60	664
57	61	784
57	62	19
57	64	43
57	65	730
57	67	2319
57	68	555
57	70	842
57	71	427
58	0	9
58	1	295
58	2	404
58	3	2
58	5	536
58	7	355
58	8	244
58	9	425
58	10	648
58	11	20
58	12	37
58	13	2108
58	14	199
58	15	192
58	16	2245
58	17	223
58	19	260
58	20	188
58	21	302
58	22	650
58	23	4
58	26	4
58	27	327
58	30	69
58	31	274
58	32	346
58	33	155
58	34	244
58	35	174
58	36	2
58	37	81
58	38	11
58	39	2
58	40	69
58	41	6
58	42	141
58	43	20
58	44	32
58	45	16
58	47	4
58	50	104
58	51	109
58	56	41
58	57	137
58	58	1299
58	59	11
58	60	1064
58	61	818
58	62	25
58	64	11
58	65	1113
58	67	1329
58	68	90
58	70	1538
58	71	297
58	72	6
59	0	2
59	1	41
59	2	150
59	4	18
59	5	62
59	6	2
59	7	236
59	8	208
59	9	9
59	10	180
59	12	2
59	13	1183
59	14	2608
59	15	83
59	16	636
59	17	69
59	19	37
59	20	101
59	21	104
59	22	118
59	23	236
59	24	13
59	25	2
59	27	99
59	29	2
59	30	6
59	31	210
59	32	125
59	33	20
59	34	44
59	35	48
59	36	11
59	37	27
59	38	308
59	40	20
59	41	62
59	42	3101
59	44	2
59	45	6
59	46	62
59	49	224
59	50	1628
59	51	46
59	52	2
59	56	27
59	57	118
59	58	9
59	59	1792
59	60	250
59	61	315
59	62	9
59	64	4
59	65	352
59	67	428
59	68	111
59	69	2
59	70	342
59	71	92
59	72	27
60	0	6
60	1	521
60	2	1366
60	3	9
60	5	246
60	6	4
60	7	1165
60	8	500
60	9	175
60	10	534
60	11	25
60	12	13
60	13	4782
60	14	358
60	15	235
60	16	1485
60	17	587
60	19	299
60	20	397
60	21	603
60	22	402
60	26	4
60	27	239
60	28	4
60	29	4
60	30	63
60	31	518
60	32	228
60	33	54
60	34	466
60	35	680
60	37	390
60	38	15
60	40	162
60	41	6
60	42	217
60	44	41
60	45	123
60	46	2
60	47	20
60	49	15
60	50	139
60	51	114
60	54	2
60	56	54
60	57	187
60	58	47
60	59	36
60	60	2737
60	61	1887
60	62	111
60	64	31
60	65	2559
60	67	2074
60	68	217
60	70	1576
60	71	221
61	0	4
61	1	553
61	2	1381
61	3	14
61	5	224
61	6	4
61	7	1462
61	8	856
61	9	134
61	10	459
61	11	52
61	12	18
61	13	5196
61	14	546
61	15	416
61	16	1220
61	17	352
61	19	167
61	20	724
61	21	918
61	22	544
61	23	4
61	25	2
61	26	4
61	27	343
61	28	2
61	29	4
61	30	70
61	31	622
61	32	276
61	33	68
61	34	444
61	35	231
61	36	2
61	37	241
61	38	18
61	40	87
61	41	2
61	42	331
61	43	7
61	44	33
61	45	54
61	47	26
61	49	37
61	50	172
61	51	151
61	56	63
61	57	175
61	58	44
61	59	28
61	60	977
61	61	3899
61	62	59
61	64	14
61	65	1890
61	67	2091
61	68	255
61	70	1514
61	71	231
62	0	2
62	1	269
62	2	666
62	3	2
62	5	92
62	6	2
62	7	333
62	8	207
62	9	61
62	10	227
62	11	6
62	12	4
62	13	1527
62	14	92
62	15	99
62	16	554
62	17	196
62	19	141
62	20	130
62	21	264
62	22	225
62	23	4
62	27	75
62	29	4
62	30	24
62	31	189
62	32	99
62	33	24
62	34	183
62	35	196
62	37	125
62	38	6
62	40	35
62	41	4
62	42	101
62	43	2
62	44	8
62	45	30
62	47	4
62	49	11
62	50	64
62	51	35
62	56	30
62	57	46
62	58	15
62	59	15
62	60	777
62	61	885
62	62	119
62	64	11
62	65	995
62	67	832
62	68	44
62	70	688
62	71	128
63	8	4
63	10	4
63	13	67
63	14	184
63	15	4
63	16	13
63	17	9
63	20	13
63	21	9
63	22	13
63	23	40
63	24	9
63	25	4
63	32	9
63	33	4
63	36	4
63	38	13
63	41	13
63	42	184
63	49	27
63	50	85
63	51	4
63	57	4
63	59	36
63	63	4
63	65	4
63	67	22
63	68	9
63	69	4
63	72	126
64	0	4
64	1	61
64	2	136
64	5	15
64	7	79
64	8	45
64	9	20
64	10	45
64	12	2
64	13	282
64	14	31
64	15	34
64	16	152
64	17	86
64	19	66
64	20	27
64	21	68
64	22	61
64	26	2
64	27	27
64	30	9
64	31	59
64	32	20
64	33	11
64	34	45
64	35	257
64	37	77
64	38	2
64	40	173
64	42	15
64	44	2
64	45	43
64	47	6
64	50	15
64	51	9
64	56	4
64	57	11
64	58	6
64	59	2
64	60	301
64	61	152
64	62	13
64	64	54
64	65	298
64	67	171
64	68	6
64	70	205
64	71	27
65	0	7
65	1	452
65	2	1237
65	3	7
65	5	223
65	6	11
65	7	645
65	8	374
65	9	172
65	10	370
65	11	18
65	12	18
65	13	3119
65	14	231
65	15	186
65	16	1124
65	17	480
65	19	205
65	20	266
65	21	440
65	22	330
65	23	2
65	27	179
65	29	4
65	30	75
65	31	356
65	32	186
65	33	70
65	34	645
65	35	313
65	37	247
65	38	16
65	40	113
65	41	2
65	42	124
65	44	25
65	45	40
65	46	2
65	47	11
65	49	9
65	50	91
65	51	68
65	56	30
65	57	146
65	58	25
65	59	33
65	60	987
65	61	1567
65	62	63
65	64	9
65	65	2730
65	67	1909
65	68	162
65	70	1690
65	71	139
66	1	3
66	7	3
66	13	17
66	14	6
66	16	3
66	20	3
66	42	24
66	50	3
66	59	3
66	61	6
66	65	3
66	67	6
66	68	3
66	72	3
67	1	945
67	2	1128
67	3	6
67	5	542
67	7	640
67	8	654
67	9	391
67	10	1274
67	11	57
67	12	61
67	13	3416
67	14	496
67	15	343
67	16	2439
67	17	327
67	19	306
67	20	553
67	21	835
67	22	835
67	25	2
67	27	480
67	29	13
67	30	43
67	31	590
67	32	720
67	33	405
67	34	347
67	35	208
67	37	146
67	38	13
67	40	73
67	41	6
67	42	144
67	43	18
67	44	45
67	45	57
67	46	2
67	47	9
67	49	9
67	50	137
67	51	128
67	55	9
67	56	75
67	57	373
67	58	86
67	59	22
67	60	1254
67	61	1876
67	62	64
67	64	66
67	65	1881
67	67	4194
67	68	194
67	69	6
67	70	2318
67	71	370
68	0	5
68	1	240
68	2	306
68	5	169
68	7	507
68	8	301
68	9	103
68	10	412
68	11	31
68	12	17
68	13	2314
68	14	272
68	15	192
68	16	1118
68	17	123
68	19	131
68	20	421
68	21	292
68	22	418
68	23	2
68	27	679
68	29	17
68	30	14
68	31	777
68	32	656
68	33	25
68	34	111
68	35	43
68	36	5
68	37	31
68	38	8
68	40	54
68	41	5
68	42	126
68	44	2
68	45	20
68	47	2
68	49	2
68	50	97
68	51	137
68	56	86
68	57	521
68	58	5
68	59	14
68	60	384
68	61	441
68	62	11
68	64	22
68	65	513
68	67	1253
68	68	461
68	69	2
68	70	650
68	71	246
69	0	3
69	1	18
69	2	18
69	4	21
69	5	25
69	7	43
69	8	14
69	9	14
69	10	25
69	13	273
69	14	388
69	15	21
69	16	180
69	17	18
69	19	3
69	20	10
69	21	21
69	22	36
69	23	21
69	24	122
69	25	266
69	27	25
69	31	72
69	32	50
69	33	3
69	34	3
69	35	7
69	36	21
69	37	3
69	38	10
69	40	7
69	41	93
69	42	770
69	44	3
69	48	3
69	49	122
69	50	219
69	51	25
69	56	7
69	57	75
69	59	93
69	60	79
69	61	43
69	62	3
69	65	57
69	67	93
69	68	43
69	69	122
69	70	97
69	71	10
69	72	14
70	0	24
70	1	1327
70	2	1432
70	3	16
70	5	436
70	6	2
70	7	757
70	8	559
70	9	580
70	10	963
70	11	37
70	12	47
70	13	4445
70	14	440
70	15	399
70	16	2490
70	17	623
70	19	452
70	20	530
70	21	901
70	22	833
70	23	10
70	26	2
70	27	391
70	29	6
70	30	96
70	31	617
70	32	448
70	33	176
70	34	732
70	35	405
70	36	2
70	37	160
70	38	28
70	40	160
70	41	10
70	42	304
70	43	10
70	44	92
70	45	53
70	46	4
70	47	14
70	49	6
70	50	156
70	51	156
70	54	2
70	55	2
70	56	61
70	57	234
70	58	100
70	59	45
70	60	1644
70	61	2370
70	62	59
70	64	43
70	65	2875
70	67	3745
70	68	211
70	69	2
70	70	5209
70	71	411
71	0	2
71	1	7
71	2	9
71	5	11
71	7	25
71	8	2
71	10	18
71	13	61
71	14	7
71	15	9
71	16	25
71	20	23
71	21	14
71	22	14
71	27	7
71	31	9
71	32	7
71	34	4
71	35	2
71	44	2
71	51	2
71	56	2
71	57	4
71	58	2
71	59	4
71	60	4
71	61	7
71	65	16
71	67	18
71	68	4
71	70	23
71	71	2
72	1	4
72	2	53
72	4	44
72	5	8
72	7	58
72	8	62
72	10	76
72	13	408
72	14	1040
72	15	49
72	16	242
72	17	8
72	19	4
72	20	35
72	21	4
72	22	80
72	23	260
72	24	179
72	25	26
72	27	22
72	31	85
72	32	44
72	33	4
72	34	4
72	36	13
72	37	49
72	38	94
72	40	4
72	41	107
72	42	1184
72	46	22
72	48	4
72	49	188
72	50	444
72	51	8
72	56	13
72	57	94
72	58	4
72	59	291
72	60	49
72	61	31
72	63	26
72	65	17
72	67	67
72	68	44
72	69	22
72	70	8
72	71	53
72	72	776
