105	8876
0	0	1970
0	1	8
0	2	70
0	3	591
0	4	72
0	5	310
0	6	32
0	7	353
0	8	785
0	9	24
0	10	8
0	11	118
0	13	37
0	14	143
0	15	267
0	16	40
0	18	32
0	19	10
0	20	288
0	21	234
0	22	37
0	24	412
0	25	53
0	26	461
0	27	1058
0	28	2086
0	29	358
0	30	107
0	31	75
0	33	2
0	34	315
0	35	245
0	37	475
0	40	75
0	42	755
0	43	153
0	44	24
0	45	294
0	46	64
0	47	83
0	48	113
0	49	188
0	50	132
0	51	32
0	52	709
0	53	43
0	54	188
0	55	10
0	56	213
0	57	1398
0	58	175
0	59	21
0	60	1074
0	62	18
0	63	186
0	64	458
0	65	53
0	66	37
0	67	113
0	68	353
0	69	91
0	70	13
0	71	315
0	72	583
0	73	453
0	74	8
0	75	75
0	76	107
0	77	353
0	78	572
0	79	199
0	80	639
0	81	391
0	83	215
0	84	140
0	85	62
0	87	59
0	88	394
0	89	1012
0	90	43
0	91	134
0	92	2
0	93	545
0	94	315
0	95	183
0	96	67
0	97	56
0	98	118
0	99	348
0	100	105
0	101	118
0	102	8
0	103	8
0	104	118
1	0	11
1	1	157
1	2	2
1	3	88
1	4	19
1	5	11
1	6	2
1	7	13
1	8	30
1	11	2
1	13	41
1	14	2
1	15	33
1	16	5
1	19	5
1	20	2
1	21	11
1	24	5
1	25	127
1	26	66
1	27	33
1	28	127
1	29	22
1	30	96
1	32	5
1	33	2
1	34	47
1	35	33
1	37	5
1	40	24
1	42	36
1	43	13
1	44	2
1	45	5
1	46	5
1	47	33
1	48	2
1	49	2
1	50	22
1	51	2
1	52	235
1	53	52
1	54	22
1	55	2
1	56	5
1	57	5
1	58	36
1	59	13
1	60	30
1	63	60
1	64	30
1	66	19
1	67	27
1	68	30
1	69	16
1	71	11
1	72	80
1	73	33
1	74	5
1	75	27
1	76	19
1	77	16
1	78	13
1	79	2
1	80	24
1	81	8
1	83	60
1	84	19
1	85	2
1	87	13
1	88	2
1	89	19
1	91	2
1	92	5
1	93	36
1	94	22
1	95	19
1	96	8
1	97	11
1	98	13
1	99	22
1	100	2
1	101	24
1	102	2
1	103	268
1	104	24
2	0	392
2	1	2
2	2	769
2	3	493
2	4	55
2	5	273
2	6	19
2	7	263
2	8	483
2	9	48
2	11	137
2	13	38
2	14	135
2	15	212
2	16	60
2	17	2
2	18	188
2	19	2
2	20	249
2	21	171
2	22	9
2	24	747
2	25	45
2	26	309
2	27	476
2	28	2206
2	29	329
2	30	79
2	31	82
2	33	7
2	34	292
2	35	222
2	37	183
2	39	2
2	40	82
2	42	2872
2	43	159
2	44	29
2	45	324
2	46	53
2	47	120
2	48	82
2	49	829
2	50	128
2	51	84
2	52	612
2	53	33
2	54	125
2	55	2
2	56	162
2	57	285
2	58	193
2	59	29
2	60	839
2	62	36
2	63	159
2	64	362
2	65	67
2	66	38
2	67	106
2	68	365
2	69	82
2	70	41
2	71	435
2	72	348
2	73	946
2	74	4
2	75	94
2	76	94
2	77	1033
2	78	496
2	79	212
2	80	617
2	81	229
2	83	135
2	84	152
2	85	38
2	86	7
2	87	43
2	88	166
2	89	750
2	90	50
2	91	116
2	92	4
2	93	488
2	94	379
2	95	326
2	96	33
2	97	38
2	98	79
2	99	568
2	100	75
2	101	82
2	103	9
2	104	179
3	0	76
3	1	2
3	2	4
3	3	5480
3	4	170
3	5	230
3	6	36
3	7	901
3	8	182
3	9	36
3	11	38
3	13	38
3	14	220
3	15	425
3	16	58
3	18	28
3	19	4
3	20	20
3	21	137
3	22	18
3	24	30
3	25	226
3	26	324
3	27	127
3	28	2304
3	29	548
3	30	289
3	31	145
3	32	2
3	33	8
3	34	346
3	35	613
3	37	36
3	40	149
3	42	271
3	43	660
3	44	32
3	45	151
3	46	139
3	47	378
3	48	271
3	49	22
3	50	210
3	51	38
3	52	4119
3	53	133
3	54	62
3	55	22
3	56	307
3	57	34
3	58	1103
3	59	87
3	60	273
3	62	18
3	63	583
3	64	241
3	65	46
3	66	147
3	67	117
3	68	293
3	69	309
3	70	2
3	71	269
3	72	492
3	73	72
3	74	24
3	75	255
3	76	249
3	77	74
3	78	95
3	79	38
3	80	554
3	81	50
3	83	556
3	84	180
3	85	149
3	87	93
3	88	44
3	89	64
3	90	20
3	91	218
3	92	6
3	93	538
3	94	133
3	95	143
3	96	111
3	97	66
3	98	97
3	99	135
3	100	81
3	101	271
3	102	4
3	103	8
3	104	496
4	0	131
4	1	2
4	2	20
4	3	3485
4	4	2211
4	5	289
4	6	60
4	7	379
4	8	212
4	9	37
4	10	12
4	11	66
4	13	133
4	14	321
4	15	446
4	16	162
4	18	45
4	19	45
4	20	29
4	21	141
4	22	27
4	24	110
4	25	1668
4	26	344
4	27	146
4	28	2461
4	29	481
4	30	402
4	31	112
4	33	14
4	34	644
4	35	559
4	37	45
4	40	846
4	42	767
4	43	1051
4	44	60
4	45	187
4	46	141
4	47	227
4	48	141
4	49	52
4	50	175
4	51	83
4	52	4691
4	53	264
4	54	114
4	55	14
4	56	387
4	57	64
4	58	1082
4	59	358
4	60	333
4	62	33
4	63	1875
4	64	304
4	65	50
4	66	198
4	67	617
4	68	488
4	69	848
4	70	10
4	71	319
4	72	596
4	73	198
4	74	27
4	75	425
4	76	1629
4	77	158
4	78	160
4	79	110
4	80	592
4	81	62
4	83	492
4	84	444
4	85	235
4	86	6
4	87	81
4	88	43
4	89	118
4	90	39
4	91	189
4	92	4
4	93	652
4	94	346
4	95	302
4	96	85
4	97	294
4	98	93
4	99	302
4	100	110
4	101	252
4	102	8
4	103	16
4	104	563
5	0	76
5	2	8
5	3	841
5	4	60
5	5	757
5	6	14
5	7	450
5	8	122
5	9	32
5	10	3
5	11	80
5	13	17
5	14	284
5	15	183
5	16	21
5	18	37
5	19	12
5	20	23
5	21	88
5	22	7
5	23	1
5	24	39
5	25	39
5	26	190
5	27	94
5	28	3214
5	29	827
5	30	65
5	31	110
5	33	5
5	34	227
5	35	320
5	37	30
5	40	60
5	42	318
5	43	167
5	44	55
5	45	338
5	46	33
5	47	104
5	48	76
5	49	19
5	50	177
5	51	48
5	52	749
5	53	23
5	54	131
5	55	24
5	56	225
5	57	44
5	58	291
5	59	23
5	60	357
5	62	10
5	63	179
5	64	165
5	65	16
5	66	46
5	67	60
5	68	272
5	69	115
5	70	7
5	71	626
5	72	186
5	73	177
5	74	1
5	75	160
5	76	62
5	77	78
5	78	115
5	79	62
5	80	953
5	81	46
5	83	192
5	84	92
5	85	46
5	86	3
5	87	42
5	88	26
5	89	87
5	90	49
5	91	176
5	92	5
5	93	1257
5	94	156
5	95	136
5	96	33
5	97	17
5	98	97
5	99	103
5	100	44
5	101	55
5	102	3
5	104	391
6	0	135
6	1	2
6	2	10
6	3	2241
6	4	114
6	5	253
6	6	558
6	7	704
6	8	592
6	9	22
6	11	33
6	13	62
6	14	299
6	15	1678
6	16	58
6	18	2
6	19	10
6	20	51
6	21	419
6	22	114
6	24	89
6	25	145
6	26	1595
6	27	334
6	28	1541
6	29	452
6	30	361
6	31	178
6	33	33
6	34	523
6	35	695
6	37	56
6	40	83
6	42	263
6	43	531
6	44	54
6	45	211
6	46	384
6	47	538
6	48	265
6	49	43
6	50	232
6	51	24
6	52	2461
6	53	207
6	54	274
6	55	6
6	56	394
6	57	108
6	58	502
6	59	108
6	60	957
6	62	10
6	63	363
6	64	1057
6	65	35
6	66	81
6	67	110
6	68	571
6	69	259
6	70	12
6	71	353
6	72	2326
6	73	145
6	74	10
6	75	234
6	76	168
6	77	162
6	78	272
6	79	139
6	80	685
6	81	182
6	83	1317
6	84	174
6	85	97
6	87	490
6	88	64
6	89	132
6	90	24
6	91	1250
6	92	31
6	93	475
6	94	184
6	95	153
6	96	303
6	97	64
6	98	153
6	99	166
6	100	81
6	101	492
6	102	24
6	103	18
6	104	357
7	0	2
7	3	8
7	5	4
7	7	71
7	8	2
7	14	2
7	15	4
7	21	2
7	24	2
7	25	2
7	26	4
7	27	2
7	28	21
7	29	4
7	34	6
7	35	4
7	37	2
7	42	2
7	43	6
7	47	4
7	49	2
7	52	15
7	54	4
7	56	4
7	58	2
7	60	4
7	64	6
7	66	2
7	71	4
7	72	13
7	75	6
7	76	2
7	77	4
7	79	2
7	80	2
7	83	4
7	87	2
7	89	2
7	91	8
7	93	2
7	94	2
7	95	2
7	96	2
7	97	2
7	100	4
7	101	2
7	104	4
8	0	682
8	2	100
8	3	1067
8	4	75
8	5	415
8	6	70
8	7	663
8	8	4943
8	9	44
8	10	4
8	11	178
8	13	65
8	14	253
8	15	785
8	16	68
8	18	49
8	19	14
8	20	314
8	21	806
8	22	136
8	23	2
8	24	365
8	25	75
8	26	1362
8	27	1545
8	28	2237
8	29	461
8	30	136
8	31	161
8	33	14
8	34	609
8	35	511
8	37	290
8	38	2
8	39	2
8	40	77
8	41	2
8	42	736
8	43	257
8	44	56
8	45	408
8	46	143
8	47	279
8	48	164
8	49	189
8	50	227
8	51	35
8	52	1395
8	53	110
8	54	593
8	55	4
8	56	391
8	57	605
8	58	304
8	59	44
8	60	2860
8	62	51
8	63	302
8	64	1545
8	65	63
8	66	68
8	67	166
8	68	696
8	69	131
8	70	18
8	71	593
8	72	1639
8	73	597
8	74	14
8	75	150
8	76	98
8	77	450
8	78	893
8	79	276
8	80	1003
8	81	1388
8	83	605
8	84	194
8	85	79
8	86	7
8	87	150
8	88	361
8	89	419
8	90	46
8	91	450
8	92	18
8	93	490
8	94	405
8	95	255
8	96	133
8	97	103
8	98	262
8	99	436
8	100	126
8	101	225
8	102	35
8	103	14
8	104	323
10	0	12
10	2	2
10	3	114
10	4	9
10	5	31
10	6	9
10	7	21
10	8	34
10	9	7
10	10	87
10	11	2
10	13	4
10	14	29
10	15	21
10	16	12
10	17	2
10	18	19
10	19	196
10	21	17
10	22	2
10	24	17
10	25	21
10	26	26
10	27	14
10	28	187
10	29	34
10	30	19
10	31	12
10	34	75
10	35	38
10	37	7
10	39	2
10	40	48
10	42	277
10	43	38
10	44	14
10	45	21
10	46	7
10	47	17
10	48	12
10	49	4
10	50	14
10	51	175
10	52	153
10	53	21
10	54	2
10	56	24
10	57	12
10	58	38
10	59	9
10	60	48
10	61	2
10	62	36
10	63	51
10	64	14
10	65	21
10	66	14
10	67	89
10	68	43
10	69	7
10	70	2
10	71	31
10	72	34
10	73	55
10	75	34
10	76	38
10	77	38
10	78	21
10	79	7
10	80	58
10	81	7
10	83	19
10	84	29
10	85	4
10	86	226
10	87	7
10	88	2
10	89	17
10	91	9
10	93	31
10	94	46
10	95	65
10	96	14
10	97	4
10	98	17
10	99	46
10	100	29
10	101	12
10	102	2
10	103	2
10	104	46
11	0	131
11	2	27
11	3	691
11	4	54
11	5	287
11	6	8
11	7	274
11	8	192
11	9	35
11	10	2
11	11	653
11	13	14
11	14	171
11	15	116
11	16	35
11	18	54
11	19	12
11	20	107
11	21	143
11	22	12
11	24	114
11	25	33
11	26	126
11	27	177
11	28	2530
11	29	410
11	30	71
11	31	54
11	33	6
11	34	224
11	35	241
11	37	67
11	40	61
11	42	778
11	43	107
11	44	25
11	45	928
11	46	40
11	47	80
11	48	69
11	49	84
11	50	99
11	51	61
11	52	632
11	53	23
11	54	80
11	55	14
11	56	200
11	57	97
11	58	209
11	59	27
11	60	539
11	62	16
11	63	154
11	64	230
11	65	42
11	66	40
11	67	99
11	68	372
11	69	95
11	70	10
11	71	448
11	72	268
11	73	488
11	74	2
11	75	107
11	76	80
11	77	230
11	78	319
11	79	224
11	80	883
11	81	78
11	83	143
11	84	105
11	85	38
11	86	8
11	87	35
11	88	33
11	89	137
11	90	46
11	91	131
11	92	2
11	93	568
11	94	251
11	95	215
11	96	48
11	97	33
11	98	97
11	99	283
11	100	61
11	101	57
11	102	2
11	103	6
11	104	300
12	3	3
12	8	32
12	14	3
12	15	3
12	20	3
12	24	3
12	27	9
12	28	3
12	42	3
12	45	3
12	48	3
12	50	6
12	52	12
12	54	3
12	56	3
12	59	3
12	60	12
12	62	3
12	63	3
12	64	6
12	65	3
12	68	6
12	69	6
12	70	3
12	71	3
12	72	12
12	73	6
12	74	3
12	75	3
12	77	3
12	78	9
12	79	3
12	80	3
12	81	6
12	83	6
12	87	3
12	89	6
12	91	6
12	93	3
12	94	3
13	0	37
13	1	3
13	2	3
13	3	1405
13	4	141
13	5	73
13	6	16
13	7	159
13	8	118
13	9	25
13	10	1
13	11	21
13	13	1166
13	14	62
13	15	246
13	16	25
13	18	1
13	19	12
13	20	5
13	21	66
13	22	10
13	24	34
13	25	2023
13	26	179
13	27	70
13	28	821
13	29	122
13	30	283
13	31	34
13	33	1
13	34	222
13	35	168
13	37	12
13	39	3
13	40	316
13	42	235
13	43	501
13	44	8
13	45	70
13	46	84
13	47	95
13	48	46
13	49	12
13	50	75
13	51	39
13	52	2240
13	53	161
13	54	34
13	55	7
13	56	145
13	57	34
13	58	368
13	59	86
13	60	134
13	62	19
13	63	415
13	64	125
13	65	44
13	66	630
13	67	228
13	68	147
13	69	217
13	70	1
13	71	131
13	72	255
13	73	59
13	74	23
13	75	143
13	76	312
13	77	32
13	78	79
13	79	53
13	80	190
13	81	52
13	83	215
13	84	163
13	85	95
13	86	10
13	87	44
13	88	28
13	89	39
13	90	16
13	91	66
13	92	1
13	93	183
13	94	107
13	95	89
13	96	35
13	97	116
13	98	50
13	99	100
13	100	32
13	101	147
13	102	5
13	103	28
13	104	190
14	0	89
14	2	23
14	3	1533
14	4	79
14	5	411
14	6	19
14	7	496
14	8	150
14	9	50
14	11	83
14	13	23
14	14	952
14	15	225
14	16	66
14	18	17
14	19	13
14	20	23
14	21	95
14	22	7
14	24	37
14	25	75
14	26	190
14	27	99
14	28	3029
14	29	1077
14	30	66
14	31	124
14	33	1
14	34	270
14	35	473
14	37	35
14	40	91
14	42	457
14	43	202
14	44	44
14	45	290
14	46	52
14	47	122
14	48	126
14	49	23
14	50	171
14	51	27
14	52	1375
14	53	35
14	54	109
14	55	19
14	56	432
14	57	74
14	58	537
14	59	21
14	60	372
14	62	17
14	63	309
14	64	198
14	65	35
14	66	29
14	67	66
14	68	420
14	69	146
14	70	7
14	71	487
14	72	288
14	73	144
14	74	9
14	75	206
14	76	142
14	77	77
14	78	118
14	79	75
14	80	878
14	81	44
14	83	208
14	84	107
14	85	87
14	86	1
14	87	48
14	88	21
14	89	105
14	90	68
14	91	192
14	92	5
14	93	1044
14	94	192
14	95	132
14	96	75
14	97	40
14	98	105
14	99	128
14	100	46
14	101	66
14	102	5
14	103	7
14	104	693
15	0	166
15	1	4
15	2	26
15	3	2725
15	4	157
15	5	404
15	6	214
15	7	1158
15	8	920
15	9	24
15	11	107
15	13	85
15	14	472
15	15	3046
15	16	37
15	18	10
15	19	15
15	20	111
15	21	629
15	22	166
15	23	2
15	24	137
15	25	168
15	26	2137
15	27	382
15	28	2227
15	29	780
15	30	406
15	31	295
15	33	28
15	34	762
15	35	1081
15	37	61
15	39	2
15	40	120
15	42	351
15	43	712
15	44	45
15	45	371
15	46	415
15	47	681
15	48	515
15	49	48
15	50	456
15	51	30
15	52	2946
15	53	240
15	54	413
15	55	8
15	56	625
15	57	122
15	58	804
15	59	111
15	60	1258
15	62	30
15	63	391
15	64	1534
15	65	52
15	66	100
15	67	131
15	68	721
15	69	354
15	70	8
15	71	598
15	72	2625
15	73	260
15	74	15
15	75	406
15	76	203
15	77	181
15	78	402
15	79	231
15	80	1073
15	81	246
15	83	1862
15	84	275
15	85	174
15	86	4
15	87	391
15	88	96
15	89	177
15	90	52
15	91	1398
15	92	19
15	93	806
15	94	255
15	95	153
15	96	439
15	97	76
15	98	192
15	99	260
15	100	107
15	101	537
15	102	13
15	103	24
15	104	539
16	0	19
16	2	17
16	3	364
16	4	45
16	5	62
16	6	13
16	7	58
16	8	54
16	9	15
16	10	2
16	11	43
16	13	6
16	14	54
16	15	60
16	16	249
16	18	32
16	19	6
16	20	13
16	21	62
16	22	2
16	23	2
16	24	39
16	25	23
16	26	28
16	27	43
16	28	603
16	29	93
16	30	32
16	31	6
16	34	360
16	35	151
16	36	2
16	37	17
16	40	49
16	42	408
16	43	86
16	44	54
16	45	62
16	46	19
16	47	84
16	48	41
16	49	15
16	50	26
16	51	45
16	52	358
16	53	21
16	54	45
16	55	2
16	56	67
16	57	17
16	58	75
16	59	19
16	60	141
16	62	49
16	63	188
16	64	80
16	65	49
16	66	15
16	67	169
16	68	245
16	69	73
16	70	2
16	71	58
16	72	78
16	73	121
16	75	75
16	76	108
16	77	41
16	78	88
16	79	88
16	80	236
16	81	23
16	83	49
16	84	297
16	85	26
16	86	4
16	87	21
16	88	13
16	89	52
16	90	19
16	91	23
16	93	130
16	94	154
16	95	132
16	96	17
16	97	36
16	98	112
16	99	132
16	100	156
16	101	41
16	103	8
16	104	110
17	3	9
17	4	3
17	8	3
17	15	3
17	16	3
17	20	3
17	24	3
17	26	3
17	27	3
17	28	25
17	29	3
17	30	3
17	37	3
17	42	28
17	43	3
17	46	3
17	47	3
17	49	3
17	50	3
17	51	9
17	52	6
17	54	3
17	55	3
17	62	9
17	63	3
17	64	3
17	67	3
17	71	3
17	73	6
17	77	3
17	80	3
17	91	3
17	93	6
17	94	3
17	97	3
17	98	3
17	99	9
19	0	57
19	2	2
19	3	340
19	4	38
19	5	54
19	6	4
19	7	73
19	8	79
19	9	11
19	10	107
19	11	13
19	13	15
19	14	41
19	15	66
19	16	15
19	18	77
19	19	531
19	20	11
19	21	13
19	22	2
19	23	25
19	24	52
19	25	45
19	26	109
19	27	54
19	28	538
19	29	79
19	30	22
19	31	15
19	34	175
19	35	93
19	37	22
19	39	2
19	40	143
19	42	846
19	43	50
19	44	20
19	45	36
19	46	22
19	47	41
19	48	27
19	49	31
19	50	50
19	51	563
19	52	337
19	53	22
19	54	27
19	55	4
19	56	59
19	57	29
19	58	109
19	59	9
19	60	118
19	62	114
19	63	141
19	64	47
19	65	41
19	66	22
19	67	221
19	68	116
19	69	82
19	70	11
19	71	86
19	72	77
19	73	123
19	75	59
19	76	111
19	77	84
19	78	73
19	79	52
19	80	157
19	81	45
19	83	88
19	84	118
19	85	31
19	86	93
19	87	22
19	88	25
19	89	50
19	90	13
19	91	15
19	93	141
19	94	155
19	95	146
19	96	11
19	97	45
19	98	31
19	99	134
19	100	75
19	101	22
19	102	2
19	103	2
19	104	102
20	0	284
20	1	2
20	2	60
20	3	406
20	4	45
20	5	172
20	6	22
20	7	111
20	8	495
20	9	17
20	11	157
20	13	17
20	14	121
20	15	160
20	16	12
20	18	33
20	19	5
20	20	632
20	21	172
20	22	17
20	24	464
20	25	30
20	26	165
20	27	528
20	28	1013
20	29	149
20	30	40
20	31	33
20	33	2
20	34	226
20	35	200
20	37	190
20	40	45
20	42	599
20	43	91
20	44	17
20	45	254
20	46	45
20	47	58
20	48	53
20	49	205
20	50	71
20	51	17
20	52	411
20	53	22
20	54	121
20	55	5
20	56	132
20	57	182
20	58	104
20	59	12
20	60	805
20	62	22
20	63	106
20	64	353
20	65	38
20	66	25
20	67	68
20	68	307
20	69	76
20	70	10
20	71	200
20	72	373
20	73	409
20	74	2
20	75	33
20	76	38
20	77	368
20	78	563
20	79	157
20	80	459
20	81	208
20	83	134
20	84	76
20	85	15
20	87	25
20	88	106
20	89	469
20	90	25
20	91	104
20	92	10
20	93	276
20	94	203
20	95	114
20	96	53
20	97	33
20	98	119
20	99	317
20	100	25
20	101	38
20	102	2
20	103	7
20	104	88
21	0	62
21	2	8
21	3	519
21	4	31
21	5	198
21	6	19
21	7	1128
21	8	112
21	9	29
21	10	1
21	11	28
21	13	8
21	14	100
21	15	117
21	16	7
21	18	14
21	20	16
21	21	364
21	22	11
21	24	23
21	25	19
21	26	229
21	27	81
21	28	1426
21	29	268
21	30	39
21	31	105
21	33	1
21	34	59
21	35	125
21	37	39
21	40	20
21	42	155
21	43	74
21	44	16
21	45	103
21	46	25
21	47	60
21	48	28
21	49	28
21	50	133
21	51	14
21	52	432
21	53	42
21	54	176
21	55	1
21	56	188
21	57	51
21	58	191
21	59	13
21	60	211
21	62	5
21	63	72
21	64	210
21	65	10
21	66	19
21	67	31
21	68	77
21	69	48
21	70	5
21	71	232
21	72	219
21	73	68
21	74	1
21	75	77
21	76	48
21	77	50
21	78	69
21	79	5
21	80	356
21	81	20
21	83	139
21	84	32
21	85	20
21	87	11
21	88	17
21	89	56
21	90	26
21	91	185
21	92	4
21	93	342
21	94	69
21	95	51
21	96	66
21	97	4
21	98	28
21	99	39
21	100	17
21	101	17
21	102	1
21	103	1
21	104	118
22	0	16
22	3	51
22	4	8
22	5	14
22	6	8
22	7	51
22	8	46
22	11	1
22	13	1
22	14	18
22	15	62
22	16	1
22	20	6
22	21	34
22	22	18
22	24	1
22	25	4
22	26	136
22	27	23
22	28	85
22	29	9
22	30	21
22	31	9
22	33	3
22	34	26
22	35	24
22	37	4
22	40	4
22	42	23
22	43	6
22	45	18
22	46	13
22	47	21
22	48	8
22	49	4
22	50	9
22	51	3
22	52	80
22	53	3
22	54	13
22	56	26
22	57	4
22	58	9
22	59	3
22	60	57
22	63	13
22	64	64
22	66	3
22	68	8
22	69	11
22	71	13
22	72	174
22	73	9
22	75	1
22	76	4
22	77	11
22	78	18
22	79	3
22	80	32
22	81	9
22	83	54
22	84	13
22	85	4
22	87	8
22	88	8
22	89	16
22	91	75
22	92	3
22	93	31
22	94	16
22	95	9
22	96	1
22	97	6
22	98	9
22	99	8
22	100	3
22	101	13
22	102	1
22	103	3
22	104	13
23	0	2
23	3	13
23	5	2
23	7	5
23	8	2
23	9	5
23	11	2
23	13	2
23	14	8
23	15	8
23	19	13
23	20	2
23	21	8
23	23	5
23	24	2
23	25	2
23	26	5
23	27	2
23	28	46
23	29	2
23	34	8
23	35	5
23	37	5
23	40	10
23	42	54
23	45	2
23	46	2
23	49	10
23	50	2
23	51	124
23	52	24
23	53	5
23	54	2
23	56	8
23	58	5
23	60	8
23	62	5
23	64	8
23	66	5
23	67	5
23	69	5
23	71	5
23	72	2
23	73	2
23	75	5
23	76	10
23	77	5
23	78	5
23	79	2
23	80	13
23	81	2
23	83	5
23	84	5
23	86	2
23	87	2
23	88	2
23	89	5
23	91	2
23	93	16
23	94	5
23	95	8
23	97	5
23	98	2
23	99	13
23	100	5
23	102	2
23	104	10
24	0	652
24	1	2
24	2	275
24	3	708
24	4	87
24	5	372
24	6	25
24	7	284
24	8	847
24	9	18
24	11	343
24	13	28
24	14	228
24	15	268
24	16	122
24	18	183
24	19	16
24	20	626
24	21	353
24	22	37
24	24	1667
24	25	82
24	26	287
24	27	956
24	28	2319
24	29	381
24	30	103
24	31	98
24	33	2
24	34	647
24	35	341
24	37	372
24	39	4
24	40	98
24	42	2663
24	43	190
24	44	65
24	45	445
24	46	65
24	47	94
24	48	84
24	49	756
24	50	176
24	51	120
24	52	920
24	53	84
24	54	237
24	55	11
24	56	374
24	57	489
24	58	235
24	59	47
24	60	1436
24	62	56
24	63	270
24	64	682
24	65	77
24	66	58
24	67	230
24	68	635
24	69	89
24	70	70
24	71	541
24	72	534
24	73	1325
24	74	7
24	75	138
24	76	110
24	77	1455
24	78	826
24	79	454
24	80	986
24	81	329
24	83	202
24	84	190
24	85	42
24	86	4
24	87	58
24	88	228
24	89	923
24	90	51
24	91	134
24	92	4
24	93	657
24	94	612
24	95	471
24	96	65
24	97	58
24	98	223
24	99	744
24	100	176
24	101	84
24	102	4
24	103	18
24	104	186
25	0	83
25	1	46
25	2	16
25	3	1931
25	4	183
25	5	142
25	6	20
25	7	244
25	8	150
25	9	24
25	10	8
25	11	46
25	13	1260
25	14	97
25	15	392
25	16	69
25	18	26
25	19	40
25	20	16
25	21	138
25	22	16
25	24	75
25	25	4822
25	26	268
25	27	150
25	28	1015
25	29	215
25	30	624
25	31	67
25	33	8
25	34	333
25	35	323
25	36	4
25	37	36
25	40	333
25	42	360
25	43	753
25	44	32
25	45	85
25	46	166
25	47	189
25	48	101
25	49	28
25	50	99
25	51	50
25	52	3083
25	53	346
25	54	101
25	55	6
25	56	170
25	57	38
25	58	435
25	59	138
25	60	266
25	62	28
25	63	641
25	64	246
25	65	50
25	66	993
25	67	276
25	68	295
25	69	350
25	70	2
25	71	152
25	72	431
25	73	128
25	74	109
25	75	164
25	76	354
25	77	46
25	78	132
25	79	95
25	80	315
25	81	81
25	83	313
25	84	246
25	85	132
25	86	8
25	87	93
25	88	44
25	89	54
25	90	28
25	91	101
25	92	12
25	93	341
25	94	193
25	95	124
25	96	61
25	97	168
25	98	77
25	99	203
25	100	65
25	101	201
25	102	14
25	103	230
25	104	278
26	0	177
26	2	13
26	3	854
26	4	44
26	5	162
26	6	74
26	7	617
26	8	736
26	9	24
26	10	1
26	11	50
26	12	1
26	13	37
26	14	193
26	15	755
26	16	16
26	18	11
26	19	7
26	20	44
26	21	421
26	22	160
26	24	96
26	25	55
26	26	2448
26	27	399
26	28	1613
26	29	283
26	30	151
26	31	76
26	33	16
26	34	262
26	35	300
26	37	95
26	40	59
26	42	272
26	43	242
26	44	42
26	45	186
26	46	137
26	47	216
26	48	104
26	49	46
26	50	158
26	51	27
26	52	1232
26	53	89
26	54	244
26	55	7
26	56	205
26	57	96
26	58	249
26	59	46
26	60	740
26	62	11
26	63	197
26	64	1072
26	65	26
26	66	42
26	67	52
26	68	302
26	69	132
26	70	5
26	71	279
26	72	1877
26	73	162
26	74	3
26	75	113
26	76	70
26	77	106
26	78	192
26	79	119
26	80	648
26	81	248
26	83	589
26	84	126
26	85	33
26	86	3
26	87	130
26	88	82
26	89	123
26	90	37
26	91	479
26	92	7
26	93	326
26	94	158
26	95	95
26	96	167
26	97	35
26	98	117
26	99	182
26	100	96
26	101	154
26	102	9
26	103	3
26	104	162
27	0	1438
27	1	5
27	2	83
27	3	1030
27	4	75
27	5	465
27	6	48
27	7	448
27	8	2562
27	9	43
27	11	258
27	13	63
27	14	291
27	15	572
27	16	75
27	18	68
27	19	27
27	20	529
27	21	658
27	22	144
27	23	2
27	24	681
27	25	129
27	26	891
27	27	3943
27	28	2755
27	29	547
27	30	167
27	31	139
27	33	20
27	34	830
27	35	595
27	37	805
27	39	5
27	40	91
27	42	1109
27	43	276
27	44	65
27	45	757
27	46	119
27	47	192
27	48	227
27	49	301
27	50	364
27	51	55
27	52	1395
27	53	81
27	54	420
27	55	27
27	56	402
27	57	1729
27	58	387
27	59	35
27	60	3198
27	62	43
27	63	283
27	64	1413
27	65	60
27	66	91
27	67	151
27	68	916
27	69	129
27	70	32
27	71	660
27	72	1458
27	73	954
27	74	15
27	75	174
27	76	172
27	77	693
27	78	1473
27	79	420
27	80	1400
27	81	1190
27	83	430
27	84	220
27	85	75
27	86	2
27	87	121
27	88	635
27	89	904
27	90	78
27	91	382
27	92	7
27	93	731
27	94	455
27	95	334
27	96	113
27	97	75
27	98	286
27	99	567
27	100	172
27	101	184
27	102	35
27	103	17
27	104	382
28	0	56
28	2	9
28	3	401
28	4	18
28	5	180
28	6	7
28	7	187
28	8	99
28	9	22
28	10	1
28	11	34
28	13	11
28	14	124
28	15	75
28	16	33
28	18	15
28	19	4
28	20	33
28	21	61
28	22	6
28	23	1
28	24	28
28	25	20
28	26	165
28	27	45
28	28	3240
28	29	292
28	30	25
28	31	31
28	33	4
28	34	93
28	35	191
28	37	7
28	38	1
28	40	47
28	42	219
28	43	60
28	44	12
28	45	219
28	46	22
28	47	47
28	48	34
28	49	18
28	50	71
28	51	23
28	52	345
28	53	11
28	54	37
28	55	12
28	56	129
28	57	58
28	58	132
28	59	11
28	60	211
28	62	6
28	63	72
28	64	71
28	65	4
28	66	11
28	67	39
28	68	121
28	69	53
28	70	4
28	71	352
28	72	121
28	73	60
28	75	74
28	76	41
28	77	53
28	78	88
28	79	23
28	80	457
28	81	25
28	83	61
28	84	44
28	85	22
28	86	1
28	87	11
28	88	26
28	89	55
28	90	52
28	91	44
28	92	1
28	93	374
28	94	107
28	95	74
28	96	20
28	97	11
28	98	33
28	99	50
28	100	30
28	101	36
28	103	3
28	104	138
29	0	92
29	1	1
29	2	3
29	3	1138
29	4	35
29	5	565
29	6	15
29	7	910
29	8	161
29	9	61
29	10	1
29	11	82
29	13	28
29	14	358
29	15	242
29	16	15
29	17	1
29	18	20
29	19	5
29	20	26
29	21	135
29	22	7
29	24	52
29	25	67
29	26	180
29	27	137
29	28	3213
29	29	1682
29	30	61
29	31	163
29	34	266
29	35	358
29	37	31
29	39	1
29	40	67
29	41	1
29	42	407
29	43	221
29	44	28
29	45	394
29	46	50
29	47	107
29	48	133
29	49	28
29	50	326
29	51	56
29	52	972
29	53	41
29	54	180
29	55	13
29	56	409
29	57	50
29	58	362
29	59	28
29	60	458
29	62	18
29	63	193
29	64	231
29	65	18
29	66	39
29	67	82
29	68	309
29	69	125
29	70	3
29	71	644
29	72	345
29	73	210
29	74	11
29	75	167
29	76	108
29	77	107
29	78	123
29	79	84
29	80	1014
29	81	45
29	83	232
29	84	84
29	85	61
29	87	26
29	88	30
29	89	95
29	90	80
29	91	204
29	92	1
29	93	1008
29	94	200
29	95	163
29	96	77
29	97	33
29	98	103
29	99	129
29	100	67
29	101	82
29	103	5
29	104	473
30	0	162
30	1	22
30	2	19
30	3	5151
30	4	494
30	5	314
30	6	92
30	7	664
30	8	333
30	9	52
30	11	71
30	13	405
30	14	333
30	15	884
30	16	85
30	18	33
30	19	52
30	20	26
30	21	274
30	22	34
30	24	87
30	25	2752
30	26	802
30	27	243
30	28	2899
30	29	533
30	30	3675
30	31	129
30	33	27
30	34	715
30	35	729
30	36	3
30	37	43
30	40	498
30	42	702
30	43	1724
30	44	52
30	45	236
30	46	368
30	47	424
30	48	218
30	49	34
30	50	185
30	51	110
30	52	8929
30	53	1785
30	54	171
30	55	19
30	56	424
30	57	50
30	58	1528
30	59	204
30	60	597
30	62	38
30	63	1222
30	64	528
30	65	61
30	66	646
30	67	403
30	68	498
30	69	702
30	70	3
30	71	391
30	72	1225
30	73	204
30	74	167
30	75	335
30	76	758
30	77	120
30	78	229
30	79	141
30	80	729
30	81	139
30	83	870
30	84	407
30	85	192
30	86	10
30	87	164
30	88	66
30	89	118
30	90	54
30	91	402
30	92	31
30	93	750
30	94	318
30	95	311
30	96	185
30	97	206
30	98	146
30	99	262
30	100	124
30	101	622
30	102	17
30	103	211
30	104	627
31	0	27
31	3	426
31	4	31
31	5	140
31	6	18
31	7	560
31	8	34
31	9	18
31	11	11
31	13	9
31	14	122
31	15	163
31	16	27
31	18	2
31	19	2
31	20	11
31	21	43
31	22	4
31	24	20
31	25	31
31	26	131
31	27	54
31	28	883
31	29	254
31	30	54
31	31	283
31	33	4
31	34	59
31	35	149
31	37	6
31	40	29
31	42	88
31	43	86
31	44	13
31	45	49
31	46	22
31	47	111
31	48	74
31	49	13
31	50	129
31	51	9
31	52	342
31	53	20
31	54	49
31	55	15
31	56	233
31	57	15
31	58	156
31	59	13
31	60	113
31	62	2
31	63	81
31	64	131
31	66	20
31	67	52
31	68	74
31	69	29
31	71	129
31	72	220
31	73	56
31	75	45
31	76	24
31	77	24
31	78	38
31	79	18
31	80	267
31	81	13
31	83	190
31	84	31
31	85	11
31	87	15
31	88	6
31	89	31
31	90	22
31	91	163
31	93	254
31	94	43
31	95	43
31	96	70
31	97	4
31	98	38
31	99	34
31	100	11
31	101	38
31	103	6
31	104	127
32	1	39
32	3	3
32	13	15
32	14	11
32	15	15
32	21	3
32	25	7
32	27	7
32	28	15
32	29	3
32	30	3
32	34	3
32	35	3
32	40	3
32	42	7
32	43	3
32	44	3
32	47	7
32	49	3
32	51	3
32	52	15
32	53	3
32	56	3
32	57	3
32	60	7
32	63	7
32	64	3
32	66	3
32	68	7
32	69	3
32	71	11
32	72	15
32	73	7
32	76	3
32	78	7
32	80	7
32	81	7
32	83	3
32	85	3
32	88	3
32	89	7
32	93	3
32	95	3
32	96	3
32	97	3
32	99	11
32	103	39
32	104	7
33	0	10
33	1	4
33	2	2
33	3	52
33	5	6
33	6	4
33	7	17
33	8	37
33	13	4
33	14	10
33	15	35
33	16	2
33	21	13
33	22	8
33	25	10
33	26	59
33	27	17
33	28	63
33	29	10
33	30	6
33	31	2
33	33	19
33	34	19
33	35	21
33	37	2
33	40	13
33	42	17
33	43	13
33	45	6
33	46	8
33	47	15
33	48	4
33	49	6
33	50	13
33	51	4
33	52	76
33	53	6
33	54	2
33	56	6
33	57	13
33	58	4
33	59	2
33	60	41
33	62	2
33	63	28
33	64	26
33	65	2
33	66	8
33	67	8
33	68	17
33	69	2
33	71	15
33	72	105
33	73	6
33	75	6
33	76	8
33	77	10
33	78	24
33	79	2
33	80	21
33	81	10
33	83	30
33	84	8
33	85	2
33	87	13
33	88	2
33	89	4
33	90	2
33	91	43
33	92	6
33	93	19
33	94	10
33	95	10
33	96	6
33	97	2
33	98	2
33	99	13
33	100	6
33	101	17
33	102	87
33	103	6
33	104	10
34	0	44
34	2	10
34	3	1064
34	4	165
34	5	161
34	6	30
34	7	145
34	8	259
34	9	12
34	11	68
34	13	50
34	14	234
34	15	275
34	16	85
34	18	36
34	19	22
34	20	22
34	21	188
34	22	8
34	23	4
34	24	80
34	25	127
34	26	91
34	27	133
34	28	1309
34	29	311
34	30	192
34	31	54
34	33	4
34	34	2135
34	35	431
34	36	2
34	37	30
34	39	4
34	40	250
34	42	451
34	43	271
34	44	123
34	45	198
34	46	62
34	47	194
34	48	109
34	49	26
34	50	141
34	51	34
34	52	1376
34	53	113
34	54	111
34	55	4
34	56	242
34	57	50
34	58	293
34	59	58
34	60	406
34	62	40
34	63	848
34	64	180
34	65	74
34	66	82
34	67	246
34	68	637
34	69	263
34	70	6
34	71	250
34	72	240
34	73	184
34	74	2
34	75	497
34	76	329
34	77	74
34	78	163
34	79	198
34	80	635
34	81	60
34	83	216
34	84	479
34	85	153
34	86	10
34	87	36
34	88	40
34	89	68
34	90	26
34	91	78
34	92	6
34	93	459
34	94	277
34	95	253
34	96	68
34	97	119
34	98	240
34	99	178
34	100	168
34	101	149
34	102	6
34	103	10
34	104	477
35	0	56
35	1	4
35	2	4
35	3	1516
35	4	110
35	5	235
35	6	14
35	7	363
35	8	180
35	9	32
35	11	54
35	13	34
35	14	267
35	15	265
35	16	36
35	18	14
35	19	6
35	20	42
35	21	136
35	22	22
35	24	32
35	25	58
35	26	249
35	27	106
35	28	1978
35	29	618
35	30	152
35	31	94
35	33	4
35	34	447
35	35	1275
35	37	38
35	38	2
35	40	80
35	42	233
35	43	299
35	44	66
35	45	206
35	46	90
35	47	323
35	48	267
35	49	44
35	50	178
35	51	22
35	52	1464
35	53	68
35	54	132
35	55	8
35	56	522
35	57	44
35	58	492
35	59	42
35	60	403
35	62	10
35	63	387
35	64	190
35	65	28
35	66	68
35	67	56
35	68	401
35	69	182
35	70	6
35	71	303
35	72	399
35	73	138
35	74	6
35	75	257
35	76	156
35	77	64
35	78	140
35	79	112
35	80	606
35	81	52
35	83	365
35	84	144
35	85	68
35	86	6
35	87	64
35	88	26
35	89	80
35	90	36
35	91	192
35	92	4
35	93	602
35	94	154
35	95	118
35	96	92
35	97	46
35	98	96
35	99	130
35	100	58
35	101	124
35	102	4
35	103	14
35	104	628
36	3	13
36	5	2
36	7	8
36	13	13
36	14	5
36	15	5
36	25	34
36	27	2
36	28	16
36	30	5
36	34	2
36	36	2
36	40	5
36	43	2
36	52	18
36	53	8
36	60	2
36	63	18
36	64	5
36	66	2
36	67	8
36	69	5
36	72	8
36	76	13
36	77	2
36	80	5
36	83	2
36	84	2
36	94	2
36	97	5
36	98	5
36	99	2
36	101	2
37	0	1043
37	1	2
37	2	75
37	3	675
37	4	52
37	5	325
37	6	30
37	7	367
37	8	1226
37	9	16
37	11	219
37	12	2
37	13	61
37	14	205
37	15	331
37	16	50
37	18	22
37	19	11
37	20	509
37	21	417
37	22	77
37	24	573
37	25	47
37	26	425
37	27	1549
37	28	1580
37	29	303
37	30	136
37	31	83
37	33	8
37	34	534
37	35	322
37	37	831
37	39	2
37	40	83
37	42	773
37	43	228
37	44	36
37	45	395
37	46	94
37	47	164
37	48	102
37	49	225
37	50	158
37	51	77
37	52	892
37	53	50
37	54	275
37	55	5
37	56	233
37	57	1160
37	58	219
37	59	47
37	60	1830
37	62	41
37	63	269
37	64	792
37	65	44
37	66	69
37	67	102
37	68	648
37	69	105
37	70	33
37	71	350
37	72	962
37	73	637
37	74	11
37	75	100
37	76	125
37	77	556
37	78	1157
37	79	414
37	80	812
37	81	648
37	83	333
37	84	172
37	85	44
37	86	2
37	87	72
37	88	364
37	89	912
37	90	44
37	91	272
37	92	2
37	93	470
37	94	333
37	95	172
37	96	80
37	97	69
37	98	164
37	99	353
37	100	136
37	101	122
37	102	11
37	103	13
37	104	200
39	0	2
39	3	32
39	4	8
39	5	5
39	7	14
39	9	2
39	11	2
39	14	8
39	15	11
39	18	14
39	24	11
39	25	5
39	26	2
39	27	8
39	28	89
39	29	8
39	30	11
39	31	2
39	34	26
39	35	14
39	36	2
39	39	5
39	40	23
39	42	136
39	43	8
39	45	20
39	46	5
39	47	11
39	48	5
39	49	8
39	50	11
39	51	68
39	52	83
39	54	8
39	56	8
39	57	2
39	58	2
39	59	2
39	60	17
39	62	47
39	63	20
39	67	23
39	68	23
39	69	5
39	71	17
39	72	5
39	73	26
39	75	8
39	76	11
39	77	17
39	79	17
39	80	50
39	81	14
39	83	20
39	84	20
39	85	2
39	87	5
39	90	2
39	91	5
39	93	14
39	94	23
39	95	8
39	96	2
39	97	5
39	98	5
39	99	20
39	100	20
39	104	32
40	0	108
40	1	1
40	2	23
40	3	1781
40	4	288
40	5	222
40	6	46
40	7	261
40	8	304
40	9	21
40	10	5
40	11	89
40	13	81
40	14	220
40	15	376
40	16	275
40	17	1
40	18	191
40	19	67
40	20	40
40	21	157
40	22	13
40	24	98
40	25	263
40	26	174
40	27	205
40	28	2062
40	29	376
40	30	224
40	31	77
40	33	11
40	34	1027
40	35	472
40	36	13
40	37	38
40	39	3
40	40	2079
40	42	2279
40	43	567
40	44	108
40	45	176
40	46	108
40	47	189
40	48	129
40	49	52
40	50	108
40	51	118
40	52	2663
40	53	127
40	54	106
40	55	7
40	56	395
40	57	52
40	58	488
40	59	151
40	60	523
40	62	102
40	63	1748
40	64	269
40	65	143
40	66	149
40	67	1593
40	68	670
40	69	571
40	70	9
40	71	290
40	72	430
40	73	352
40	74	21
40	75	432
40	76	761
40	77	193
40	78	203
40	79	201
40	80	591
40	81	104
40	83	308
40	84	1244
40	85	203
40	86	7
40	87	93
40	88	50
40	89	100
40	90	52
40	91	124
40	92	7
40	93	562
40	94	624
40	95	476
40	96	100
40	97	345
40	98	189
40	99	515
40	100	362
40	101	224
40	102	1
40	103	11
40	104	467
41	0	7
41	3	7
41	13	15
41	16	7
41	19	7
41	26	7
41	28	37
41	35	30
41	40	7
41	42	15
41	46	7
41	47	7
41	52	15
41	54	7
41	56	7
41	58	7
41	60	30
41	64	15
41	65	7
41	68	22
41	69	15
41	70	15
41	72	7
41	73	15
41	77	15
41	78	7
41	80	7
41	83	22
41	86	7
41	91	7
41	93	7
41	94	15
41	98	7
41	99	7
41	103	7
42	0	321
42	1	2
42	2	69
42	3	1039
42	4	153
42	5	385
42	6	22
42	7	496
42	8	424
42	9	69
42	10	9
42	11	214
42	13	41
42	14	281
42	15	266
42	16	172
42	18	664
42	19	49
42	20	128
42	21	242
42	22	12
42	23	9
42	24	269
42	25	108
42	26	348
42	27	313
42	28	3116
42	29	493
42	30	158
42	31	91
42	33	9
42	34	627
42	35	486
42	37	108
42	39	7
42	40	249
42	42	7752
42	43	291
42	44	44
42	45	422
42	46	118
42	47	177
42	48	106
42	49	335
42	50	160
42	51	429
42	52	1284
42	53	108
42	54	148
42	55	17
42	56	353
42	57	160
42	58	471
42	59	66
42	60	755
42	62	140
42	63	427
42	64	328
42	65	81
42	66	125
42	67	479
42	68	597
42	69	170
42	70	91
42	71	454
42	72	558
42	73	1212
42	74	24
42	75	234
42	76	246
42	77	651
42	78	456
42	79	395
42	80	1123
42	81	172
42	83	328
42	84	395
42	85	79
42	86	19
42	87	93
42	88	101
42	89	298
42	90	49
42	91	185
42	92	7
42	93	780
42	94	921
42	95	1034
42	96	83
42	97	79
42	98	175
42	99	1155
42	100	266
42	101	98
42	102	9
42	103	19
42	104	548
43	0	53
43	1	1
43	2	7
43	3	1913
43	4	288
43	5	88
43	6	25
43	7	213
43	8	102
43	9	19
43	11	23
43	13	57
43	14	142
43	15	270
43	16	33
43	18	7
43	19	9
43	20	5
43	21	65
43	22	11
43	24	45
43	25	630
43	26	185
43	27	69
43	28	1228
43	29	240
43	30	312
43	31	49
43	33	5
43	34	240
43	35	331
43	37	13
43	40	209
43	42	185
43	43	1307
43	44	17
43	45	84
43	46	75
43	47	102
43	48	59
43	49	23
43	50	79
43	51	31
43	52	3140
43	53	124
43	54	55
43	55	3
43	56	177
43	57	33
43	58	487
43	59	163
43	60	148
43	62	19
43	63	529
43	64	114
43	65	19
43	66	140
43	67	124
43	68	195
43	69	317
43	70	1
43	71	116
43	72	308
43	73	82
43	74	11
43	75	183
43	76	363
43	77	73
43	78	69
43	79	37
43	80	278
43	81	45
43	83	231
43	84	152
43	85	94
43	86	1
43	87	37
43	88	29
43	89	39
43	90	15
43	91	82
43	92	9
43	93	262
43	94	80
43	95	92
43	96	59
43	97	82
43	98	25
43	99	77
43	100	82
43	101	130
43	102	5
43	103	13
43	104	167
44	0	71
44	1	2
44	2	9
44	3	577
44	4	98
44	5	117
44	6	21
44	7	105
44	8	225
44	9	2
44	11	69
44	13	28
44	14	150
44	15	179
44	16	95
44	18	16
44	19	23
44	20	59
44	21	143
44	23	2
44	24	79
44	25	79
44	26	98
44	27	160
44	28	1348
44	29	179
44	30	74
44	31	26
44	34	1051
44	35	352
44	37	43
44	40	160
44	42	402
44	43	225
44	44	251
44	45	138
44	46	62
44	47	150
44	48	93
44	49	57
44	50	76
44	51	47
44	52	847
44	53	40
44	54	81
44	55	7
44	56	167
44	57	57
44	58	155
44	59	21
44	60	438
44	62	26
44	63	483
44	64	210
44	65	114
44	66	43
44	67	186
44	68	610
44	69	162
44	70	14
44	71	189
44	72	261
44	73	146
44	74	4
44	75	241
44	76	172
44	77	138
44	78	148
44	79	184
44	80	675
44	81	64
44	83	181
44	84	375
44	85	88
44	86	2
44	87	31
44	88	19
44	89	105
44	90	50
44	91	100
44	92	2
44	93	335
44	94	263
44	95	234
44	96	62
44	97	107
44	98	313
44	99	215
44	100	210
44	101	57
44	102	2
44	103	4
44	104	299
45	0	186
45	1	2
45	2	37
45	3	1062
45	4	103
45	5	484
45	6	26
45	7	501
45	8	358
45	9	58
45	10	4
45	11	468
45	13	35
45	14	321
45	15	221
45	16	78
45	17	2
45	18	60
45	19	14
45	20	142
45	21	223
45	22	16
45	24	192
45	25	89
45	26	401
45	27	348
45	28	5781
45	29	696
45	30	130
45	31	134
45	33	8
45	34	424
45	35	573
45	37	122
45	38	2
45	39	4
45	40	126
45	42	1060
45	43	225
45	44	47
45	45	2206
45	46	33
45	47	167
45	48	124
45	49	107
45	50	221
45	51	72
45	52	1002
45	53	51
45	54	192
45	55	35
45	56	412
45	57	145
45	58	424
45	59	18
45	60	1033
45	62	24
45	63	304
45	64	430
45	65	33
45	66	49
45	67	113
45	68	553
45	69	132
45	70	14
45	71	928
45	72	453
45	73	509
45	74	6
45	75	209
45	76	120
45	77	283
45	78	432
45	79	256
45	80	1462
45	81	99
45	83	248
45	84	134
45	85	35
45	86	10
45	87	47
45	88	68
45	89	227
45	90	99
45	91	188
45	92	10
45	93	1087
45	94	403
45	95	254
45	96	68
45	97	37
45	98	184
45	99	348
45	100	89
45	101	91
45	102	2
45	103	10
45	104	484
46	0	231
46	1	18
46	2	45
46	3	6943
46	4	315
46	5	420
46	6	298
46	7	1429
46	8	683
46	9	28
46	10	3
46	11	146
46	13	129
46	14	435
46	15	2102
46	16	116
46	18	22
46	19	20
46	20	107
46	21	511
46	22	103
46	24	182
46	25	471
46	26	1454
46	27	469
46	28	3109
46	29	813
46	30	877
46	31	251
46	33	35
46	34	821
46	35	1014
46	36	1
46	37	127
46	40	308
46	42	657
46	43	1170
46	44	86
46	45	291
46	46	2079
46	47	689
46	48	599
46	49	110
46	50	330
46	51	50
46	52	6684
46	53	576
46	54	285
46	55	11
46	56	689
46	57	169
46	58	1309
46	59	176
46	60	1067
46	62	26
46	63	1093
46	64	982
46	65	88
46	66	231
46	67	308
46	68	753
46	69	631
46	70	13
46	71	490
46	72	2564
46	73	321
46	74	33
46	75	402
46	76	573
46	77	231
46	78	381
46	79	193
46	80	1063
46	81	272
46	83	1967
46	84	542
46	85	234
46	86	7
46	87	604
46	88	129
46	89	332
46	90	43
46	91	1249
46	92	39
46	93	922
46	94	400
46	95	321
46	96	351
46	97	137
46	98	201
46	99	402
46	100	148
46	101	1841
46	102	30
46	103	46
46	104	734
47	0	102
47	2	12
47	3	2462
47	4	181
47	5	281
47	6	70
47	7	651
47	8	329
47	9	34
47	11	70
47	13	28
47	14	386
47	15	770
47	16	68
47	18	20
47	19	8
47	20	62
47	21	267
47	22	44
47	24	76
47	25	126
47	26	758
47	27	156
47	28	2434
47	29	792
47	30	219
47	31	269
47	33	4
47	34	627
47	35	1144
47	37	60
47	40	114
47	42	348
47	43	581
47	44	66
47	45	241
47	46	213
47	47	1172
47	48	673
47	49	36
47	50	305
47	51	26
47	52	2289
47	53	126
47	54	249
47	55	12
47	56	696
47	57	76
47	58	822
47	59	90
47	60	659
47	62	24
47	63	494
47	64	531
47	65	34
47	66	70
47	67	100
47	68	404
47	69	325
47	71	482
47	72	778
47	73	156
47	74	4
47	75	408
47	76	223
47	77	114
47	78	207
47	79	183
47	80	869
47	81	158
47	83	945
47	84	225
47	85	142
47	87	124
47	88	36
47	89	130
47	90	70
47	91	382
47	92	6
47	93	810
47	94	289
47	95	203
47	96	378
47	97	76
47	98	158
47	99	193
47	100	98
47	101	348
47	102	4
47	103	16
47	104	589
48	0	71
48	1	6
48	2	8
48	3	1024
48	4	75
48	5	187
48	6	29
48	7	431
48	8	197
48	9	27
48	11	42
48	13	27
48	14	235
48	15	336
48	16	31
48	18	18
48	19	2
48	20	25
48	21	162
48	22	37
48	24	52
48	25	92
48	26	252
48	27	107
48	28	1618
48	29	593
48	30	105
48	31	168
48	34	258
48	35	654
48	36	2
48	37	39
48	40	37
48	42	187
48	43	256
48	44	63
48	45	172
48	46	86
48	47	309
48	48	532
48	49	31
48	50	263
48	51	23
48	52	1237
48	53	65
48	54	134
48	55	6
48	56	492
48	57	39
48	58	450
48	59	31
48	60	406
48	62	14
48	63	233
48	64	197
48	65	25
48	66	31
48	67	65
48	68	298
48	69	128
48	70	2
48	71	319
48	72	401
48	73	115
48	74	2
48	75	157
48	76	90
48	77	46
48	78	94
48	79	63
48	80	578
48	81	61
48	83	385
48	84	105
48	85	63
48	86	4
48	87	63
48	88	27
48	89	50
48	90	46
48	91	176
48	92	2
48	93	513
48	94	164
48	95	67
48	96	119
48	97	44
48	98	98
48	99	88
48	100	71
48	101	90
48	102	2
48	103	8
48	104	380
49	0	431
49	2	339
49	3	737
49	4	52
49	5	360
49	6	21
49	7	339
49	8	651
49	9	40
49	10	2
49	11	282
49	13	35
49	14	248
49	15	284
49	16	64
49	18	336
49	19	30
49	20	225
49	21	263
49	22	28
49	23	11
49	24	988
49	25	71
49	26	237
49	27	621
49	28	2463
49	29	471
49	30	106
49	31	137
49	33	9
49	34	476
49	35	317
49	36	4
49	37	170
49	38	4
49	39	4
49	40	146
49	42	4011
49	43	184
49	44	99
49	45	528
49	46	99
49	47	130
49	48	101
49	49	2117
49	50	182
49	51	135
49	52	910
49	53	64
49	54	194
49	55	18
49	56	293
49	57	320
49	58	206
49	59	28
49	60	1128
49	62	82
49	63	277
49	64	573
49	65	111
49	66	54
49	67	189
49	68	521
49	69	123
49	70	80
49	71	462
49	72	519
49	73	1723
49	75	144
49	76	118
49	77	1875
49	78	614
49	79	381
49	80	960
49	81	279
49	83	210
49	84	227
49	85	47
49	86	4
49	87	94
49	88	142
49	89	571
49	90	54
49	91	149
49	92	14
49	93	647
49	94	635
49	95	504
49	96	71
49	97	45
49	98	144
49	99	889
49	100	213
49	101	82
49	102	4
49	103	16
49	104	251
50	0	154
50	1	2
50	2	27
50	3	1479
50	4	99
50	5	642
50	6	40
50	7	1697
50	8	401
50	9	50
50	10	4
50	11	109
50	13	44
50	14	443
50	15	530
50	16	40
50	18	35
50	19	14
50	20	73
50	21	344
50	22	46
50	23	4
50	24	99
50	25	112
50	26	758
50	27	287
50	28	4049
50	29	1261
50	30	177
50	31	388
50	33	10
50	34	344
50	35	589
50	37	65
50	40	84
50	42	456
50	43	352
50	44	48
50	45	505
50	46	99
50	47	321
50	48	262
50	49	59
50	50	1302
50	51	33
50	52	1428
50	53	114
50	54	513
50	55	29
50	56	714
50	57	103
50	58	583
50	59	46
50	60	968
50	62	29
50	63	270
50	64	522
50	65	31
50	66	80
50	67	126
50	68	492
50	69	202
50	70	19
50	71	889
50	72	883
50	73	240
50	74	4
50	75	255
50	76	114
50	77	158
50	78	245
50	79	175
50	80	1411
50	81	114
50	83	435
50	84	124
50	85	93
50	86	10
50	87	76
50	88	54
50	89	143
50	90	105
50	91	608
50	92	2
50	93	1342
50	94	251
50	95	194
50	96	188
50	97	54
50	98	135
50	99	166
50	100	76
50	101	154
50	102	8
50	103	12
50	104	558
51	0	143
51	2	33
51	3	677
51	4	120
51	5	207
51	6	20
51	7	199
51	8	148
51	9	20
51	10	38
51	11	92
51	13	43
51	14	94
51	15	178
51	16	74
51	18	230
51	19	304
51	20	53
51	21	125
51	22	10
51	23	74
51	24	125
51	25	79
51	26	411
51	27	207
51	28	1838
51	29	199
51	30	104
51	31	63
51	33	15
51	34	327
51	35	204
51	37	58
51	39	17
51	40	207
51	42	2620
51	43	189
51	44	46
51	45	222
51	46	58
51	47	97
51	48	56
51	49	76
51	50	122
51	51	4725
51	52	808
51	53	69
51	54	71
51	55	17
51	56	184
51	57	66
51	58	268
51	59	40
51	60	309
51	62	138
51	63	309
51	64	230
51	65	38
51	66	76
51	67	340
51	68	230
51	69	109
51	70	53
51	71	283
51	72	260
51	73	352
51	74	5
51	75	155
51	76	132
51	77	237
51	78	163
51	79	189
51	80	475
51	81	48
51	83	155
51	84	163
51	85	71
51	86	51
51	87	51
51	88	81
51	89	150
51	90	10
51	91	81
51	93	442
51	94	337
51	95	444
51	96	84
51	97	79
51	98	56
51	99	373
51	100	158
51	101	63
51	102	10
51	103	10
51	104	263
52	0	81
52	1	2
52	2	14
52	3	3874
52	4	278
52	5	152
52	6	37
52	7	488
52	8	176
52	9	39
52	10	6
52	11	48
52	13	134
52	14	222
52	15	446
52	16	50
52	18	20
52	19	4
52	20	23
52	21	173
52	22	6
52	24	52
52	25	408
52	26	305
52	27	125
52	28	1881
52	29	364
52	30	496
52	31	98
52	33	14
52	34	352
52	35	553
52	37	16
52	40	251
52	42	352
52	43	752
52	44	48
52	45	161
52	46	155
52	47	230
52	48	150
52	49	14
52	50	138
52	51	54
52	52	6026
52	53	291
52	54	83
52	55	12
52	56	293
52	57	54
52	58	773
52	59	157
52	60	293
52	62	29
52	63	869
52	64	234
52	65	33
52	66	194
52	67	180
52	68	285
52	69	509
52	70	2
52	71	280
52	72	473
52	73	98
52	74	8
52	75	261
52	76	383
52	77	81
52	78	94
52	79	73
52	80	484
52	81	54
52	83	347
52	84	282
52	85	190
52	87	73
52	88	39
52	89	58
52	90	31
52	91	196
52	92	8
52	93	515
52	94	199
52	95	161
52	96	71
52	97	96
52	98	85
52	99	138
52	100	77
52	101	360
52	102	8
52	103	12
52	104	377
53	0	91
53	1	33
53	2	7
53	3	2399
53	4	241
53	5	188
53	6	67
53	7	356
53	8	247
53	9	27
53	10	3
53	11	29
53	13	178
53	14	132
53	15	638
53	16	35
53	17	1
53	18	17
53	19	13
53	20	11
53	21	174
53	22	27
53	24	63
53	25	1420
53	26	663
53	27	152
53	28	1305
53	29	249
53	30	2009
53	31	77
53	33	19
53	34	410
53	35	378
53	37	23
53	39	5
53	40	229
53	42	303
53	43	766
53	44	29
53	45	93
53	46	223
53	47	206
53	48	97
53	49	33
53	50	81
53	51	49
53	52	4235
53	53	2015
53	54	81
53	55	7
53	56	277
53	57	39
53	58	580
53	59	130
53	60	368
53	62	35
53	63	638
53	64	374
53	65	23
53	66	217
53	67	188
53	68	289
53	69	321
53	70	1
53	71	221
53	72	822
53	73	105
53	74	81
53	75	190
53	76	346
53	77	61
53	78	93
53	79	81
53	80	378
53	81	110
53	83	505
53	84	178
53	85	122
53	86	1
53	87	103
53	88	55
53	89	89
53	90	19
53	91	285
53	92	27
53	93	350
53	94	160
53	95	156
53	96	93
53	97	97
53	98	43
53	99	178
53	100	71
53	101	453
53	102	21
53	103	332
53	104	291
54	0	125
54	1	2
54	2	14
54	3	926
54	4	55
54	5	405
54	6	43
54	7	1017
54	8	327
54	9	26
54	11	125
54	13	20
54	14	280
54	15	337
54	16	22
54	18	18
54	19	4
54	20	61
54	21	308
54	22	43
54	24	74
54	25	32
54	26	539
54	27	275
54	28	2586
54	29	566
54	30	80
54	31	170
54	33	6
54	34	230
54	35	420
54	36	2
54	37	70
54	40	63
54	42	313
54	43	189
54	44	26
54	45	278
54	46	55
54	47	195
54	48	125
54	49	39
54	50	409
54	51	30
54	52	749
54	53	45
54	54	677
54	55	20
54	56	348
54	57	96
54	58	282
54	59	24
54	60	854
54	62	20
54	63	160
54	64	516
54	65	37
54	66	28
54	67	49
54	68	319
54	69	70
54	70	8
54	71	687
54	72	556
54	73	179
54	75	121
54	76	74
54	77	117
54	78	222
54	79	111
54	80	834
54	81	107
54	83	298
54	84	127
54	85	35
54	86	4
54	87	47
54	88	47
54	89	117
54	90	67
54	91	341
54	92	10
54	93	724
54	94	166
54	95	144
54	96	105
54	97	30
54	98	127
54	99	107
54	100	45
54	101	86
54	102	8
54	103	2
54	104	294
56	0	35
56	1	1
56	2	3
56	3	793
56	4	57
56	5	213
56	6	27
56	7	287
56	8	147
56	9	11
56	10	1
56	11	59
56	13	29
56	14	257
56	15	191
56	16	31
56	18	11
56	19	5
56	20	23
56	21	123
56	22	5
56	24	43
56	25	63
56	26	121
56	27	69
56	28	1115
56	29	615
56	30	69
56	31	97
56	33	1
56	34	165
56	35	381
56	37	21
56	40	35
56	42	149
56	43	223
56	44	15
56	45	145
56	46	51
56	47	153
56	48	123
56	49	9
56	50	161
56	51	9
56	52	829
56	53	59
56	54	91
56	55	7
56	56	705
56	57	33
56	58	265
56	59	23
56	60	295
56	62	1
56	63	155
56	64	157
56	65	15
56	66	43
56	67	25
56	68	279
56	69	111
56	70	3
56	71	297
56	72	255
56	73	83
56	74	1
56	75	149
56	76	129
56	77	51
56	78	99
56	79	23
56	80	453
56	81	49
56	83	245
56	84	107
56	85	39
56	86	1
56	87	51
56	88	19
56	89	41
56	90	23
56	91	131
56	92	1
56	93	357
56	94	119
56	95	83
56	96	51
56	97	29
56	98	63
56	99	85
56	100	63
56	101	113
56	103	1
56	104	337
57	0	1800
57	1	2
57	2	132
57	3	985
57	4	93
57	5	452
57	6	40
57	7	467
57	8	2047
57	9	50
57	10	2
57	11	182
57	13	66
57	14	251
57	15	482
57	16	53
57	18	73
57	19	22
57	20	416
57	21	617
57	22	58
57	23	2
57	24	515
57	25	93
57	26	944
57	27	2537
57	28	3015
57	29	485
57	30	167
57	31	109
57	33	17
57	34	576
57	35	431
57	37	782
57	39	2
57	40	132
57	42	1092
57	43	294
57	44	38
57	45	469
57	46	137
57	47	228
57	48	139
57	49	246
57	50	226
57	51	66
57	52	1135
57	53	83
57	54	370
57	55	15
57	56	383
57	57	3505
57	58	302
57	59	27
57	60	2382
57	62	35
57	63	325
57	64	1049
57	65	60
57	66	76
57	67	165
57	68	721
57	69	182
57	70	50
57	71	500
57	72	1282
57	73	708
57	74	12
57	75	139
57	76	152
57	77	698
57	78	1110
57	79	386
57	80	1084
57	81	1097
57	83	370
57	84	226
57	85	58
57	86	5
57	87	76
57	88	985
57	89	1127
57	90	66
57	91	284
57	92	10
57	93	754
57	94	505
57	95	317
57	96	78
57	97	78
57	98	193
57	99	520
57	100	137
57	101	210
57	102	15
57	103	20
57	104	241
58	0	47
58	2	1
58	3	2056
58	4	120
58	5	142
58	6	50
58	7	381
58	8	120
58	9	17
58	11	43
58	13	22
58	14	182
58	15	308
58	16	33
58	18	3
58	19	3
58	20	19
58	21	101
58	22	20
58	24	36
58	25	80
58	26	322
58	27	116
58	28	1556
58	29	352
58	30	130
58	31	106
58	33	3
58	34	254
58	35	604
58	37	34
58	38	1
58	39	1
58	40	74
58	42	195
58	43	379
58	44	27
58	45	92
58	46	101
58	47	217
58	48	242
58	49	29
58	50	81
58	51	27
58	52	1876
58	53	74
58	54	71
58	55	6
58	56	284
58	57	15
58	58	979
58	59	52
58	60	205
58	62	12
58	63	318
58	64	181
58	65	12
58	66	45
58	67	57
58	68	254
58	69	186
58	70	6
58	71	231
58	72	385
58	73	113
58	74	1
58	75	184
58	76	158
58	77	47
58	78	94
58	79	78
58	80	461
58	81	57
58	83	297
58	84	111
58	85	66
58	87	73
58	88	24
58	89	52
58	90	47
58	91	186
58	92	8
58	93	345
58	94	142
58	95	66
58	96	101
58	97	48
58	98	74
58	99	111
58	100	43
58	101	134
58	102	1
58	103	12
58	104	412
59	0	88
59	2	16
59	3	2670
59	4	857
59	5	172
59	6	43
59	7	357
59	8	148
59	9	24
59	10	2
59	11	32
59	13	90
59	14	187
59	15	388
59	16	90
59	18	30
59	19	16
59	20	14
59	21	146
59	22	14
59	23	2
59	24	49
59	25	1166
59	26	265
59	27	133
59	28	1557
59	29	306
59	30	333
59	31	100
59	33	14
59	34	409
59	35	446
59	37	20
59	40	436
59	42	469
59	43	1090
59	44	24
59	45	117
59	46	113
59	47	146
59	48	104
59	49	39
59	50	86
59	51	74
59	52	4060
59	53	211
59	54	82
59	55	12
59	56	275
59	57	41
59	58	687
59	59	604
59	60	283
59	62	18
59	63	931
59	64	215
59	65	32
59	66	168
59	67	300
59	68	287
59	69	491
59	70	10
59	71	191
59	72	390
59	73	137
59	74	14
59	75	220
59	76	769
59	77	104
59	78	102
59	79	92
59	80	386
59	81	45
59	83	388
59	84	230
59	85	201
59	86	8
59	87	41
59	88	55
59	89	71
59	90	22
59	91	150
59	92	8
59	93	343
59	94	187
59	95	172
59	96	69
59	97	146
59	98	82
59	99	119
59	100	74
59	101	240
59	102	4
59	103	10
59	104	351
60	0	80
60	2	18
60	3	264
60	4	42
60	5	165
60	6	5
60	7	122
60	8	416
60	9	5
60	11	61
60	13	21
60	14	72
60	15	114
60	16	10
60	18	2
60	19	2
60	20	45
60	21	109
60	22	26
60	24	66
60	25	13
60	26	197
60	27	320
60	28	967
60	29	173
60	30	56
60	31	40
60	33	5
60	34	248
60	35	232
60	36	2
60	37	26
60	38	2
60	40	18
60	42	205
60	43	93
60	44	13
60	45	229
60	46	37
60	47	114
60	48	61
60	49	29
60	50	69
60	51	8
60	52	398
60	53	37
60	54	146
60	55	2
60	56	96
60	57	74
60	58	72
60	59	18
60	60	1212
60	62	16
60	63	72
60	64	267
60	65	8
60	66	24
60	67	45
60	68	203
60	69	26
60	70	2
60	71	403
60	72	438
60	73	122
60	74	2
60	75	56
60	76	48
60	77	93
60	78	307
60	79	96
60	80	363
60	81	128
60	83	88
60	84	72
60	85	5
60	87	32
60	88	50
60	89	104
60	90	34
60	91	120
60	93	219
60	94	93
60	95	69
60	96	10
60	97	37
60	98	74
60	99	96
60	100	26
60	101	56
60	102	2
60	104	120
61	3	3
61	10	6
61	14	3
61	19	3
61	25	3
61	42	3
61	48	3
61	51	3
61	54	3
61	64	3
61	80	6
61	84	3
61	86	6
61	93	3
62	0	34
62	1	2
62	2	10
62	3	648
62	4	88
62	5	143
62	6	8
62	7	109
62	8	139
62	9	27
62	10	15
62	11	64
62	13	36
62	14	75
62	15	124
62	16	100
62	18	105
62	19	221
62	20	34
62	21	64
62	22	4
62	23	15
62	24	60
62	25	92
62	26	107
62	27	81
62	28	1090
62	29	148
62	30	55
62	31	36
62	33	2
62	34	508
62	35	167
62	37	32
62	39	12
62	40	352
62	42	1277
62	43	126
62	44	40
62	45	118
62	46	30
62	47	70
62	48	47
62	49	75
62	50	62
62	51	229
62	52	764
62	53	38
62	54	51
62	55	4
62	56	109
62	57	36
62	58	210
62	59	36
62	60	291
62	62	390
62	63	416
62	64	133
62	65	47
62	66	62
62	67	644
62	68	285
62	69	124
62	70	19
62	71	156
62	72	163
62	73	302
62	74	6
62	75	210
62	76	216
62	77	176
62	78	165
62	79	109
62	80	328
62	81	53
62	83	113
62	84	418
62	85	68
62	86	21
62	87	36
62	88	21
62	89	55
62	90	10
62	91	49
62	92	4
62	93	294
62	94	407
62	95	274
62	96	17
62	97	79
62	98	96
62	99	253
62	100	156
62	101	53
62	104	257
63	0	82
63	1	2
63	2	16
63	3	1656
63	4	285
63	5	209
63	6	32
63	7	201
63	8	189
63	9	41
63	10	4
63	11	59
63	13	73
63	14	193
63	15	295
63	16	106
63	18	39
63	19	26
63	20	49
63	21	162
63	22	2
63	24	80
63	25	232
63	26	150
63	27	158
63	28	1888
63	29	355
63	30	258
63	31	102
63	34	1175
63	35	443
63	36	4
63	37	26
63	40	546
63	42	764
63	43	468
63	44	65
63	45	219
63	46	98
63	47	174
63	48	123
63	49	36
63	50	127
63	51	39
63	52	2334
63	53	127
63	54	78
63	55	18
63	56	334
63	57	61
63	58	511
63	59	110
63	60	388
63	62	41
63	63	3469
63	64	252
63	65	61
63	66	127
63	67	528
63	68	511
63	69	641
63	70	8
63	71	287
63	72	339
63	73	201
63	74	2
63	75	507
63	76	727
63	77	145
63	78	205
63	79	166
63	80	653
63	81	67
63	83	256
63	84	561
63	85	297
63	86	8
63	87	73
63	88	34
63	89	88
63	90	36
63	91	119
63	92	2
63	93	554
63	94	355
63	95	302
63	96	86
63	97	199
63	98	147
63	99	246
63	100	211
63	101	176
63	102	6
63	103	10
63	104	472
64	0	241
64	1	2
64	2	34
64	3	1248
64	4	127
64	5	312
64	6	83
64	7	1075
64	8	1536
64	9	31
64	11	119
64	13	73
64	14	268
64	15	1053
64	16	61
64	18	24
64	19	9
64	20	119
64	21	955
64	22	285
64	24	161
64	25	97
64	26	2401
64	27	708
64	28	2272
64	29	442
64	30	266
64	31	139
64	33	24
64	34	706
64	35	732
64	36	7
64	37	149
64	39	2
64	40	85
64	42	486
64	43	307
64	44	36
64	45	408
64	46	156
64	47	307
64	48	234
64	49	63
64	50	320
64	51	41
64	52	1490
64	53	151
64	54	623
64	55	14
64	56	376
64	57	219
64	58	430
64	59	53
64	60	1717
64	62	29
64	63	371
64	64	3427
64	65	46
64	66	68
64	67	117
64	68	686
64	69	205
64	70	12
64	71	603
64	72	3164
64	73	312
64	74	12
64	75	185
64	76	166
64	77	244
64	78	517
64	79	290
64	80	1099
64	81	498
64	83	779
64	84	224
64	85	63
64	86	4
64	87	168
64	88	117
64	89	188
64	90	53
64	91	774
64	92	26
64	93	637
64	94	278
64	95	141
64	96	207
64	97	107
64	98	305
64	99	356
64	100	100
64	101	302
64	102	21
64	103	17
64	104	271
65	0	101
65	1	4
65	2	30
65	3	655
65	4	95
65	5	214
65	6	10
65	7	180
65	8	273
65	9	13
65	11	84
65	13	28
65	14	188
65	15	171
65	16	164
65	18	147
65	19	21
65	20	56
65	21	156
65	22	8
65	24	121
65	25	65
65	26	95
65	27	212
65	28	1540
65	29	251
65	30	88
65	31	49
65	33	2
65	34	668
65	35	303
65	37	67
65	39	2
65	40	214
65	42	1861
65	43	182
65	44	88
65	45	251
65	46	47
65	47	125
65	48	54
65	49	82
65	50	106
65	51	114
65	52	776
65	53	43
65	54	112
65	55	8
65	56	212
65	57	43
65	58	188
65	59	47
65	60	559
65	62	62
65	63	325
65	64	216
65	65	557
65	66	39
65	67	331
65	68	674
65	69	186
65	70	21
65	71	253
65	72	227
65	73	407
65	75	182
65	76	197
65	77	225
65	78	177
65	79	342
65	80	791
65	81	71
65	83	180
65	84	375
65	85	67
65	86	8
65	87	47
65	88	47
65	89	121
65	90	41
65	91	60
65	92	4
65	93	403
65	94	1045
65	95	557
65	96	54
65	97	73
65	98	286
65	99	672
65	100	492
65	101	84
65	103	8
65	104	279
66	0	90
66	1	18
66	2	10
66	3	2183
66	4	336
66	5	102
66	6	45
66	7	248
66	8	135
66	9	20
66	11	24
66	13	350
66	14	127
66	15	328
66	16	32
66	18	14
66	19	14
66	20	12
66	21	77
66	22	14
66	24	49
66	25	1543
66	26	246
66	27	104
66	28	1173
66	29	252
66	30	621
66	31	36
66	33	10
66	34	283
66	35	328
66	36	2
66	37	20
66	40	272
66	42	268
66	43	935
66	44	8
66	45	96
66	46	137
66	47	143
66	48	80
66	49	34
66	50	104
66	51	55
66	52	3135
66	53	260
66	54	53
66	55	4
66	56	209
66	57	34
66	58	693
66	59	141
66	60	197
66	62	18
66	63	539
66	64	197
66	65	22
66	66	1286
66	67	201
66	68	207
66	69	320
66	71	131
66	72	344
66	73	84
66	74	20
66	75	231
66	76	363
66	77	49
66	78	80
66	79	55
66	80	307
66	81	51
66	83	344
66	84	194
66	85	108
66	86	14
66	87	69
66	88	30
66	89	61
66	90	18
66	91	96
66	92	2
66	93	303
66	94	106
66	95	116
66	96	80
66	97	129
66	98	43
66	99	102
66	100	51
66	101	172
66	102	8
66	103	67
66	104	246
67	0	153
67	1	2
67	2	31
67	3	2297
67	4	269
67	5	336
67	6	39
67	7	378
67	8	309
67	9	61
67	10	29
67	11	130
67	13	75
67	14	252
67	15	408
67	16	361
67	17	4
67	18	338
67	19	138
67	20	56
67	21	170
67	22	10
67	23	4
67	24	159
67	25	267
67	26	256
67	27	279
67	28	2760
67	29	467
67	30	267
67	31	86
67	33	8
67	34	1178
67	35	589
67	36	2
67	37	82
67	38	2
67	39	10
67	40	1452
67	42	3705
67	43	488
67	44	105
67	45	265
67	46	84
67	47	145
67	48	136
67	49	124
67	50	187
67	51	218
67	52	2619
67	53	122
67	54	130
67	55	8
67	56	309
67	57	94
67	58	625
67	59	143
67	60	620
67	62	237
67	63	1582
67	64	286
67	65	210
67	66	153
67	67	3655
67	68	732
67	69	469
67	70	23
67	71	328
67	72	338
67	73	606
67	74	14
67	75	393
67	76	688
67	77	340
67	78	294
67	79	260
67	80	890
67	81	111
67	83	326
67	84	1294
67	85	159
67	86	25
67	87	52
67	88	63
67	89	187
67	90	61
67	91	94
67	92	6
67	93	820
67	94	864
67	95	757
67	96	103
67	97	294
67	98	170
67	99	696
67	100	444
67	101	153
67	102	10
67	103	8
67	104	515
68	0	75
68	2	13
68	3	808
68	4	93
68	5	236
68	6	27
68	7	120
68	8	275
68	9	9
68	11	102
68	13	36
68	14	268
68	15	193
68	16	56
68	18	11
68	19	13
68	20	70
68	21	129
68	22	6
68	24	61
68	25	59
68	26	127
68	27	166
68	28	1733
68	29	348
68	30	66
68	31	59
68	33	2
68	34	774
68	35	380
68	37	38
68	40	54
68	42	407
68	43	159
68	44	61
68	45	223
68	46	52
68	47	127
68	48	91
68	49	59
68	50	120
68	51	45
68	52	922
68	53	38
68	54	109
68	55	9
68	56	182
68	57	56
68	58	243
68	59	22
68	60	508
68	62	54
68	63	362
68	64	200
68	65	43
68	66	29
68	67	102
68	68	1107
68	69	120
68	70	4
68	71	341
68	72	325
68	73	189
68	74	4
68	75	191
68	76	111
68	77	127
68	78	230
68	79	168
68	80	1107
68	81	72
68	83	191
68	84	198
68	85	70
68	86	4
68	87	34
68	88	27
68	89	63
68	90	66
68	91	93
68	93	738
68	94	284
68	95	157
68	96	63
68	97	56
68	98	337
68	99	211
68	100	109
68	101	61
68	103	11
68	104	439
69	0	78
69	1	4
69	2	6
69	3	2902
69	4	406
69	5	207
69	6	41
69	7	384
69	8	209
69	9	53
69	11	49
69	13	76
69	14	226
69	15	380
69	16	108
69	18	16
69	19	6
69	20	14
69	21	135
69	22	6
69	23	4
69	24	45
69	25	567
69	26	193
69	27	115
69	28	1771
69	29	482
69	30	343
69	31	96
69	34	741
69	35	670
69	37	39
69	40	402
69	42	298
69	43	626
69	44	55
69	45	166
69	46	106
69	47	232
69	48	113
69	49	20
69	50	164
69	51	36
69	52	3701
69	53	168
69	54	84
69	55	14
69	56	322
69	57	43
69	58	750
69	59	191
69	60	359
69	62	30
69	63	2293
69	64	236
69	65	39
69	66	162
69	67	363
69	68	367
69	69	1660
69	71	314
69	72	359
69	73	108
69	74	16
69	75	402
69	76	577
69	77	92
69	78	98
69	79	61
69	80	606
69	81	57
69	83	427
69	84	353
69	85	306
69	86	2
69	87	94
69	88	26
69	89	86
69	90	22
69	91	182
69	92	2
69	93	532
69	94	189
69	95	115
69	96	67
69	97	129
69	98	104
69	99	119
69	100	135
69	101	248
69	102	4
69	103	6
69	104	532
70	2	3
70	3	23
70	4	3
70	5	3
70	7	7
70	8	11
70	13	3
70	14	3
70	15	7
70	18	11
70	20	3
70	21	7
70	25	3
70	26	3
70	27	3
70	28	11
70	29	3
70	30	3
70	34	7
70	35	15
70	37	7
70	40	11
70	42	118
70	43	23
70	44	3
70	47	3
70	48	7
70	49	7
70	51	27
70	52	35
70	53	7
70	55	3
70	56	7
70	57	3
70	58	23
70	60	7
70	63	11
70	67	7
70	68	11
70	69	7
70	70	134
70	71	11
70	72	11
70	73	15
70	75	3
70	76	7
70	77	7
70	78	7
70	79	15
70	80	11
70	81	3
70	83	7
70	84	15
70	87	7
70	88	7
70	89	7
70	93	11
70	94	15
70	98	3
70	99	7
70	101	3
70	104	3
71	0	194
71	2	19
71	3	1057
71	4	101
71	5	923
71	6	21
71	7	677
71	8	424
71	9	80
71	10	3
71	11	114
71	13	21
71	14	392
71	15	299
71	16	28
71	18	17
71	19	12
71	20	119
71	21	253
71	22	35
71	24	121
71	25	51
71	26	452
71	27	368
71	28	4770
71	29	782
71	30	162
71	31	131
71	33	7
71	34	361
71	35	479
71	37	98
71	38	1
71	40	114
71	42	616
71	43	326
71	44	39
71	45	572
71	46	74
71	47	187
71	48	114
71	49	89
71	50	283
71	51	32
71	52	1126
71	53	58
71	54	326
71	55	37
71	56	336
71	57	146
71	58	379
71	59	32
71	60	1160
71	62	19
71	63	231
71	64	522
71	65	57
71	66	53
71	67	94
71	68	495
71	69	149
71	70	5
71	71	1903
71	72	550
71	73	244
71	74	5
71	75	171
71	76	130
71	77	194
71	78	306
71	79	131
71	80	1269
71	81	115
71	83	279
71	84	147
71	85	53
71	87	81
71	88	58
71	89	203
71	90	98
71	91	294
71	92	5
71	93	1151
71	94	258
71	95	176
71	96	98
71	97	57
71	98	167
71	99	213
71	100	80
71	101	106
71	102	10
71	103	5
71	104	379
72	0	215
72	1	2
72	2	29
72	3	1904
72	4	201
72	5	384
72	6	240
72	7	1507
72	8	1134
72	9	26
72	10	2
72	11	144
72	13	154
72	14	326
72	15	2179
72	16	71
72	18	9
72	19	12
72	20	102
72	21	794
72	22	269
72	24	161
72	25	201
72	26	2519
72	27	527
72	28	1980
72	29	465
72	30	458
72	31	242
72	33	36
72	34	811
72	35	936
72	37	107
72	40	105
72	42	470
72	43	531
72	44	73
72	45	308
72	46	252
72	47	558
72	48	340
72	49	80
72	50	365
72	51	41
72	52	2277
72	53	215
72	54	441
72	55	4
72	56	659
72	57	174
72	58	568
72	59	88
72	60	1681
72	62	24
72	63	468
72	64	2188
72	65	71
72	66	117
72	67	174
72	68	774
72	69	245
72	70	12
72	71	549
72	72	4691
72	73	245
72	74	14
72	75	196
72	76	230
72	77	215
72	78	558
72	79	269
72	80	1009
72	81	350
72	83	1255
72	84	254
72	85	115
72	86	2
72	87	431
72	88	80
72	89	213
72	90	46
72	91	1985
72	92	44
72	93	674
72	94	318
72	95	201
72	96	350
72	97	100
72	98	259
72	99	274
72	100	112
72	101	453
72	102	46
72	103	39
72	104	387
73	0	146
73	2	76
73	3	501
73	4	69
73	5	276
73	6	15
73	7	224
73	8	348
73	9	20
73	11	397
73	13	29
73	14	204
73	15	179
73	16	42
73	18	146
73	19	11
73	20	137
73	21	224
73	22	6
73	23	2
73	24	332
73	25	65
73	26	130
73	27	303
73	28	1928
73	29	373
73	30	53
73	31	62
73	34	420
73	35	337
73	37	89
73	39	4
73	40	119
73	42	2158
73	43	132
73	44	42
73	45	550
73	46	51
73	47	125
73	48	62
73	49	285
73	50	150
73	51	132
73	52	658
73	53	17
73	54	164
73	55	8
73	56	173
73	57	96
73	58	173
73	59	17
73	60	865
73	62	53
73	63	213
73	64	294
73	65	85
73	66	53
73	67	148
73	68	535
73	69	96
73	70	58
73	71	413
73	72	298
73	73	1994
73	74	2
73	75	121
73	76	96
73	77	746
73	78	429
73	79	519
73	80	822
73	81	161
73	83	150
73	84	227
73	85	40
73	86	4
73	87	33
73	88	74
73	89	229
73	90	29
73	91	114
73	92	4
73	93	546
73	94	458
73	95	339
73	96	33
73	97	35
73	98	164
73	99	741
73	100	166
73	101	51
73	102	2
73	104	220
74	0	11
74	1	9
74	2	4
74	3	258
74	4	35
74	5	7
74	6	7
74	7	42
74	8	35
74	9	2
74	11	11
74	13	68
74	14	16
74	15	75
74	16	9
74	18	4
74	19	11
74	20	2
74	21	9
74	24	9
74	25	296
74	26	99
74	27	18
74	28	154
74	29	18
74	30	239
74	31	21
74	34	59
74	35	49
74	37	7
74	40	33
74	42	49
74	43	118
74	44	7
74	45	18
74	46	30
74	47	14
74	48	7
74	49	2
74	50	18
74	51	16
74	52	460
74	53	173
74	54	11
74	55	2
74	56	28
74	57	4
74	58	85
74	59	11
74	60	42
74	62	4
74	63	66
74	64	23
74	65	9
74	66	54
74	67	26
74	68	40
74	69	49
74	71	35
74	72	106
74	73	21
74	74	203
74	75	21
74	76	21
74	77	7
74	78	26
74	79	9
74	80	45
74	81	11
74	83	49
74	84	18
74	85	7
74	86	2
74	87	7
74	88	7
74	89	9
74	90	2
74	91	11
74	92	11
74	93	47
74	94	14
74	95	11
74	96	14
74	97	16
74	98	2
74	99	16
74	100	14
74	101	52
74	102	4
74	103	42
74	104	52
75	0	45
75	2	18
75	3	1548
75	4	137
75	5	204
75	6	16
75	7	181
75	8	152
75	9	39
75	10	4
75	11	54
75	13	54
75	14	206
75	15	257
75	16	81
75	18	29
75	19	12
75	20	25
75	21	112
75	22	10
75	24	71
75	25	119
75	26	102
75	27	125
75	28	1622
75	29	583
75	30	137
75	31	114
75	33	2
75	34	1032
75	35	537
75	37	33
75	39	2
75	40	175
75	42	376
75	43	288
75	44	41
75	45	213
75	46	62
75	47	221
75	48	137
75	49	20
75	50	146
75	51	52
75	52	1603
75	53	108
75	54	156
75	55	10
75	56	271
75	57	48
75	58	397
75	59	54
75	60	353
75	62	12
75	63	658
75	64	200
75	65	56
75	66	60
75	67	194
75	68	551
75	69	311
75	70	4
75	71	282
75	72	234
75	73	154
75	74	4
75	75	905
75	76	244
75	77	104
75	78	150
75	79	108
75	80	624
75	81	29
75	83	252
75	84	240
75	85	190
75	86	8
75	87	41
75	88	27
75	89	48
75	90	25
75	91	91
75	92	10
75	93	553
75	94	215
75	95	133
75	96	56
75	97	85
75	98	112
75	99	142
75	100	94
75	101	114
75	102	14
75	103	10
75	104	777
76	0	79
76	1	3
76	2	23
76	3	2094
76	4	718
76	5	164
76	6	17
76	7	277
76	8	147
76	9	36
76	10	1
76	11	62
76	13	87
76	14	168
76	15	287
76	16	67
76	18	89
76	19	11
76	20	25
76	21	108
76	22	7
76	24	58
76	25	1141
76	26	246
76	27	114
76	28	1801
76	29	308
76	30	260
76	31	65
76	33	3
76	34	572
76	35	378
76	36	7
76	37	31
76	39	3
76	40	749
76	42	659
76	43	640
76	44	42
76	45	114
76	46	89
76	47	157
76	48	73
76	49	48
76	50	95
76	51	50
76	52	2771
76	53	153
76	54	79
76	55	13
76	56	277
76	57	27
76	58	545
76	59	176
76	60	252
76	62	27
76	63	1354
76	64	182
76	65	23
76	66	143
76	67	520
76	68	304
76	69	553
76	70	7
76	71	213
76	72	328
76	73	139
76	74	7
76	75	254
76	76	2070
76	77	122
76	78	161
76	79	73
76	80	444
76	81	60
76	83	304
76	84	372
76	85	194
76	86	3
76	87	46
76	88	31
76	89	56
76	90	34
76	91	106
76	92	1
76	93	467
76	94	242
76	95	242
76	96	77
76	97	308
76	98	87
76	99	215
76	100	100
76	101	199
76	102	1
76	103	17
76	104	405
77	0	267
77	2	63
77	3	408
77	4	46
77	5	180
77	6	28
77	7	164
77	8	350
77	9	11
77	11	195
77	13	18
77	14	91
77	15	166
77	16	63
77	18	180
77	19	4
77	20	140
77	21	157
77	22	14
77	24	350
77	25	39
77	26	143
77	27	361
77	28	1167
77	29	202
77	30	63
77	31	44
77	33	7
77	34	258
77	35	185
77	37	117
77	40	63
77	42	1820
77	43	79
77	44	37
77	45	253
77	46	32
77	47	82
77	48	72
77	49	392
77	50	86
77	51	61
77	52	427
77	53	32
77	54	82
77	55	4
77	56	209
77	57	176
77	58	126
77	59	11
77	60	664
77	62	32
77	63	131
77	64	237
77	65	54
77	66	25
77	67	63
77	68	321
77	69	44
77	70	42
77	71	279
77	72	256
77	73	1019
77	74	7
77	75	65
77	76	72
77	77	1148
77	78	347
77	79	251
77	80	486
77	81	187
77	83	84
77	84	101
77	85	37
77	86	7
77	87	37
77	88	65
77	89	305
77	90	28
77	91	63
77	92	7
77	93	418
77	94	373
77	95	298
77	96	46
77	97	32
77	98	126
77	99	460
77	100	82
77	101	37
77	102	2
77	103	14
77	104	93
78	0	660
78	1	2
78	2	69
78	3	971
78	4	64
78	5	369
78	6	31
78	7	343
78	8	1398
78	9	31
78	10	2
78	11	372
78	13	76
78	14	209
78	15	443
78	16	62
78	18	64
78	19	26
78	20	703
78	21	350
78	22	33
78	24	579
78	25	71
78	26	455
78	27	1391
78	28	2813
78	29	474
78	30	155
78	31	119
78	33	16
78	34	775
78	35	570
78	37	450
78	40	95
78	42	1033
78	43	209
78	44	73
78	45	804
78	46	112
78	47	224
78	48	135
78	49	300
78	50	274
78	51	69
78	52	1056
78	53	102
78	54	338
78	55	16
78	56	307
78	57	503
78	58	403
78	59	38
78	60	2464
78	62	38
78	63	252
78	64	835
78	65	93
78	66	69
78	67	114
78	68	818
78	69	183
78	70	23
78	71	622
78	72	997
78	73	780
78	74	21
78	75	183
78	76	95
78	77	615
78	78	2039
78	79	424
78	80	1278
78	81	532
78	83	367
78	84	233
78	85	64
78	86	11
78	87	76
78	88	252
78	89	711
78	90	45
78	91	303
78	92	4
78	93	656
78	94	400
78	95	224
78	96	112
78	97	85
78	98	298
78	99	551
78	100	155
78	101	174
78	102	14
78	103	16
78	104	271
79	0	124
79	2	51
79	3	607
79	4	75
79	5	292
79	6	14
79	7	193
79	8	438
79	9	14
79	10	7
79	11	270
79	13	23
79	14	214
79	15	226
79	16	44
79	18	124
79	19	14
79	20	115
79	21	247
79	22	18
79	23	7
79	24	216
79	25	30
79	26	162
79	27	301
79	28	2237
79	29	381
79	30	87
79	31	94
79	34	586
79	35	407
79	36	4
79	37	80
79	40	91
79	42	1723
79	43	131
79	44	56
79	45	666
79	46	37
79	47	124
79	48	162
79	49	164
79	50	150
79	51	80
79	52	741
79	53	40
79	54	148
79	55	9
79	56	259
79	57	113
79	58	226
79	59	28
79	60	765
79	62	84
79	63	221
79	64	320
79	65	113
79	66	51
79	67	160
79	68	504
79	69	101
79	70	30
79	71	482
79	72	292
79	73	777
79	74	2
79	75	129
79	76	89
79	77	438
79	78	365
79	79	1215
79	80	1151
79	81	120
79	83	178
79	84	221
79	85	54
79	86	18
79	87	51
79	88	42
79	89	197
79	90	54
79	91	127
79	93	642
79	94	690
79	95	513
79	96	47
79	97	63
79	98	259
79	99	878
79	100	256
79	101	96
79	102	4
79	103	2
79	104	329
80	0	171
80	2	17
80	3	1053
80	4	87
80	5	480
80	6	34
80	7	428
80	8	558
80	9	42
80	10	2
80	11	254
80	13	47
80	14	406
80	15	279
80	16	84
80	18	49
80	19	4
80	20	169
80	21	326
80	22	27
80	24	259
80	25	42
80	26	346
80	27	443
80	28	4193
80	29	720
80	30	159
80	31	137
80	33	12
80	34	764
80	35	563
80	37	119
80	39	2
80	40	102
80	42	852
80	43	206
80	44	72
80	45	839
80	46	59
80	47	189
80	48	179
80	49	117
80	50	239
80	51	74
80	52	1230
80	53	47
80	54	174
80	55	14
80	56	346
80	57	181
80	58	445
80	59	27
80	60	884
80	62	24
80	63	318
80	64	408
80	65	84
80	66	67
80	67	142
80	68	914
80	69	132
80	70	14
80	71	784
80	72	490
80	73	465
80	74	9
80	75	174
80	76	154
80	77	269
80	78	386
80	79	553
80	80	2404
80	81	97
80	83	294
80	84	249
80	85	62
80	86	12
80	87	49
80	88	107
80	89	201
80	90	79
80	91	234
80	92	9
80	93	1136
80	94	550
80	95	311
80	96	112
80	97	39
80	98	371
80	99	441
80	100	171
80	101	89
80	102	4
80	103	12
80	104	475
81	0	216
81	2	20
81	3	256
81	4	32
81	5	48
81	6	4
81	7	146
81	8	723
81	9	13
81	11	51
81	13	20
81	14	48
81	15	184
81	16	18
81	18	6
81	19	4
81	20	86
81	21	118
81	22	16
81	24	153
81	25	16
81	26	286
81	27	443
81	28	758
81	29	93
81	30	46
81	31	30
81	33	6
81	34	172
81	35	163
81	37	79
81	40	13
81	42	326
81	43	58
81	44	20
81	45	116
81	46	18
81	47	55
81	48	51
81	49	69
81	50	55
81	51	18
81	52	370
81	53	11
81	54	83
81	56	125
81	57	321
81	58	58
81	59	13
81	60	664
81	62	6
81	63	107
81	64	310
81	65	16
81	66	23
81	67	34
81	68	151
81	69	32
81	70	4
81	71	160
81	72	363
81	73	153
81	74	4
81	75	48
81	76	20
81	77	116
81	78	263
81	79	74
81	80	331
81	81	685
81	83	116
81	84	51
81	85	20
81	86	4
81	87	30
81	88	90
81	89	172
81	90	11
81	91	97
81	92	2
81	93	160
81	94	158
81	95	88
81	96	32
81	97	6
81	98	32
81	99	149
81	100	48
81	101	48
81	102	13
81	103	2
81	104	65
82	0	2
82	3	15
82	8	2
82	10	11
82	14	2
82	16	2
82	19	17
82	25	4
82	26	2
82	27	2
82	28	6
82	29	4
82	31	2
82	34	8
82	35	2
82	40	2
82	43	2
82	44	2
82	47	2
82	51	8
82	52	2
82	56	2
82	60	4
82	63	2
82	66	2
82	67	4
82	68	2
82	73	2
82	76	2
82	77	2
82	80	4
82	81	4
82	83	4
82	84	2
82	85	2
82	86	2
82	87	2
82	89	2
82	90	2
82	93	2
82	94	6
82	95	8
82	100	2
82	104	4
83	0	153
83	1	4
83	2	18
83	3	3207
83	4	163
83	5	360
83	6	123
83	7	847
83	8	555
83	9	23
83	11	88
83	12	2
83	13	71
83	14	365
83	15	1565
83	16	60
83	18	14
83	19	8
83	20	88
83	21	396
83	22	71
83	24	81
83	25	121
83	26	1118
83	27	325
83	28	2139
83	29	610
83	30	360
83	31	222
83	33	31
83	34	534
83	35	814
83	37	71
83	40	102
83	42	304
83	43	637
83	44	52
83	45	270
83	46	398
83	47	637
83	48	497
83	49	54
83	50	323
83	51	20
83	52	3056
83	53	224
83	54	226
83	55	14
83	56	516
83	57	94
83	58	744
83	59	98
83	60	688
83	62	12
83	63	398
83	64	732
83	65	23
83	66	111
83	67	79
83	68	587
83	69	306
83	70	12
83	71	325
83	72	1420
83	73	167
83	74	10
83	75	304
83	76	146
83	77	140
83	78	255
83	79	136
83	80	675
83	81	172
83	83	2320
83	84	207
83	85	157
83	86	6
83	87	344
83	88	60
83	89	132
83	90	44
83	91	786
83	92	14
83	93	692
83	94	253
83	95	174
83	96	386
83	97	62
83	98	140
83	99	218
83	100	96
83	101	495
83	102	6
83	103	14
83	104	488
84	0	177
84	1	2
84	2	32
84	3	2191
84	4	286
84	5	327
84	6	51
84	7	348
84	8	352
84	9	57
84	10	10
84	11	142
84	13	113
84	14	342
84	15	496
84	16	395
84	18	197
84	19	30
84	20	90
84	21	251
84	22	18
84	24	234
84	25	315
84	26	185
84	27	294
84	28	3238
84	29	601
84	30	259
84	31	138
84	33	12
84	34	1669
84	35	766
84	36	4
84	37	100
84	39	12
84	40	1187
84	42	2419
84	43	626
84	44	179
84	45	305
84	46	131
84	47	257
84	48	191
84	49	131
84	50	220
84	51	175
84	52	2897
84	53	121
84	54	133
84	55	8
84	56	453
84	57	111
84	58	669
84	59	146
84	60	583
84	62	107
84	63	2265
84	64	434
84	65	160
84	66	164
84	67	1473
84	68	1003
84	69	605
84	70	32
84	71	401
84	72	488
84	73	564
84	74	8
84	75	554
84	76	772
84	77	313
84	78	274
84	79	302
84	80	1108
84	81	131
84	83	379
84	84	2452
84	85	249
84	86	6
84	87	84
84	88	92
84	89	166
84	90	86
84	91	166
84	92	10
84	93	787
84	94	981
84	95	651
84	96	111
84	97	276
84	98	234
84	99	727
84	100	474
84	101	232
84	102	4
84	103	14
84	104	727
85	0	72
85	1	2
85	2	11
85	3	1718
85	4	150
85	5	182
85	6	27
85	7	273
85	8	82
85	9	27
85	10	2
85	11	22
85	13	43
85	14	195
85	15	239
85	16	41
85	18	20
85	19	13
85	20	22
85	21	113
85	22	4
85	24	47
85	25	246
85	26	120
85	27	97
85	28	1153
85	29	328
85	30	175
85	31	59
85	34	647
85	35	396
85	37	20
85	39	2
85	40	182
85	42	211
85	43	362
85	44	4
85	45	143
85	46	77
85	47	170
85	48	102
85	49	18
85	50	95
85	51	36
85	52	1823
85	53	63
85	54	52
85	55	15
85	56	207
85	57	29
85	58	442
85	59	54
85	60	161
85	62	15
85	63	1255
85	64	139
85	65	22
85	66	100
85	67	166
85	68	350
85	69	419
85	71	234
85	72	321
85	73	70
85	74	9
85	75	332
85	76	262
85	77	56
85	78	72
85	79	79
85	80	348
85	81	18
85	83	232
85	84	227
85	85	658
85	86	4
85	87	45
85	88	13
85	89	63
85	90	15
85	91	91
85	92	2
85	93	344
85	94	118
85	95	102
85	96	52
85	97	93
85	98	82
85	99	61
85	100	56
85	101	120
85	102	2
85	103	4
85	104	360
86	0	2
86	3	272
86	4	23
86	5	90
86	6	2
86	7	20
86	8	32
86	9	23
86	10	249
86	11	20
86	13	11
86	14	29
86	15	26
86	16	49
86	18	90
86	19	396
86	20	8
86	21	29
86	22	2
86	23	11
86	24	5
86	25	67
86	26	17
86	27	20
86	28	416
86	29	46
86	30	58
86	34	299
86	35	88
86	37	2
86	39	5
86	40	108
86	41	5
86	42	528
86	43	67
86	44	11
86	45	26
86	46	20
86	47	61
86	48	35
86	49	2
86	50	20
86	51	410
86	52	402
86	53	23
86	54	29
86	56	61
86	57	2
86	58	85
86	59	29
86	60	173
86	61	8
86	62	99
86	63	143
86	64	76
86	65	26
86	66	32
86	67	193
86	68	120
86	69	52
86	70	11
86	71	82
86	72	26
86	73	79
86	74	2
86	75	73
86	76	96
86	77	14
86	78	32
86	79	49
86	80	149
86	81	14
86	83	17
86	84	114
86	85	17
86	86	1168
86	88	8
86	89	23
86	90	5
86	91	8
86	92	2
86	93	73
86	94	132
86	95	111
86	96	11
86	97	29
86	98	11
86	99	161
86	100	58
86	101	46
86	103	26
86	104	88
87	0	273
87	1	17
87	2	44
87	3	5662
87	4	288
87	5	411
87	6	413
87	7	1448
87	8	1075
87	9	50
87	10	3
87	11	136
87	13	136
87	14	459
87	15	3084
87	16	109
87	18	19
87	19	23
87	20	113
87	21	680
87	22	144
87	24	194
87	25	365
87	26	2263
87	27	528
87	28	3133
87	29	861
87	30	1046
87	31	396
87	33	44
87	34	1105
87	35	1346
87	37	151
87	39	1
87	40	244
87	42	603
87	43	1178
87	44	90
87	45	355
87	46	1067
87	47	1028
87	48	659
87	49	134
87	50	467
87	51	51
87	52	6042
87	53	546
87	54	400
87	55	11
87	56	892
87	57	198
87	58	1267
87	59	188
87	60	1473
87	62	30
87	63	903
87	64	1569
87	65	61
87	66	226
87	67	294
87	68	1034
87	69	575
87	70	15
87	71	596
87	72	3638
87	73	290
87	74	21
87	75	546
87	76	450
87	77	240
87	78	450
87	79	234
87	80	1198
87	81	378
87	83	2907
87	84	417
87	85	273
87	86	7
87	87	1861
87	88	123
87	89	311
87	90	69
87	91	2115
87	92	78
87	93	1055
87	94	463
87	95	373
87	96	526
87	97	115
87	98	330
87	99	436
87	100	175
87	101	1313
87	102	36
87	103	63
87	104	834
88	0	1427
88	2	101
88	3	627
88	4	52
88	5	299
88	6	33
88	7	286
88	8	1153
88	9	54
88	10	2
88	11	85
88	13	54
88	14	205
88	15	341
88	16	39
88	18	52
88	19	10
88	20	294
88	21	361
88	22	49
88	23	2
88	24	325
88	25	65
88	26	635
88	27	1538
88	28	2687
88	29	361
88	30	109
88	31	85
88	33	7
88	34	424
88	35	320
88	37	468
88	40	80
88	42	723
88	43	174
88	44	49
88	45	270
88	46	85
88	47	169
88	48	140
88	49	171
88	50	164
88	51	31
88	52	898
88	53	52
88	54	255
88	55	2
88	56	289
88	57	2429
88	58	223
88	59	28
88	60	1294
88	62	15
88	63	239
88	64	617
88	65	62
88	66	46
88	67	111
88	68	562
88	69	104
88	70	52
88	71	427
88	72	804
88	73	552
88	74	10
88	75	93
88	76	117
88	77	364
88	78	666
88	79	208
88	80	718
88	81	627
88	83	320
88	84	205
88	85	28
88	86	5
88	87	88
88	88	1372
88	89	880
88	90	46
88	91	130
88	92	2
88	93	718
88	94	335
88	95	203
88	96	44
88	97	54
88	98	111
88	99	278
88	100	78
88	101	140
88	102	13
88	103	7
88	104	171
89	0	1173
89	2	191
89	3	825
89	4	77
89	5	383
89	6	37
89	7	308
89	8	793
89	9	34
89	10	5
89	11	173
89	13	39
89	14	242
89	15	314
89	16	45
89	18	87
89	19	13
89	20	819
89	21	343
89	22	42
89	24	681
89	25	39
89	26	503
89	27	1112
89	28	2885
89	29	460
89	30	106
89	31	93
89	33	5
89	34	444
89	35	314
89	37	598
89	40	85
89	42	1298
89	43	207
89	44	26
89	45	457
89	46	90
89	47	151
89	48	154
89	49	319
89	50	220
89	51	61
89	52	857
89	53	79
89	54	282
89	55	23
89	56	276
89	57	880
89	58	255
89	59	23
89	60	1450
89	62	21
89	63	250
89	64	657
89	65	63
89	66	58
89	67	133
89	68	580
89	69	133
89	70	29
89	71	519
89	72	678
89	73	750
89	74	2
89	75	111
89	76	95
89	77	734
89	78	883
89	79	356
89	80	992
89	81	415
89	83	311
89	84	196
89	85	37
89	87	82
89	88	279
89	89	2163
89	90	39
89	91	151
89	92	2
89	93	779
89	94	388
89	95	236
89	96	87
89	97	55
89	98	207
89	99	534
89	100	109
89	101	180
89	102	10
89	103	5
89	104	199
91	0	153
91	2	30
91	3	1372
91	4	153
91	5	427
91	6	175
91	7	1120
91	8	1005
91	9	8
91	11	153
91	13	57
91	14	339
91	15	1455
91	16	21
91	18	10
91	19	8
91	20	139
91	21	750
91	22	202
91	23	5
91	24	175
91	25	134
91	26	1583
91	27	572
91	28	2069
91	29	619
91	30	512
91	31	323
91	33	16
91	34	808
91	35	937
91	37	84
91	40	76
91	42	372
91	43	372
91	44	52
91	45	378
91	46	219
91	47	474
91	48	386
91	49	63
91	50	589
91	51	21
91	52	1663
91	53	167
91	54	657
91	55	13
91	56	435
91	57	117
91	58	446
91	59	68
91	60	1729
91	62	30
91	63	356
91	64	1619
91	65	35
91	66	101
91	67	150
91	68	717
91	69	224
91	70	19
91	71	553
91	72	2737
91	73	227
91	74	19
91	75	241
91	76	169
91	77	197
91	78	482
91	79	257
91	80	967
91	81	263
91	83	972
91	84	243
91	85	68
91	86	8
91	87	252
91	88	65
91	89	150
91	90	32
91	91	1830
91	92	30
91	93	627
91	94	230
91	95	202
91	96	364
91	97	101
91	98	232
91	99	293
91	100	93
91	101	334
91	102	21
91	103	38
91	104	422
92	0	57
92	1	1
92	2	5
92	3	601
92	4	24
92	5	60
92	6	39
92	7	209
92	8	202
92	9	10
92	10	1
92	11	19
92	13	25
92	14	48
92	15	407
92	16	24
92	18	12
92	19	5
92	20	15
92	21	89
92	22	38
92	24	19
92	25	50
92	26	333
92	27	122
92	28	435
92	29	98
92	30	100
92	31	48
92	33	24
92	34	124
92	35	152
92	37	13
92	40	24
92	42	105
92	43	152
92	44	19
92	45	50
92	46	84
92	47	101
92	48	55
92	49	17
92	50	50
92	51	3
92	52	734
92	53	58
92	54	58
92	55	3
92	56	110
92	57	32
92	58	141
92	59	22
92	60	214
92	62	6
92	63	136
92	64	248
92	65	1
92	66	24
92	67	51
92	68	89
92	69	69
92	70	1
92	71	88
92	72	698
92	73	53
92	74	5
92	75	57
92	76	67
92	77	51
92	78	65
92	79	41
92	80	162
92	81	67
92	83	279
92	84	62
92	85	15
92	86	1
92	87	89
92	88	22
92	89	44
92	90	17
92	91	395
92	92	101
92	93	126
92	94	69
92	95	51
92	96	46
92	97	20
92	98	34
92	99	43
92	100	27
92	101	165
92	102	22
92	103	6
92	104	107
93	0	95
93	2	10
93	3	834
93	4	62
93	5	562
93	6	6
93	7	365
93	8	97
93	9	57
93	11	75
93	13	10
93	14	305
93	15	140
93	16	26
93	18	6
93	19	5
93	20	52
93	21	104
93	22	11
93	23	3
93	24	60
93	25	52
93	26	248
93	27	122
93	28	3727
93	29	709
93	30	67
93	31	109
93	33	5
93	34	203
93	35	307
93	37	46
93	38	1
93	40	60
93	42	391
93	43	171
93	44	26
93	45	399
93	46	25
93	47	115
93	48	73
93	49	21
93	50	187
93	51	30
93	52	813
93	53	36
93	54	114
93	55	26
93	56	250
93	57	45
93	58	370
93	59	16
93	60	406
93	62	10
93	63	198
93	64	157
93	65	11
93	66	26
93	67	45
93	68	310
93	69	83
93	70	5
93	71	595
93	72	231
93	73	146
93	74	1
93	75	134
93	76	88
93	77	65
93	78	100
93	79	117
93	80	951
93	81	40
93	83	186
93	84	100
93	85	53
93	86	3
93	87	35
93	88	31
93	89	110
93	90	72
93	91	139
93	92	8
93	93	1609
93	94	187
93	95	132
93	96	55
93	97	16
93	98	125
93	99	102
93	100	46
93	101	41
93	103	1
93	104	374
94	0	140
94	2	45
94	3	858
94	4	97
94	5	314
94	6	11
94	7	215
94	8	459
94	9	33
94	10	11
94	11	185
94	13	52
94	14	231
94	15	255
94	16	131
94	18	176
94	19	38
94	20	77
94	21	219
94	22	9
94	23	2
94	24	237
94	25	88
94	26	158
94	27	323
94	28	2378
94	29	405
94	30	97
94	31	95
94	33	4
94	34	831
94	35	502
94	37	99
94	39	2
94	40	163
94	42	2455
94	43	233
94	44	77
94	45	389
94	46	65
94	47	192
94	48	181
94	49	144
94	50	181
94	51	126
94	52	1062
94	53	52
94	54	192
94	55	13
94	56	339
94	57	108
94	58	378
94	59	52
94	60	781
94	62	74
94	63	439
94	64	274
94	65	312
94	66	52
94	67	376
94	68	908
94	69	201
94	70	52
94	71	480
94	72	364
94	73	734
94	74	6
94	75	269
94	76	167
94	77	425
94	78	357
94	79	579
94	80	1218
94	81	120
94	83	262
94	84	473
94	85	106
94	86	11
94	87	83
94	88	56
94	89	201
94	90	47
94	91	120
94	92	6
94	93	702
94	94	2204
94	95	915
94	96	88
94	97	63
94	98	353
94	99	863
94	100	416
94	101	144
94	102	6
94	103	9
94	104	387
95	0	81
95	1	2
95	2	30
95	3	1004
95	4	145
95	5	283
95	6	10
95	7	228
95	8	257
95	9	51
95	10	4
95	11	159
95	13	36
95	14	212
95	15	243
95	16	161
95	18	255
95	19	40
95	20	77
95	21	169
95	22	4
95	23	6
95	24	189
95	25	100
95	26	153
95	27	245
95	28	2518
95	29	396
95	30	104
95	31	89
95	33	6
95	34	531
95	35	404
95	37	81
95	39	4
95	40	283
95	42	3746
95	43	218
95	44	91
95	45	334
95	46	53
95	47	155
95	48	106
95	49	163
95	50	122
95	51	202
95	52	1105
95	53	59
95	54	110
95	55	18
95	56	330
95	57	87
95	58	371
95	59	53
95	60	586
95	62	194
95	63	445
95	64	275
95	65	167
95	66	61
95	67	449
95	68	586
95	69	198
95	70	44
95	71	381
95	72	318
95	73	763
95	74	2
95	75	234
95	76	230
95	77	379
95	78	281
95	79	416
95	80	996
95	81	145
95	83	261
95	84	443
95	85	81
95	86	16
95	87	67
95	88	53
95	89	140
95	90	34
95	91	98
95	92	6
95	93	553
95	94	1229
95	95	1821
95	96	75
95	97	69
95	98	165
95	99	1074
95	100	418
95	101	104
95	103	8
95	104	347
96	0	89
96	2	8
96	3	1446
96	4	74
96	5	330
96	6	67
96	7	606
96	8	321
96	9	24
96	11	67
96	13	32
96	14	317
96	15	1019
96	16	59
96	18	13
96	19	2
96	20	48
96	21	269
96	22	45
96	24	65
96	25	113
96	26	971
96	27	183
96	28	1807
96	29	704
96	30	203
96	31	236
96	33	6
96	34	334
96	35	663
96	37	32
96	38	2
96	39	2
96	40	61
96	42	247
96	43	363
96	44	72
96	45	210
96	46	137
96	47	531
96	48	542
96	49	32
96	50	260
96	51	10
96	52	1359
96	53	100
96	54	203
96	55	8
96	56	558
96	57	56
96	58	444
96	59	28
96	60	558
96	62	21
96	63	253
96	64	534
96	65	26
96	66	72
96	67	80
96	68	391
96	69	205
96	70	6
96	71	367
96	72	1081
96	73	146
96	74	4
96	75	256
96	76	137
96	77	85
96	78	175
96	79	122
96	80	748
96	81	133
96	83	998
96	84	181
96	85	113
96	87	137
96	88	39
96	89	105
96	90	21
96	91	446
96	92	4
96	93	682
96	94	183
96	95	109
96	96	621
96	97	43
96	98	120
96	99	168
96	100	54
96	101	188
96	102	4
96	103	10
96	104	396
97	0	26
97	1	4
97	2	4
97	3	582
97	4	127
97	5	61
97	6	6
97	7	43
97	8	59
97	9	8
97	11	20
97	13	51
97	14	49
97	15	88
97	16	59
97	18	41
97	19	22
97	20	6
97	21	41
97	22	6
97	23	2
97	24	18
97	25	394
97	26	90
97	27	61
97	28	552
97	29	145
97	30	106
97	31	30
97	34	246
97	35	147
97	36	4
97	37	12
97	39	2
97	40	533
97	42	408
97	43	197
97	44	18
97	45	32
97	46	39
97	47	49
97	48	41
97	49	10
97	50	41
97	51	61
97	52	841
97	53	47
97	54	39
97	55	4
97	56	73
97	57	16
97	58	188
97	59	39
97	60	123
97	62	14
97	63	429
97	64	86
97	65	34
97	66	59
97	67	320
97	68	156
97	69	147
97	70	4
97	71	96
97	72	180
97	73	86
97	74	2
97	75	100
97	76	351
97	77	43
97	78	88
97	79	55
97	80	186
97	81	22
97	83	82
97	84	246
97	85	57
97	86	6
97	87	24
97	88	24
97	89	43
97	90	14
97	91	24
97	92	2
97	93	133
97	94	129
97	95	127
97	96	22
97	97	468
97	98	24
97	99	117
97	100	65
97	101	82
97	102	2
97	103	4
97	104	92
98	0	306
98	1	2
98	2	39
98	3	1796
98	4	259
98	5	568
98	6	66
98	7	309
98	8	1227
98	9	39
98	10	8
98	11	443
98	13	175
98	14	543
98	15	627
98	16	237
98	18	108
98	19	50
98	20	315
98	21	510
98	22	33
98	24	502
98	25	200
98	26	273
98	27	819
98	28	4451
98	29	808
98	30	359
98	31	158
98	33	13
98	34	3229
98	35	1302
98	36	5
98	37	122
98	38	2
98	39	5
98	40	304
98	42	1785
98	43	538
98	44	290
98	45	772
98	46	195
98	47	496
98	48	326
98	49	198
98	50	362
98	51	119
98	52	2741
98	53	156
98	54	412
98	55	13
98	56	594
98	57	192
98	58	482
98	59	103
98	60	2139
98	62	139
98	63	1093
98	64	872
98	65	373
98	66	153
98	67	568
98	68	3271
98	69	412
98	70	44
98	71	741
98	72	1252
98	73	914
98	74	22
98	75	630
98	76	538
98	77	591
98	78	847
98	79	1054
98	80	2869
98	81	326
98	83	817
98	84	928
98	85	228
98	86	22
98	87	175
98	88	100
98	89	273
98	90	103
98	91	468
98	92	2
98	93	1347
98	94	1489
98	95	674
98	96	211
98	97	354
98	98	2128
98	99	1093
98	100	761
98	101	248
98	102	16
98	103	36
98	104	939
99	0	104
99	2	32
99	3	429
99	4	41
99	5	197
99	6	9
99	7	144
99	8	241
99	9	16
99	10	2
99	11	123
99	13	30
99	14	146
99	15	123
99	16	76
99	18	141
99	19	18
99	20	95
99	21	169
99	22	4
99	23	2
99	24	183
99	25	41
99	26	102
99	27	197
99	28	1444
99	29	267
99	30	55
99	31	44
99	32	2
99	33	9
99	34	362
99	35	269
99	37	62
99	40	88
99	42	1985
99	43	109
99	44	30
99	45	269
99	46	32
99	47	95
99	48	95
99	49	97
99	50	97
99	51	90
99	52	480
99	53	23
99	54	83
99	55	2
99	56	171
99	57	81
99	58	88
99	59	6
99	60	524
99	62	27
99	63	216
99	64	227
99	65	81
99	66	34
99	67	139
99	68	348
99	69	78
99	70	27
99	71	269
99	72	202
99	73	661
99	74	4
99	75	85
99	76	72
99	77	290
99	78	253
99	79	462
99	80	643
99	81	88
99	83	146
99	84	232
99	85	39
99	86	4
99	87	30
99	88	48
99	89	185
99	90	18
99	91	74
99	93	376
99	94	566
99	95	436
99	96	48
99	97	39
99	98	130
99	99	1275
99	100	127
99	101	41
99	102	4
99	103	9
99	104	141
100	0	115
100	1	2
100	2	27
100	3	1357
100	4	168
100	5	334
100	6	31
100	7	155
100	8	326
100	9	42
100	10	8
100	11	168
100	13	83
100	14	287
100	15	251
100	16	396
100	17	2
100	18	191
100	19	49
100	20	91
100	21	230
100	22	10
100	24	181
100	25	125
100	26	179
100	27	257
100	28	2542
100	29	445
100	30	153
100	31	85
100	33	8
100	34	1193
100	35	577
100	36	2
100	37	53
100	39	8
100	40	347
100	42	2461
100	43	304
100	44	155
100	45	383
100	46	100
100	47	238
100	48	172
100	49	140
100	50	127
100	51	136
100	52	1587
100	53	51
100	54	181
100	55	14
100	56	372
100	57	55
100	58	394
100	59	87
100	60	673
100	62	130
100	63	803
100	64	394
100	65	291
100	66	68
100	67	671
100	68	895
100	69	326
100	70	44
100	71	370
100	72	383
100	73	579
100	74	2
100	75	372
100	76	336
100	77	334
100	78	255
100	79	424
100	80	1197
100	81	115
100	83	289
100	84	780
100	85	168
100	86	19
100	87	59
100	88	29
100	89	166
100	90	68
100	91	121
100	92	12
100	93	790
100	94	1234
100	95	675
100	96	70
100	97	134
100	98	351
100	99	807
100	100	1161
100	101	172
100	102	10
100	103	10
100	104	396
101	0	171
101	1	17
101	2	20
101	3	4949
101	4	191
101	5	257
101	6	184
101	7	1023
101	8	388
101	9	48
101	10	3
101	11	69
101	13	93
101	14	243
101	15	1227
101	16	77
101	18	13
101	19	24
101	20	51
101	21	248
101	22	58
101	24	98
101	25	380
101	26	962
101	27	307
101	28	2347
101	29	435
101	30	739
101	31	159
101	33	53
101	34	451
101	35	643
101	36	1
101	37	79
101	40	216
101	42	399
101	43	791
101	44	58
101	45	183
101	46	752
101	47	402
101	48	299
101	49	41
101	50	221
101	51	29
101	52	4733
101	53	523
101	54	160
101	55	6
101	56	468
101	57	100
101	58	1066
101	59	122
101	60	580
101	62	17
101	63	757
101	64	596
101	65	29
101	66	190
101	67	209
101	68	292
101	69	432
101	70	13
101	71	331
101	72	1632
101	73	186
101	74	17
101	75	290
101	76	345
101	77	143
101	78	202
101	79	102
101	80	586
101	81	103
101	83	1270
101	84	290
101	85	165
101	86	5
101	87	286
101	88	76
101	89	152
101	90	48
101	91	615
101	92	41
101	93	580
101	94	248
101	95	217
101	96	195
101	97	103
101	98	134
101	99	200
101	100	100
101	101	2308
101	102	41
101	103	48
101	104	418
102	0	68
102	1	9
102	2	9
102	3	205
102	4	9
102	5	38
102	6	25
102	7	102
102	8	193
102	9	9
102	11	9
102	13	13
102	14	31
102	15	145
102	16	9
102	18	13
102	19	4
102	20	4
102	21	68
102	22	11
102	24	18
102	25	41
102	26	232
102	27	100
102	28	316
102	29	27
102	30	45
102	31	18
102	33	129
102	34	72
102	35	50
102	37	27
102	40	27
102	42	77
102	43	54
102	44	2
102	45	25
102	46	34
102	47	22
102	48	4
102	49	15
102	50	41
102	51	9
102	52	273
102	53	43
102	54	29
102	56	41
102	57	47
102	58	50
102	59	4
102	60	218
102	62	2
102	63	111
102	64	127
102	65	4
102	66	13
102	67	31
102	68	63
102	69	34
102	70	2
102	71	54
102	72	522
102	73	27
102	74	2
102	75	31
102	76	34
102	77	36
102	78	47
102	79	18
102	80	86
102	81	93
102	83	66
102	84	31
102	85	18
102	87	41
102	88	13
102	89	34
102	90	11
102	91	93
102	93	52
102	94	31
102	95	20
102	96	15
102	97	6
102	98	13
102	99	47
102	100	11
102	101	84
102	102	433
102	103	18
102	104	31
103	0	53
103	1	251
103	2	6
103	3	833
103	4	44
103	5	36
103	6	29
103	7	134
103	8	134
103	9	10
103	10	2
103	11	8
103	13	174
103	14	66
103	15	202
103	16	8
103	18	12
103	19	27
103	20	14
103	21	76
103	22	10
103	24	51
103	25	697
103	26	198
103	27	91
103	28	403
103	29	81
103	30	535
103	31	17
103	33	6
103	34	185
103	35	117
103	36	4
103	37	12
103	40	74
103	42	106
103	43	200
103	44	4
103	45	34
103	46	93
103	47	83
103	48	25
103	49	25
103	50	25
103	51	40
103	52	1307
103	53	477
103	54	49
103	56	104
103	57	38
103	58	196
103	59	49
103	60	130
103	62	17
103	63	279
103	64	115
103	65	2
103	66	136
103	67	76
103	68	164
103	69	106
103	70	2
103	71	46
103	72	345
103	73	40
103	74	74
103	75	70
103	76	110
103	77	23
103	78	63
103	79	27
103	80	110
103	81	49
103	83	187
103	84	76
103	85	27
103	87	46
103	88	29
103	89	59
103	90	14
103	91	87
103	92	2
103	93	115
103	94	95
103	95	51
103	96	38
103	97	53
103	98	17
103	99	61
103	100	34
103	101	157
103	102	10
103	103	1305
103	104	93
104	0	141
104	2	19
104	3	2606
104	4	143
104	5	449
104	6	28
104	7	751
104	8	213
104	9	66
104	11	134
104	13	52
104	14	756
104	15	346
104	16	94
104	18	48
104	19	19
104	20	35
104	21	169
104	22	13
104	23	2
104	24	79
104	25	200
104	26	207
104	27	187
104	28	4253
104	29	888
104	30	158
104	31	174
104	33	8
104	34	562
104	35	1093
104	37	66
104	39	4
104	40	218
104	42	663
104	43	377
104	44	61
104	45	357
104	46	94
104	47	260
104	48	167
104	49	41
104	50	266
104	51	66
104	52	2332
104	53	55
104	54	125
104	55	15
104	56	599
104	57	83
104	58	879
104	59	59
104	60	467
104	62	24
104	63	601
104	64	282
104	65	63
104	66	81
104	67	141
104	68	743
104	69	255
104	70	15
104	71	637
104	72	403
104	73	288
104	74	11
104	75	355
104	76	264
104	77	160
104	78	178
104	79	121
104	80	1186
104	81	108
104	83	405
104	84	233
104	85	103
104	86	2
104	87	68
104	88	50
104	89	176
104	90	55
104	91	251
104	92	4
104	93	1210
104	94	295
104	95	257
104	96	116
104	97	72
104	98	149
104	99	216
104	100	103
104	101	152
104	102	2
104	103	2
104	104	2915
