0  1
0.0078125  1.00997
0.015625  1.01813
0.0234375  1.02439
0.03125  1.02869
0.0390625  1.03097
0.046875  1.03118
0.0546875  1.02929
0.0625  1.02529
0.0703125  1.01918
0.078125  1.01096
0.0859375  1.00068
0.09375  0.988389
0.101562  0.974166
0.109375  0.95811
0.117188  0.94034
0.125  0.920997
0.132812  0.90024
0.140625  0.878245
0.148438  0.855199
0.15625  0.831296
0.164062  0.806734
0.171875  0.78171
0.179688  0.756412
0.1875  0.731019
0.195312  0.705697
0.203125  0.680594
0.210938  0.65584
0.21875  0.631548
0.226562  0.607812
0.234375  0.584705
0.242188  0.562287
0.25  0.540602
0.257812  0.519678
0.265625  0.499535
0.273438  0.480178
0.28125  0.461608
0.289062  0.443817
0.296875  0.42679
0.304688  0.410511
0.3125  0.394958
0.320312  0.380107
0.328125  0.365933
0.335938  0.35241
0.34375  0.339509
0.351562  0.327205
0.359375  0.31547
0.367188  0.304277
0.375  0.2936
0.382812  0.283414
0.390625  0.273694
0.398438  0.264417
0.40625  0.25556
0.414062  0.247103
0.421875  0.239023
0.429688  0.231302
0.4375  0.223922
0.445312  0.216863
0.453125  0.210111
0.460938  0.203649
0.46875  0.197461
0.476562  0.191535
0.484375  0.185856
0.492188  0.180412
0.5  0.175192
0.507812  0.170183
0.515625  0.165376
0.523438  0.16076
0.53125  0.156326
0.539062  0.152065
0.546875  0.147969
0.554688  0.144029
0.5625  0.140239
0.570312  0.13659
0.578125  0.133077
0.585938  0.129693
0.59375  0.126432
0.601562  0.123288
0.609375  0.120256
0.617188  0.117332
0.625  0.114509
0.632812  0.111785
0.640625  0.109153
0.648438  0.106611
0.65625  0.104154
0.664062  0.101779
0.671875  0.0994827
0.679688  0.0972609
0.6875  0.0951109
0.695312  0.0930297
0.703125  0.0910146
0.710938  0.0890628
0.71875  0.0871717
0.726562  0.0853389
0.734375  0.0835622
0.742188  0.0818392
0.75  0.080168
0.757812  0.0785464
0.765625  0.0769726
0.773438  0.0754447
0.78125  0.0739611
0.789062  0.0725201
0.796875  0.07112
0.804688  0.0697594
0.8125  0.0684369
0.820312  0.067151
0.828125  0.0659004
0.835938  0.0646839
0.84375  0.0635003
0.851562  0.0623483
0.859375  0.061227
0.867188  0.0601352
0.875  0.059072
0.882812  0.0580363
0.890625  0.0570273
0.898438  0.056044
0.90625  0.0550856
0.914062  0.0541512
0.921875  0.0532401
0.929688  0.0523516
0.9375  0.0514848
0.945312  0.0506391
0.953125  0.0498139
0.960938  0.0490084
0.96875  0.0482221
0.976562  0.0474544
0.984375  0.0467046
0.992188  0.0459723
1  0.0452569
