0  1
0.0078125  1.01059
0.015625  1.02129
0.0234375  1.03211
0.03125  1.04305
0.0390625  1.0541
0.046875  1.06527
0.0546875  1.07655
0.0625  1.08794
0.0703125  1.09945
0.078125  1.11107
0.0859375  1.1228
0.09375  1.13464
0.101562  1.14659
0.109375  1.15864
0.117188  1.17081
0.125  1.18307
0.132812  1.19543
0.140625  1.2079
0.148438  1.22046
0.15625  1.23311
0.164062  1.24586
0.171875  1.25869
0.179688  1.2716
0.1875  1.2846
0.195312  1.29767
0.203125  1.31081
0.210938  1.32403
0.21875  1.3373
0.226562  1.35063
0.234375  1.36401
0.242188  1.37744
0.25  1.39091
0.257812  1.40442
0.265625  1.41795
0.273438  1.4315
0.28125  1.44506
0.289062  1.45863
0.296875  1.4722
0.304688  1.48575
0.3125  1.49929
0.320312  1.51279
0.328125  1.52626
0.335938  1.53968
0.34375  1.55305
0.351562  1.56635
0.359375  1.57956
0.367188  1.5927
0.375  1.60573
0.382812  1.61866
0.390625  1.63146
0.398438  1.64414
0.40625  1.65667
0.414062  1.66905
0.421875  1.68126
0.429688  1.6933
0.4375  1.70515
0.445312  1.71681
0.453125  1.72826
0.460938  1.73949
0.46875  1.75049
0.476562  1.76125
0.484375  1.77176
0.492188  1.78202
0.5  1.79201
0.507812  1.80172
0.515625  1.81115
0.523438  1.82029
0.53125  1.82912
0.539062  1.83766
0.546875  1.84588
0.554688  1.85378
0.5625  1.86136
0.570312  1.86861
0.578125  1.87554
0.585938  1.88212
0.59375  1.88837
0.601562  1.89428
0.609375  1.89984
0.617188  1.90506
0.625  1.90994
0.632812  1.91446
0.640625  1.91865
0.648438  1.92249
0.65625  1.92598
0.664062  1.92914
0.671875  1.93195
0.679688  1.93442
0.6875  1.93656
0.695312  1.93836
0.703125  1.93983
0.710938  1.94098
0.71875  1.9418
0.726562  1.9423
0.734375  1.94249
0.742188  1.94236
0.75  1.94193
0.757812  1.94119
0.765625  1.94016
0.773438  1.93883
0.78125  1.93721
0.789062  1.93531
0.796875  1.93313
0.804688  1.93068
0.8125  1.92796
0.820312  1.92497
0.828125  1.92173
0.835938  1.91824
0.84375  1.91449
0.851562  1.91051
0.859375  1.90629
0.867188  1.90183
0.875  1.89715
0.882812  1.89225
0.890625  1.88713
0.898438  1.88181
0.90625  1.87627
0.914062  1.87054
0.921875  1.86461
0.929688  1.85849
0.9375  1.85218
0.945312  1.84569
0.953125  1.83903
0.960938  1.83219
0.96875  1.82519
0.976562  1.81803
0.984375  1.81071
0.992188  1.80323
1  1.79561
