0 4.14952e-23
0.0117188 5.70414e-23
0.0234375 1.21361e-22
0.0351562 2.04225e-21
0.046875 4.24495e-19
0.0585938 1.45953e-16
0.0703125 8.39524e-15
0.0820312 4.49436e-13
0.09375 2.13598e-11
0.105469 9.43652e-10
0.117188 3.87259e-08
0.128906 1.44695e-06
0.140625 3.78341e-05
0.152344 0.000203425
0.164062 0.000327209
0.175781 0.000468457
0.1875 0.000699028
0.199219 0.000941708
0.210938 0.00122774
0.222656 0.0014875
0.234375 0.0017719
0.246094 0.00216916
0.257812 0.00264948
0.269531 0.00313568
0.28125 0.00359611
0.292969 0.00404003
0.304688 0.00449154
0.316406 0.00496445
0.328125 0.00546867
0.339844 0.00600397
0.351562 0.0065675
0.363281 0.00716456
0.375 0.00779814
0.386719 0.00845908
0.398438 0.00913297
0.410156 0.00981227
0.421875 0.0104991
0.433594 0.0112009
0.445312 0.0119268
0.457031 0.0126851
0.46875 0.0134835
0.480469 0.0143276
0.492188 0.0152216
0.503906 0.0161678
0.515625 0.0171684
0.527344 0.0182254
0.539062 0.0193422
0.550781 0.020523
0.5625 0.021773
0.574219 0.023098
0.585938 0.0245035
0.597656 0.0259942
0.609375 0.027574
0.621094 0.029245
0.632812 0.0310076
0.644531 0.032861
0.65625 0.0348028
0.667969 0.0368297
0.679688 0.0389376
0.691406 0.0411223
0.703125 0.0433792
0.714844 0.0457037
0.726562 0.0480916
0.738281 0.0505384
0.75 0.0530399
0.761719 0.055592
0.773438 0.0581908
0.785156 0.0608322
0.796875 0.0635126
0.808594 0.0662283
0.820312 0.0689758
0.832031 0.0717517
0.84375 0.0745529
0.855469 0.0773765
0.867188 0.0802195
0.878906 0.0830795
0.890625 0.0859539
0.902344 0.0888405
0.914062 0.0917372
0.925781 0.0946422
0.9375 0.0975536
0.949219 0.10047
0.960938 0.103389
0.972656 0.106311
0.984375 0.109233
0.996094 0.112155
1.00781 0.115076
1.01953 0.117994
1.03125 0.120909
1.04297 0.12382
1.05469 0.126726
1.06641 0.129626
1.07812 0.132521
1.08984 0.13541
1.10156 0.138291
1.11328 0.141165
1.125 0.144031
1.13672 0.146889
1.14844 0.149739
1.16016 0.152579
1.17188 0.155411
1.18359 0.158233
1.19531 0.161046
1.20703 0.163849
1.21875 0.166642
1.23047 0.169426
1.24219 0.172199
1.25391 0.174962
1.26562 0.177714
1.27734 0.180456
1.28906 0.183187
1.30078 0.185908
1.3125 0.188618
1.32422 0.191317
1.33594 0.194006
1.34766 0.196683
1.35938 0.19935
1.37109 0.202006
1.38281 0.204651
1.39453 0.207285
1.40625 0.209908
1.41797 0.21252
1.42969 0.215122
1.44141 0.217712
1.45312 0.220292
1.46484 0.22286
1.47656 0.225418
1.48828 0.227965
1.5 0.230501
1.51172 0.233026
1.52344 0.23554
1.53516 0.238044
1.54688 0.240537
1.55859 0.243019
1.57031 0.245491
1.58203 0.247951
1.59375 0.250402
1.60547 0.252841
1.61719 0.25527
1.62891 0.257689
1.64062 0.260097
1.65234 0.262494
1.66406 0.264881
1.67578 0.267258
1.6875 0.269624
1.69922 0.27198
1.71094 0.274326
1.72266 0.276661
1.73438 0.278986
1.74609 0.281301
1.75781 0.283606
1.76953 0.285901
1.78125 0.288185
1.79297 0.29046
1.80469 0.292724
1.81641 0.294979
1.82812 0.297223
1.83984 0.299458
1.85156 0.301683
1.86328 0.303897
1.875 0.306102
1.88672 0.308298
1.89844 0.310483
1.91016 0.312658
1.92188 0.314824
1.93359 0.31698
1.94531 0.319127
1.95703 0.321264
1.96875 0.323391
1.98047 0.325508
1.99219 0.327616
2.00391 0.329714
2.01562 0.331803
2.02734 0.333883
2.03906 0.335952
2.05078 0.338013
2.0625 0.340064
2.07422 0.342105
2.08594 0.344137
2.09766 0.34616
2.10938 0.348173
2.12109 0.350177
2.13281 0.352172
2.14453 0.354157
2.15625 0.356133
2.16797 0.358099
2.17969 0.360057
2.19141 0.362005
2.20312 0.363944
2.21484 0.365874
2.22656 0.367794
2.23828 0.369706
2.25 0.371608
2.26172 0.373501
2.27344 0.375385
2.28516 0.37726
2.29688 0.379126
2.30859 0.380982
2.32031 0.38283
2.33203 0.384669
2.34375 0.386498
2.35547 0.388319
2.36719 0.390131
2.37891 0.391933
2.39062 0.393727
2.40234 0.395512
2.41406 0.397288
2.42578 0.399055
2.4375 0.400813
2.44922 0.402563
2.46094 0.404303
2.47266 0.406035
2.48438 0.407758
2.49609 0.409472
2.50781 0.411178
2.51953 0.412875
2.53125 0.414563
2.54297 0.416243
2.55469 0.417914
2.56641 0.419576
2.57812 0.42123
2.58984 0.422875
2.60156 0.424511
2.61328 0.42614
2.625 0.427759
2.63672 0.429371
2.64844 0.430974
2.66016 0.432568
2.67188 0.434154
2.68359 0.435732
2.69531 0.437302
2.70703 0.438863
2.71875 0.440416
2.73047 0.441961
2.74219 0.443498
2.75391 0.445026
2.76562 0.446547
2.77734 0.448059
2.78906 0.449564
2.80078 0.45106
2.8125 0.452549
2.82422 0.454029
2.83594 0.455502
2.84766 0.456967
2.85938 0.458424
2.87109 0.459873
2.88281 0.461314
2.89453 0.462748
2.90625 0.464174
2.91797 0.465593
2.92969 0.467004
2.94141 0.468407
2.95312 0.469803
2.96484 0.471191
2.97656 0.472572
2.98828 0.473945
3 0.475311
