0 4.14952e-23
0.0117188 5.57907e-22
0.0234375 1.31241e-15
0.0351562 6.77418e-11
0.046875 1.91393e-06
0.0585938 0.000308471
0.0703125 0.000812288
0.0820312 0.00148555
0.09375 0.00248244
0.105469 0.00359557
0.117188 0.00459532
0.128906 0.00573477
0.140625 0.00703326
0.152344 0.00836605
0.164062 0.00949251
0.175781 0.0105732
0.1875 0.0117818
0.199219 0.0132293
0.210938 0.0147587
0.222656 0.0163034
0.234375 0.018004
0.246094 0.0200582
0.257812 0.0226002
0.269531 0.0255332
0.28125 0.0286205
0.292969 0.0317397
0.304688 0.0349045
0.316406 0.0381718
0.328125 0.0415923
0.339844 0.0451902
0.351562 0.0489554
0.363281 0.0528496
0.375 0.0568238
0.386719 0.0608354
0.398438 0.0648553
0.410156 0.0688675
0.421875 0.0728644
0.433594 0.0768432
0.445312 0.0808033
0.457031 0.0847446
0.46875 0.0886668
0.480469 0.0925693
0.492188 0.0964508
0.503906 0.10031
0.515625 0.104144
0.527344 0.107952
0.539062 0.111732
0.550781 0.115482
0.5625 0.1192
0.574219 0.122885
0.585938 0.126537
0.597656 0.130155
0.609375 0.133737
0.621094 0.137285
0.632812 0.140796
0.644531 0.144272
0.65625 0.147713
0.667969 0.151117
0.679688 0.154487
0.691406 0.157821
0.703125 0.16112
0.714844 0.164385
0.726562 0.167616
0.738281 0.170813
0.75 0.173977
0.761719 0.177108
0.773438 0.180206
0.785156 0.183274
0.796875 0.18631
0.808594 0.189315
0.820312 0.19229
0.832031 0.195237
0.84375 0.198154
0.855469 0.201043
0.867188 0.203905
0.878906 0.20674
0.890625 0.209548
0.902344 0.212331
0.914062 0.215088
0.925781 0.217821
0.9375 0.22053
0.949219 0.223216
0.960938 0.225879
0.972656 0.228519
0.984375 0.231138
0.996094 0.233735
1.00781 0.236312
1.01953 0.238868
1.03125 0.241405
1.04297 0.243922
1.05469 0.246421
1.06641 0.248901
1.07812 0.251363
1.08984 0.253808
1.10156 0.256236
1.11328 0.258647
1.125 0.261041
1.13672 0.263419
1.14844 0.265782
1.16016 0.26813
1.17188 0.270462
1.18359 0.27278
1.19531 0.275084
1.20703 0.277373
1.21875 0.279649
1.23047 0.281911
1.24219 0.28416
1.25391 0.286396
1.26562 0.288619
1.27734 0.29083
1.28906 0.293029
1.30078 0.295215
1.3125 0.29739
1.32422 0.299553
1.33594 0.301704
1.34766 0.303844
1.35938 0.305974
1.37109 0.308092
1.38281 0.3102
1.39453 0.312297
1.40625 0.314383
1.41797 0.316459
1.42969 0.318526
1.44141 0.320582
1.45312 0.322628
1.46484 0.324665
1.47656 0.326692
1.48828 0.32871
1.5 0.330718
1.51172 0.332717
1.52344 0.334707
1.53516 0.336687
1.54688 0.338659
1.55859 0.340622
1.57031 0.342576
1.58203 0.344521
1.59375 0.346458
1.60547 0.348387
1.61719 0.350306
1.62891 0.352218
1.64062 0.354121
1.65234 0.356016
1.66406 0.357903
1.67578 0.359781
1.6875 0.361652
1.69922 0.363514
1.71094 0.365369
1.72266 0.367216
1.73438 0.369055
1.74609 0.370886
1.75781 0.372709
1.76953 0.374525
1.78125 0.376333
1.79297 0.378133
1.80469 0.379926
1.81641 0.381711
1.82812 0.383489
1.83984 0.385259
1.85156 0.387022
1.86328 0.388777
1.875 0.390525
1.88672 0.392266
1.89844 0.393999
1.91016 0.395725
1.92188 0.397444
1.93359 0.399156
1.94531 0.40086
1.95703 0.402557
1.96875 0.404247
1.98047 0.40593
1.99219 0.407606
2.00391 0.409274
2.01562 0.410936
2.02734 0.41259
2.03906 0.414238
2.05078 0.415878
2.0625 0.417511
2.07422 0.419138
2.08594 0.420757
2.09766 0.422369
2.10938 0.423975
2.12109 0.425573
2.13281 0.427165
2.14453 0.428749
2.15625 0.430327
2.16797 0.431898
2.17969 0.433462
2.19141 0.435019
2.20312 0.436569
2.21484 0.438113
2.22656 0.439649
2.23828 0.441179
2.25 0.442702
2.26172 0.444218
2.27344 0.445728
2.28516 0.44723
2.29688 0.448726
2.30859 0.450215
2.32031 0.451698
2.33203 0.453174
2.34375 0.454643
2.35547 0.456105
2.36719 0.457561
2.37891 0.45901
2.39062 0.460452
2.40234 0.461888
2.41406 0.463317
2.42578 0.464739
2.4375 0.466155
2.44922 0.467565
2.46094 0.468967
2.47266 0.470364
2.48438 0.471753
2.49609 0.473137
2.50781 0.474513
2.51953 0.475884
2.53125 0.477247
2.54297 0.478605
2.55469 0.479956
2.56641 0.4813
2.57812 0.482638
2.58984 0.48397
2.60156 0.485295
2.61328 0.486614
2.625 0.487927
2.63672 0.489233
2.64844 0.490533
2.66016 0.491827
2.67188 0.493115
2.68359 0.494396
2.69531 0.495671
2.70703 0.49694
2.71875 0.498203
2.73047 0.499459
2.74219 0.50071
2.75391 0.501954
2.76562 0.503193
2.77734 0.504425
2.78906 0.505651
2.80078 0.506871
2.8125 0.508086
2.82422 0.509294
2.83594 0.510496
2.84766 0.511693
2.85938 0.512883
2.87109 0.514068
2.88281 0.515246
2.89453 0.516419
2.90625 0.517587
2.91797 0.518748
2.92969 0.519904
2.94141 0.521053
2.95312 0.522198
2.96484 0.523336
2.97656 0.524469
2.98828 0.525596
3 0.526718
