0 4.14952e-23
0.0117188 4.89417e-23
0.0234375 5.85372e-23
0.0351562 7.06163e-23
0.046875 8.59377e-23
0.0585938 1.05161e-22
0.0703125 1.30008e-22
0.0820312 1.61821e-22
0.09375 2.03778e-22
0.105469 2.58833e-22
0.117188 3.32574e-22
0.128906 4.31062e-22
0.140625 5.66602e-22
0.152344 7.53269e-22
0.164062 1.02468e-21
0.175781 1.40493e-21
0.1875 1.96525e-21
0.199219 2.83438e-21
0.210938 4.08499e-21
0.222656 6.1827e-21
0.234375 9.51199e-21
0.246094 1.49107e-20
0.257812 2.43169e-20
0.269531 4.04709e-20
0.28125 7.14363e-20
0.292969 1.26511e-19
0.304688 2.29073e-19
0.316406 4.32398e-19
0.328125 8.67306e-19
0.339844 1.77448e-18
0.351562 3.85577e-18
0.363281 8.76164e-18
0.375 1.94179e-17
0.386719 4.66852e-17
0.398438 7.84558e-17
0.410156 1.51599e-16
0.421875 2.45321e-16
0.433594 3.92315e-16
0.445312 6.742e-16
0.457031 1.12912e-15
0.46875 1.89735e-15
0.480469 3.14109e-15
0.492188 5.17694e-15
0.503906 8.49246e-15
0.515625 1.39797e-14
0.527344 2.30311e-14
0.539062 3.78952e-14
0.550781 6.23246e-14
0.5625 1.02364e-13
0.574219 1.68077e-13
0.585938 2.75765e-13
0.597656 4.52106e-13
0.609375 7.40644e-13
0.621094 1.21246e-12
0.632812 1.98334e-12
0.644531 3.24186e-12
0.65625 5.29471e-12
0.667969 8.64036e-12
0.679688 1.40882e-11
0.691406 2.29514e-11
0.703125 3.73581e-11
0.714844 6.07547e-11
0.726562 9.87159e-11
0.738281 1.60251e-10
0.75 2.59908e-10
0.761719 4.2115e-10
0.773438 6.81786e-10
0.785156 1.10268e-09
0.796875 1.78172e-09
0.808594 2.87614e-09
0.820312 4.63829e-09
0.832031 7.47273e-09
0.84375 1.20273e-08
0.855469 1.93383e-08
0.867188 3.10616e-08
0.878906 4.98395e-08
0.890625 7.98832e-08
0.902344 1.27896e-07
0.914062 2.04528e-07
0.925781 3.26679e-07
0.9375 5.21103e-07
0.949219 8.30058e-07
0.960938 1.3201e-06
0.972656 2.09565e-06
0.984375 3.31978e-06
0.996094 5.24542e-06
1.00781 8.2615e-06
1.01953 1.29587e-05
1.03125 2.02185e-05
1.04297 3.13249e-05
1.05469 4.80838e-05
1.06641 7.29135e-05
1.07812 0.000108833
1.08984 0.000159257
1.10156 0.000227546
1.11328 0.000316401
1.125 0.000427435
1.13672 0.00056129
1.14844 0.000718369
1.16016 0.000899672
1.17188 0.00110701
1.18359 0.00134222
1.19531 0.00160577
1.20703 0.00189556
1.21875 0.00220673
1.23047 0.00253272
1.24219 0.0028671
1.25391 0.0032053
1.26562 0.00354563
1.27734 0.00388914
1.28906 0.00423901
1.30078 0.00459983
1.3125 0.00497706
1.32422 0.00537681
1.33594 0.00580556
1.34766 0.00626983
1.35938 0.00677569
1.37109 0.00732829
1.38281 0.00793156
1.39453 0.00858798
1.40625 0.00929862
1.41797 0.0100631
1.42969 0.0108797
1.44141 0.0117454
1.45312 0.0126561
1.46484 0.013607
1.47656 0.0145929
1.48828 0.0156085
1.5 0.0166492
1.51172 0.0177112
1.52344 0.018792
1.53516 0.0198901
1.54688 0.0210052
1.55859 0.0221376
1.57031 0.0232886
1.58203 0.0244603
1.59375 0.0256557
1.60547 0.0268779
1.61719 0.0281305
1.62891 0.0294165
1.64062 0.0307383
1.65234 0.0320974
1.66406 0.033495
1.67578 0.0349315
1.6875 0.0364077
1.69922 0.0379242
1.71094 0.0394818
1.72266 0.041081
1.73438 0.0427219
1.74609 0.0444037
1.75781 0.0461248
1.76953 0.0478829
1.78125 0.0496752
1.79297 0.0514989
1.80469 0.0533517
1.81641 0.0552316
1.82812 0.0571372
1.83984 0.0590676
1.85156 0.0610224
1.86328 0.0630012
1.875 0.0650044
1.88672 0.0670322
1.89844 0.0690853
1.91016 0.0711647
1.92188 0.0732711
1.93359 0.0754054
1.94531 0.0775682
1.95703 0.07976
1.96875 0.0819806
1.98047 0.0842296
1.99219 0.0865059
2.00391 0.0888077
2.01562 0.0911324
2.02734 0.0934766
2.03906 0.0958363
2.05078 0.0982071
2.0625 0.100585
2.07422 0.102966
2.08594 0.105349
2.09766 0.10773
2.10938 0.110111
2.12109 0.112491
2.13281 0.114872
2.14453 0.117256
2.15625 0.119643
2.16797 0.122034
2.17969 0.124431
2.19141 0.126833
2.20312 0.12924
2.21484 0.131652
2.22656 0.134068
2.23828 0.136487
2.25 0.13891
2.26172 0.141336
2.27344 0.143766
2.28516 0.1462
2.29688 0.148639
2.30859 0.151085
2.32031 0.15354
2.33203 0.156004
2.34375 0.158482
2.35547 0.160976
2.36719 0.163489
2.37891 0.166023
2.39062 0.168583
2.40234 0.171171
2.41406 0.17379
2.42578 0.176444
2.4375 0.179134
2.44922 0.181864
2.46094 0.184637
2.47266 0.187454
2.48438 0.190319
2.49609 0.193233
2.50781 0.196198
2.51953 0.199217
2.53125 0.202292
2.54297 0.205424
2.55469 0.208613
2.56641 0.211861
2.57812 0.215167
2.58984 0.21853
2.60156 0.221947
2.61328 0.225417
2.625 0.228934
2.63672 0.232494
2.64844 0.23609
2.66016 0.239715
2.67188 0.243362
2.68359 0.247021
2.69531 0.250684
2.70703 0.254341
2.71875 0.257982
2.73047 0.261598
2.74219 0.265179
2.75391 0.268719
2.76562 0.272209
2.77734 0.275643
2.78906 0.279016
2.80078 0.282326
2.8125 0.285569
2.82422 0.288745
2.83594 0.291853
2.84766 0.294895
2.85938 0.297872
2.87109 0.300787
2.88281 0.303642
2.89453 0.306441
2.90625 0.309186
2.91797 0.311882
2.92969 0.31453
2.94141 0.317134
2.95312 0.319697
2.96484 0.322222
2.97656 0.324712
2.98828 0.327167
3 0.329592
