0	0	0.000208618
0	1	1.46475e-16
0	2	1.01607e-16
0	3	0.000603349
0	4	0.000381444
0	5	0.000442855
0	6	0.00020784
0	7	0.00043372
0	8	0.00151389
0	9	0.000474472
0	10	0.000700193
0	11	0.000630446
0	12	1.31506e-16
0	13	0.000241748
0	14	0.000218569
0	15	0.000916149
0	16	0.000620343
0	17	0.000674555
0	18	0.000562117
0	19	0.000841618
0	20	3.27917e-17
0	21	0.000477513
0	22	0.000377187
0	23	1.7097e-16
0	24	0.000477636
0	25	1.0709e-17
0	26	0.132878
0	27	0.000591639
0	28	3.33802e-17
0	29	0.000921384
0	30	0.000226766
0	31	1.04156e-16
0	32	9.44039e-17
0	33	0.000444498
0	34	0.000453519
0	35	0.000330334
0	36	0.000401207
0	37	0.00056839
0	38	0.000225132
0	39	5.34789e-17
0	40	0.0010281
0	41	0.000266778
0	42	0.000721105
0	43	0.000282496
0	44	0.00265219
1	0	0.000509814
1	1	0.000496199
1	2	0.000587688
1	3	0.000904545
1	4	0.00068264
1	5	0.00074405
1	6	0.000509035
1	7	0.000734916
1	8	0.00181509
1	9	0.000775668
1	10	0.00100139
1	11	0.000931641
1	12	0.000508573
1	13	0.000542944
1	14	0.000519765
1	15	0.00121735
1	16	0.000921539
1	17	0.000975751
1	18	0.000863313
1	19	0.00114281
1	20	2.39665e-18
1	21	0.000778709
1	22	0.000678383
1	23	0.000491504
1	24	0.000778832
1	25	2.80942e-19
1	26	0.13318
1	27	0.000892835
1	28	1.64429e-16
1	29	0.00122258
1	30	0.000527962
1	31	0.000500167
1	32	0.000580335
1	33	0.000745693
1	34	0.000754714
1	35	0.00063153
1	36	0.000702403
1	37	0.000869586
1	38	0.000526328
1	39	1.46363e-16
1	40	0.00132929
1	41	0.000567974
1	42	0.0010223
1	43	0.000583692
1	44	0.00295339
2	0	0.000776823
2	1	0.000763208
2	2	0.000854696
2	3	0.00117155
2	4	0.000949648
2	5	0.00101106
2	6	0.000776044
2	7	0.00100192
2	8	0.0020821
2	9	0.00104268
2	10	0.0012684
2	11	0.00119865
2	12	0.000775582
2	13	0.000809952
2	14	0.000786774
2	15	0.00148435
2	16	0.00118855
2	17	0.00124276
2	18	0.00113032
2	19	0.00140982
2	20	0.000839733
2	21	0.00104572
2	22	0.000945392
2	23	0.000758513
2	24	0.00104584
2	25	1.36006e-16
2	26	0.133447
2	27	0.00115984
2	28	0.00156106
2	29	0.00148959
2	30	0.00079497
2	31	0.000767175
2	32	0.000847344
2	33	0.0010127
2	34	0.00102172
2	35	0.000898539
2	36	0.000969412
2	37	0.00113659
2	38	0.000793336
2	39	0.000759093
2	40	0.0015963
2	41	0.000834983
2	42	0.00128931
2	43	0.000850701
2	44	0.0032204
3	0	0.000777462
3	1	0.000763847
3	2	0.000855336
3	3	0.00117219
3	4	0.000950288
3	5	0.0010117
3	6	0.000776683
3	7	0.00100256
3	8	0.00208274
3	9	0.00104332
3	10	0.00126904
3	11	0.00119929
3	12	0.000776221
3	13	0.000810592
3	14	0.000787413
3	15	0.00148499
3	16	0.00118919
3	17	0.0012434
3	18	0.00113096
3	19	0.00141046
3	20	5.14088e-17
3	21	0.00104636
3	22	0.000946031
3	23	0.000759152
3	24	0.00104648
3	25	1.0015e-16
3	26	0.133447
3	27	0.00116048
3	28	1.18017e-16
3	29	0.00149023
3	30	0.00079561
3	31	0.000767815
3	32	0.000847983
3	33	0.00101334
3	34	0.00102236
3	35	0.000899178
3	36	0.000970051
3	37	0.00113723
3	38	0.000793976
3	39	0.000759732
3	40	0.00159694
3	41	0.000835622
3	42	0.00128995
3	43	0.00085134
3	44	0.00322104
4	0	0.000681778
4	1	0.000668162
4	2	0.000759651
4	3	0.00107651
4	4	0.000854603
4	5	0.000916014
4	6	0.000680999
4	7	0.00090688
4	8	0.00198705
4	9	0.000947632
4	10	0.00117335
4	11	0.00110361
4	12	0.000680537
4	13	0.000714907
4	14	0.000691729
4	15	0.00138931
4	16	0.0010935
4	17	0.00114771
4	18	0.00103528
4	19	0.00131478
4	20	0.000744688
4	21	0.000950673
4	22	0.000850347
4	23	0.000663468
4	24	0.000950796
4	25	8.36348e-17
4	26	0.133352
4	27	0.0010648
4	28	0.00146601
4	29	0.00139454
4	30	0.000699925
4	31	0.00067213
4	32	0.000752299
4	33	0.000917657
4	34	0.000926678
4	35	0.000803494
4	36	0.000874367
4	37	0.00104155
4	38	0.000698291
4	39	0.000664048
4	40	0.00150126
4	41	0.000739937
4	42	0.00119426
4	43	0.000755655
4	44	0.00312535
5	0	0.00073229
5	1	0.000718675
5	2	0.000810164
5	3	0.00112702
5	4	0.000905116
5	5	0.000966527
5	6	0.000731512
5	7	0.000957393
5	8	0.00203756
5	9	0.000998144
5	10	0.00122386
5	11	0.00115412
5	12	0.00073105
5	13	0.00076542
5	14	0.000742242
5	15	0.00143982
5	16	0.00114402
5	17	0.00119823
5	18	0.00108579
5	19	0.00136529
5	20	0.000795201
5	21	0.00100119
5	22	0.000900859
5	23	0.00071398
5	24	0.00100131
5	25	0.000820933
5	26	0.133402
5	27	0.00111531
5	28	9.03151e-17
5	29	0.00144506
5	30	0.000750438
5	31	0.000722643
5	32	0.000802812
5	33	0.00096817
5	34	0.000977191
5	35	0.000854006
5	36	0.000924879
5	37	0.00109206
5	38	0.000748804
5	39	0.000714561
5	40	0.00155177
5	41	0.00079045
5	42	0.00124478
5	43	0.000806168
5	44	0.00317586
6	0	0.000670398
6	1	0.000656783
6	2	0.000748272
6	3	0.00106513
6	4	0.000843224
6	5	0.000904634
6	6	0.000669619
6	7	0.0008955
6	8	0.00197567
6	9	0.000936252
6	10	0.00116197
6	11	0.00109223
6	12	0.000669157
6	13	0.000703528
6	14	0.000680349
6	15	0.00137793
6	16	0.00108212
6	17	0.00113634
6	18	0.0010239
6	19	0.0013034
6	20	1.30338e-16
6	21	0.000939293
6	22	0.000838967
6	23	0.000652088
6	24	0.000939416
6	25	1.58329e-16
6	26	0.13334
6	27	0.00105342
6	28	0.00145463
6	29	0.00138316
6	30	0.000688546
6	31	0.000660751
6	32	0.000740919
6	33	0.000906277
6	34	0.000915298
6	35	0.000792114
6	36	0.000862987
6	37	0.00103017
6	38	0.000686912
6	39	0.000652668
6	40	0.00148988
6	41	0.000728558
6	42	0.00118289
6	43	0.000744276
6	44	0.00311397
7	0	0.0007411
7	1	0.000727485
7	2	0.000818974
7	3	0.00113583
7	4	0.000913926
7	5	0.000975337
7	6	0.000740322
7	7	0.000966203
7	8	0.00204637
7	9	0.00100695
7	10	0.00123268
7	11	0.00116293
7	12	0.00073986
7	13	0.00077423
7	14	0.000751052
7	15	0.00144863
7	16	0.00115283
7	17	0.00120704
7	18	0.0010946
7	19	0.0013741
7	20	4.44972e-17
7	21	0.00101
7	22	0.000909669
7	23	0.00072279
7	24	0.00101012
7	25	6.81864e-17
7	26	0.133411
7	27	0.00112412
7	28	0.00152533
7	29	0.00145387
7	30	0.000759248
7	31	0.000731453
7	32	0.000811622
7	33	0.00097698
7	34	0.000986001
7	35	0.000862816
7	36	0.000933689
7	37	0.00110087
7	38	0.000757614
7	39	0.000723371
7	40	0.00156058
7	41	0.00079926
7	42	0.00125359
7	43	0.000814978
7	44	0.00318467
8	0	0.00149055
8	1	0.00147694
8	2	0.00156843
8	3	0.00188528
8	4	0.00166338
8	5	0.00172479
8	6	0.00148977
8	7	0.00171565
8	8	0.00279583
8	9	0.00175641
8	10	0.00198213
8	11	0.00191238
8	12	0.00148931
8	13	0.00152368
8	14	0.0015005
8	15	0.00219808
8	16	0.00190228
8	17	0.00195649
8	18	0.00184405
8	19	0.00212355
8	20	1.95288e-16
8	21	0.00175945
8	22	0.00165912
8	23	0.00147224
8	24	0.00175957
8	25	1.97057e-16
8	26	0.13416
8	27	0.00187357
8	28	1.33702e-16
8	29	0.00220332
8	30	0.0015087
8	31	0.0014809
8	32	0.00156107
8	33	0.00172643
8	34	0.00173545
8	35	0.00161227
8	36	0.00168314
8	37	0.00185032
8	38	0.00150707
8	39	0.00147282
8	40	0.00231003
8	41	0.00154871
8	42	0.00200304
8	43	0.00156443
8	44	0.00393412
9	0	0.000782882
9	1	0.000769266
9	2	0.000860755
9	3	0.00117761
9	4	0.000955707
9	5	0.00101712
9	6	0.000782103
9	7	0.00100798
9	8	0.00208816
9	9	0.00104874
9	10	0.00127446
9	11	0.00120471
9	12	0.000781641
9	13	0.000816011
9	14	0.000792833
9	15	0.00149041
9	16	0.00119461
9	17	0.00124882
9	18	0.00113638
9	19	0.00141588
9	20	0.000845792
9	21	0.00105178
9	22	0.000951451
9	23	0.000764572
9	24	0.0010519
9	25	0.000871524
9	26	0.133453
9	27	0.0011659
9	28	0.00156711
9	29	0.00149565
9	30	0.000801029
9	31	0.000773234
9	32	0.000853403
9	33	0.00101876
9	34	0.00102778
9	35	0.000904598
9	36	0.000975471
9	37	0.00114265
9	38	0.000799395
9	39	0.000765152
9	40	0.00160236
9	41	0.000841041
9	42	0.00129537
9	43	0.00085676
9	44	0.00322645
10	0	0.000943908
10	1	0.000930293
10	2	0.00102178
10	3	0.00133864
10	4	0.00111673
10	5	0.00117814
10	6	0.00094313
10	7	0.00116901
10	8	0.00224918
10	9	0.00120976
10	10	0.00143548
10	11	0.00136574
10	12	0.000942667
10	13	0.000977038
10	14	0.000953859
10	15	0.00165144
10	16	0.00135563
10	17	0.00140985
10	18	0.00129741
10	19	0.00157691
10	20	1.53706e-16
10	21	0.0012128
10	22	0.00111248
10	23	0.000925598
10	24	0.00121293
10	25	0.00103255
10	26	0.133614
10	27	0.00132693
10	28	4.96312e-17
10	29	0.00165667
10	30	0.000962056
10	31	0.000934261
10	32	0.00101443
10	33	0.00117979
10	34	0.00118881
10	35	0.00106562
10	36	0.0011365
10	37	0.00130368
10	38	0.000960422
10	39	0.000926179
10	40	0.00176339
10	41	0.00100207
10	42	0.0014564
10	43	0.00101779
10	44	0.00338748
11	0	0.000986193
11	1	0.000972578
11	2	0.00106407
11	3	0.00138092
11	4	0.00115902
11	5	0.00122043
11	6	0.000985414
11	7	0.0012113
11	8	0.00229147
11	9	0.00125205
11	10	0.00147777
11	11	0.00140802
11	12	0.000984952
11	13	0.00101932
11	14	0.000996144
11	15	0.00169372
11	16	0.00139792
11	17	0.00145213
11	18	0.00133969
11	19	0.00161919
11	20	0.0010491
11	21	0.00125509
11	22	0.00115476
11	23	0.000967883
11	24	0.00125521
11	25	0.00107484
11	26	0.133656
11	27	0.00136921
11	28	1.72698e-16
11	29	0.00169896
11	30	0.00100434
11	31	0.000976546
11	32	0.00105671
11	33	0.00122207
11	34	0.00123109
11	35	0.00110791
11	36	0.00117878
11	37	0.00134596
11	38	0.00100271
11	39	0.000968463
11	40	0.00180567
11	41	0.00104435
11	42	0.00149868
11	43	0.00106007
11	44	0.00342977
12	0	0.000613003
12	1	0.000599388
12	2	0.000690877
12	3	0.00100773
12	4	0.000785829
12	5	0.00084724
12	6	0.000612224
12	7	0.000838105
12	8	0.00191828
12	9	0.000878857
12	10	0.00110458
12	11	0.00103483
12	12	0.000611762
12	13	0.000646133
12	14	0.000622954
12	15	0.00132053
12	16	0.00102473
12	17	0.00107894
12	18	0.000966502
12	19	0.001246
12	20	1.65739e-16
12	21	0.000881898
12	22	0.000781572
12	23	0.000594693
12	24	0.000882021
12	25	0.000701645
12	26	0.133283
12	27	0.000996024
12	28	6.71536e-17
12	29	0.00132577
12	30	0.000631151
12	31	0.000603356
12	32	0.000683524
12	33	0.000848883
12	34	0.000857904
12	35	0.000734719
12	36	0.000805592
12	37	0.000972775
12	38	0.000629517
12	39	0.000595273
12	40	0.00143248
12	41	0.000671163
12	42	0.00112549
12	43	0.000686881
12	44	0.00305658
13	0	0.000547616
13	1	0.000534001
13	2	0.000625489
13	3	0.000942347
13	4	0.000720441
13	5	0.000781852
13	6	0.000546837
13	7	0.000772718
13	8	0.00185289
13	9	0.00081347
13	10	0.00103919
13	11	0.000969443
13	12	0.000546375
13	13	0.000580745
13	14	0.000557567
13	15	0.00125515
13	16	0.000959341
13	17	0.00101355
13	18	0.000901115
13	19	0.00118062
13	20	0.000610526
13	21	0.000816511
13	22	0.000716185
13	23	0.000529306
13	24	0.000816634
13	25	0.000636258
13	26	0.133217
13	27	0.000930637
13	28	0.00133185
13	29	0.00126038
13	30	0.000565763
13	31	0.000537968
13	32	0.000618137
13	33	0.000783495
13	34	0.000792516
13	35	0.000669332
13	36	0.000740205
13	37	0.000907387
13	38	0.000564129
13	39	0.000529886
13	40	0.00136709
13	41	0.000605776
13	42	0.0010601
13	43	0.000621494
13	44	0.00299119
14	0	0.00076411
14	1	0.000750495
14	2	0.000841984
14	3	0.00115884
14	4	0.000936936
14	5	0.000998347
14	6	0.000763332
14	7	0.000989213
14	8	0.00206938
14	9	0.00102996
14	10	0.00125568
14	11	0.00118594
14	12	0.00076287
14	13	0.00079724
14	14	0.000774062
14	15	0.00147164
14	16	0.00117584
14	17	0.00123005
14	18	0.00111761
14	19	0.00139711
14	20	1.27887e-16
14	21	0.00103301
14	22	0.000932679
14	23	0.0007458
14	24	0.00103313
14	25	0.000852753
14	26	0.133434
14	27	0.00114713
14	28	2.44278e-17
14	29	0.00147688
14	30	0.000782258
14	31	0.000754463
14	32	0.000834632
14	33	0.00099999
14	34	0.00100901
14	35	0.000885826
14	36	0.000956699
14	37	0.00112388
14	38	0.000780624
14	39	0.000746381
14	40	0.00158359
14	41	0.00082227
14	42	0.0012766
14	43	0.000837988
14	44	0.00320768
15	0	0.00128249
15	1	0.00126888
15	2	0.00136037
15	3	0.00167723
15	4	0.00145532
15	5	0.00151673
15	6	0.00128172
15	7	0.0015076
15	8	0.00258777
15	9	0.00154835
15	10	0.00177407
15	11	0.00170432
15	12	0.00128125
15	13	0.00131562
15	14	0.00129245
15	15	0.00199003
15	16	0.00169422
15	17	0.00174843
15	18	0.00163599
15	19	0.00191549
15	20	0.00134541
15	21	0.00155139
15	22	0.00145106
15	23	0.00126418
15	24	0.00155151
15	25	4.40392e-17
15	26	0.133952
15	27	0.00166552
15	28	0.00206673
15	29	0.00199526
15	30	0.00130064
15	31	0.00127285
15	32	0.00135302
15	33	0.00151837
15	34	0.0015274
15	35	0.00140421
15	36	0.00147508
15	37	0.00164227
15	38	0.00129901
15	39	0.00126477
15	40	0.00210197
15	41	0.00134065
15	42	0.00179498
15	43	0.00135637
15	44	0.00372607
16	0	1.7308e-16
16	1	0.000890056
16	2	0.000981545
16	3	0.0012984
16	4	0.0010765
16	5	0.00113791
16	6	0.000902893
16	7	0.00112877
16	8	0.00220895
16	9	0.00116953
16	10	0.00139525
16	11	0.0013255
16	12	0.000902431
16	13	0.000936801
16	14	0.000913623
16	15	0.0016112
16	16	0.0013154
16	17	0.00136961
16	18	0.00125717
16	19	0.00153667
16	20	1.12371e-16
16	21	0.00117257
16	22	0.00107224
16	23	0.000885361
16	24	0.00117269
16	25	0.000992314
16	26	0.133574
16	27	0.00128669
16	28	9.87922e-17
16	29	0.00161644
16	30	0.000921819
16	31	0.000894024
16	32	0.000974193
16	33	0.00113955
16	34	0.00114857
16	35	0.00102539
16	36	0.00109626
16	37	0.00126344
16	38	0.000920185
16	39	8.04549e-17
16	40	0.00172315
16	41	0.000961831
16	42	0.00141616
16	43	0.000977549
16	44	0.00334724
17	0	0.000880084
17	1	0.000866469
17	2	0.000957958
17	3	0.00127482
17	4	0.00105291
17	5	0.00111432
17	6	0.000879306
17	7	0.00110519
17	8	0.00218536
17	9	0.00114594
17	10	0.00137166
17	11	0.00130191
17	12	0.000878843
17	13	0.000913214
17	14	0.000890035
17	15	0.00158762
17	16	0.00129181
17	17	0.00134602
17	18	0.00123358
17	19	0.00151308
17	20	0.000942994
17	21	0.00114898
17	22	0.00104865
17	23	0.000861774
17	24	0.0011491
17	25	7.61704e-17
17	26	0.13355
17	27	0.00126311
17	28	0.00166432
17	29	0.00159285
17	30	0.000898232
17	31	0.000870437
17	32	0.000950605
17	33	0.00111596
17	34	0.00112498
17	35	0.0010018
17	36	0.00107267
17	37	0.00123986
17	38	0.000896598
17	39	0.000862355
17	40	0.00169956
17	41	0.000938244
17	42	0.00139257
17	43	0.000953962
17	44	0.00332366
18	0	0.0009509
18	1	0.000937285
18	2	0.00102877
18	3	0.00134563
18	4	0.00112373
18	5	0.00118514
18	6	0.000950122
18	7	0.001176
18	8	0.00225617
18	9	0.00121675
18	10	0.00144248
18	11	0.00137273
18	12	0.00094966
18	13	0.00098403
18	14	0.000960852
18	15	0.00165843
18	16	0.00136263
18	17	0.00141684
18	18	0.0013044
18	19	0.0015839
18	20	1.50198e-16
18	21	0.0012198
18	22	0.00111947
18	23	0.00093259
18	24	0.00121992
18	25	0.00103954
18	26	0.133621
18	27	0.00133392
18	28	4.66384e-17
18	29	0.00166367
18	30	0.000969048
18	31	0.000941253
18	32	0.00102142
18	33	0.00118678
18	34	0.0011958
18	35	0.00107262
18	36	0.00114349
18	37	0.00131067
18	38	0.000967414
18	39	0.000933171
18	40	0.00177038
18	41	0.00100906
18	42	0.00146339
18	43	0.00102478
18	44	0.00339447
19	0	0.00102054
19	1	0.00100692
19	2	0.00109841
19	3	0.00141527
19	4	0.00119336
19	5	0.00125477
19	6	0.00101976
19	7	0.00124564
19	8	0.00232581
19	9	0.00128639
19	10	0.00151211
19	11	0.00144236
19	12	0.00101929
19	13	0.00105366
19	14	0.00103049
19	15	0.00172807
19	16	0.00143226
19	17	0.00148647
19	18	0.00137403
19	19	0.00165353
19	20	3.00877e-17
19	21	0.00128943
19	22	0.0011891
19	23	0.00100223
19	24	0.00128955
19	25	4.68074e-17
19	26	0.13369
19	27	0.00140356
19	28	1.39723e-16
19	29	0.0017333
19	30	0.00103868
19	31	0.00101089
19	32	0.00109106
19	33	0.00125641
19	34	0.00126544
19	35	0.00114225
19	36	0.00121312
19	37	0.00138031
19	38	0.00103705
19	39	0.00100281
19	40	0.00184001
19	41	0.0010787
19	42	0.00153302
19	43	0.00109441
19	44	0.00346411
20	0	0.000656023
20	1	6.58989e-17
20	2	0.000733896
20	3	0.00105075
20	4	0.000828848
20	5	0.000890259
20	6	0.000655244
20	7	0.000881125
20	8	0.0019613
20	9	0.000921877
20	10	1.96374e-16
20	11	0.00107785
20	12	0.000654782
20	13	0.000689152
20	14	6.17316e-17
20	15	0.00136355
20	16	8.3059e-17
20	17	0.00112196
20	18	1.49431e-16
20	19	0.00128902
20	20	0.000718933
20	21	0.000924918
20	22	0.000824592
20	23	1.36646e-16
20	24	0.000925041
20	25	6.58886e-17
20	26	0.133326
20	27	0.00103904
20	28	2.42154e-17
20	29	8.38772e-17
20	30	0.000674171
20	31	0.000646376
20	32	5.79097e-18
20	33	0.000891902
20	34	0.000900923
20	35	0.000777739
20	36	0.000848612
20	37	0.00101579
20	38	0.000672536
20	39	0.000638293
20	40	0.0014755
20	41	0.000714183
20	42	1.31548e-16
20	43	0.000729901
20	44	0.0030996
21	0	0.00075557
21	1	0.000741955
21	2	0.000833444
21	3	0.0011503
21	4	0.000928396
21	5	0.000989807
21	6	0.000754792
21	7	0.000980673
21	8	0.00206084
21	9	0.00102142
21	10	0.00124714
21	11	0.0011774
21	12	0.00075433
21	13	0.0007887
21	14	0.000765522
21	15	0.0014631
21	16	0.0011673
21	17	0.00122151
21	18	0.00110907
21	19	0.00138857
21	20	0.000818481
21	21	0.00102447
21	22	0.000924139
21	23	0.00073726
21	24	0.00102459
21	25	1.85979e-16
21	26	0.133425
21	27	0.00113859
21	28	0.0015398
21	29	0.00146834
21	30	0.000773718
21	31	0.000745923
21	32	0.000826092
21	33	0.00099145
21	34	0.00100047
21	35	0.000877286
21	36	0.000948159
21	37	0.00111534
21	38	0.000772084
21	39	0.000737841
21	40	0.00157505
21	41	0.00081373
21	42	0.00126806
21	43	0.000829448
21	44	0.00319914
22	0	0.000679893
22	1	0.000666278
22	2	0.000757767
22	3	0.00107462
22	4	0.000852719
22	5	0.000914129
22	6	0.000679114
22	7	0.000904995
22	8	0.00198517
22	9	0.000945747
22	10	0.00117147
22	11	0.00110172
22	12	0.000678652
22	13	0.000713022
22	14	0.000689844
22	15	0.00138742
22	16	0.00109162
22	17	0.00114583
22	18	0.00103339
22	19	0.00131289
22	20	0.000742803
22	21	0.000948788
22	22	0.000848462
22	23	0.000661583
22	24	0.000948911
22	25	0.000768535
22	26	0.13335
22	27	0.00106291
22	28	5.11524e-17
22	29	0.00139266
22	30	0.000698041
22	31	0.000670246
22	32	0.000750414
22	33	0.000915772
22	34	0.000924793
22	35	0.000801609
22	36	0.000872482
22	37	0.00103966
22	38	0.000696407
22	39	0.000662163
22	40	0.00149937
22	41	0.000738053
22	42	0.00119238
22	43	0.000753771
22	44	0.00312347
23	0	0.000465625
23	1	0.000452009
23	2	0.000543498
23	3	0.000860356
23	4	0.00063845
23	5	0.000699861
23	6	0.000464846
23	7	0.000690727
23	8	0.0017709
23	9	0.000731479
23	10	0.000957199
23	11	0.000887452
23	12	0.000464384
23	13	0.000498754
23	14	0.000475576
23	15	0.00117316
23	16	0.00087735
23	17	0.000931562
23	18	0.000819124
23	19	0.00109862
23	20	1.12184e-16
23	21	0.00073452
23	22	0.000634194
23	23	0.000447314
23	24	0.000734643
23	25	1.44238e-16
23	26	0.133135
23	27	0.000848645
23	28	7.36596e-19
23	29	0.00117839
23	30	0.000483772
23	31	0.000455977
23	32	0.000536146
23	33	0.000701504
23	34	0.000710525
23	35	0.00058734
23	36	0.000658214
23	37	0.000825396
23	38	0.000482138
23	39	1.02198e-16
23	40	0.0012851
23	41	0.000523784
23	42	0.000978112
23	43	0.000539502
23	44	0.0029092
24	0	0.000639749
24	1	0.000626134
24	2	0.000717622
24	3	0.00103448
24	4	0.000812575
24	5	0.000873985
24	6	0.00063897
24	7	0.000864851
24	8	0.00194502
24	9	0.000905603
24	10	0.00113132
24	11	0.00106158
24	12	0.000638508
24	13	0.000672878
24	14	0.0006497
24	15	0.00134728
24	16	0.00105147
24	17	0.00110569
24	18	0.000993248
24	19	0.00127275
24	20	0.000702659
24	21	0.000908644
24	22	0.000808318
24	23	0.000621439
24	24	0.000908767
24	25	0.000728391
24	26	0.13331
24	27	0.00102277
24	28	0.00142398
24	29	0.00135251
24	30	0.000657897
24	31	0.000630102
24	32	0.00071027
24	33	0.000875628
24	34	0.000884649
24	35	0.000761465
24	36	0.000832338
24	37	0.00099952
24	38	0.000656262
24	39	0.000622019
24	40	0.00145923
24	41	0.000697909
24	42	0.00115224
24	43	0.000713627
24	44	0.00308332
25	0	0.000484107
25	1	1.16082e-16
25	2	0.000561981
25	3	0.000878838
25	4	0.000656933
25	5	0.000718344
25	6	0.000483329
25	7	0.000709209
25	8	0.00178938
25	9	0.000749961
25	10	0.000975682
25	11	0.000905935
25	12	0.000482866
25	13	0.000517237
25	14	0.000494058
25	15	1.571e-16
25	16	0.000895832
25	17	0.000950044
25	18	0.000837606
25	19	0.00111711
25	20	6.69818e-17
25	21	0.000753002
25	22	0.000652676
25	23	1.13513e-16
25	24	0.000753125
25	25	0.000572749
25	26	0.133154
25	27	0.000867128
25	28	1.47097e-16
25	29	0.00119687
25	30	0.000502255
25	31	5.47616e-17
25	32	0.000554628
25	33	0.000719987
25	34	0.000729008
25	35	0.000605823
25	36	0.000676696
25	37	0.000843879
25	38	0.000500621
25	39	5.67433e-17
25	40	0.00130359
25	41	0.000542267
25	42	0.000996594
25	43	0.000557985
25	44	0.00292768
26	0	0.0640753
26	1	0.0640617
26	2	0.0641532
26	3	0.06447
26	4	0.0642481
26	5	0.0643095
26	6	0.0640745
26	7	0.0643004
26	8	0.0653806
26	9	0.0643412
26	10	0.0645669
26	11	0.0644971
26	12	0.0640741
26	13	0.0641084
26	14	0.0640853
26	15	0.0647828
26	16	0.064487
26	17	0.0645412
26	18	0.0644288
26	19	0.0647083
26	20	1.20217e-16
26	21	0.0643442
26	22	0.0642439
26	23	0.064057
26	24	0.0643443
26	25	1.51021e-16
26	26	0.196745
26	27	0.0644583
26	28	0.0648595
26	29	0.0647881
26	30	0.0640934
26	31	0.0640657
26	32	0.0641458
26	33	0.0643112
26	34	0.0643202
26	35	0.064197
26	36	0.0642679
26	37	0.0644351
26	38	0.0640918
26	39	0.0640576
26	40	0.0648948
26	41	0.0641335
26	42	0.0645878
26	43	0.0641492
26	44	0.0665189
27	0	0.000807337
27	1	0.000793722
27	2	0.000885211
27	3	0.00120207
27	4	0.000980163
27	5	0.00104157
27	6	0.000806558
27	7	0.00103244
27	8	0.00211261
27	9	0.00107319
27	10	0.00129891
27	11	0.00122916
27	12	0.000806096
27	13	0.000840467
27	14	0.000817288
27	15	0.00151487
27	16	0.00121906
27	17	0.00127327
27	18	0.00116084
27	19	0.00144034
27	20	0.000870247
27	21	0.00107623
27	22	0.000975906
27	23	0.000789027
27	24	0.00107636
27	25	0.000895979
27	26	0.133477
27	27	0.00119036
27	28	1.50667e-16
27	29	0.0015201
27	30	0.000825485
27	31	0.00079769
27	32	0.000877858
27	33	0.00104322
27	34	0.00105224
27	35	0.000929053
27	36	0.000999926
27	37	0.00116711
27	38	0.000823851
27	39	0.000789607
27	40	0.00162682
27	41	0.000865497
27	42	0.00131982
27	43	0.000881215
27	44	0.00325091
28	0	0.00168203
28	1	2.03736e-17
28	2	0.0017599
28	3	0.00207676
28	4	0.00185485
28	5	0.00191627
28	6	0.00168125
28	7	3.91543e-17
28	8	0.0029873
28	9	1.30313e-17
28	10	4.82433e-17
28	11	0.00210386
28	12	1.08231e-16
28	13	1.58848e-16
28	14	1.92877e-16
28	15	1.44267e-16
28	16	1.64982e-17
28	17	7.51697e-17
28	18	8.79081e-17
28	19	0.00231503
28	20	9.53373e-17
28	21	1.86427e-16
28	22	7.79426e-17
28	23	1.2218e-16
28	24	0.00195105
28	25	8.94238e-17
28	26	0.134352
28	27	0.00206505
28	28	1.13476e-16
28	29	8.82571e-17
28	30	0.00170018
28	31	5.28342e-17
28	32	1.18644e-16
28	33	0.00191791
28	34	0.00192693
28	35	0.00180375
28	36	0.00187462
28	37	3.09525e-18
28	38	0.00169854
28	39	7.21721e-17
28	40	1.42131e-16
28	41	1.43836e-16
28	42	0.00219452
28	43	0.00175591
28	44	0.0041256
29	0	0.0012341
29	1	0.00122049
29	2	0.00131197
29	3	0.00162883
29	4	0.00140693
29	5	0.00146834
29	6	0.00123332
29	7	0.0014592
29	8	0.00253937
29	9	0.00149995
29	10	0.00172567
29	11	0.00165593
29	12	0.00123286
29	13	0.00126723
29	14	0.00124405
29	15	0.00194163
29	16	0.00164583
29	17	0.00170004
29	18	0.0015876
29	19	0.0018671
29	20	1.18579e-16
29	21	0.001503
29	22	0.00140267
29	23	0.00121579
29	24	0.00150312
29	25	1.008e-16
29	26	0.133904
29	27	0.00161712
29	28	7.09776e-17
29	29	0.00194687
29	30	0.00125225
29	31	0.00122445
29	32	0.00130462
29	33	0.00146998
29	34	0.001479
29	35	0.00135582
29	36	0.00142669
29	37	0.00159387
29	38	0.00125061
29	39	0.00121637
29	40	0.00205358
29	41	0.00129226
29	42	0.00174659
29	43	0.00130798
29	44	0.00367767
30	0	0.000328298
30	1	0.000314683
30	2	0.000406172
30	3	0.000723029
30	4	0.000501124
30	5	0.000562535
30	6	0.00032752
30	7	0.0005534
30	8	0.00163357
30	9	0.000594152
30	10	0.000819873
30	11	0.000750126
30	12	0.000327057
30	13	0.000361428
30	14	0.000338249
30	15	0.00103583
30	16	0.000740023
30	17	0.000794235
30	18	0.000681797
30	19	0.000961298
30	20	0.000391208
30	21	0.000597193
30	22	0.000496867
30	23	0.000309988
30	24	0.000597317
30	25	0.00041694
30	26	0.132998
30	27	0.000711319
30	28	9.94791e-18
30	29	0.00104106
30	30	0.000346446
30	31	0.000318651
30	32	0.000398819
30	33	0.000564178
30	34	0.000573199
30	35	0.000450014
30	36	0.000520887
30	37	0.00068807
30	38	0.000344812
30	39	0.000310569
30	40	0.00114778
30	41	0.000386458
30	42	0.000840785
30	43	0.000402176
30	44	0.00277187
31	0	0.000485011
31	1	0.000471396
31	2	0.000562884
31	3	0.000879742
31	4	0.000657837
31	5	0.000719247
31	6	0.000484232
31	7	0.000710113
31	8	0.00179029
31	9	0.000750865
31	10	0.000976585
31	11	0.000906838
31	12	0.00048377
31	13	0.00051814
31	14	0.000494962
31	15	0.00119254
31	16	0.000896736
31	17	0.000950948
31	18	0.00083851
31	19	0.00111801
31	20	0.000547921
31	21	0.000753906
31	22	0.00065358
31	23	0.000466701
31	24	0.000754029
31	25	1.28527e-16
31	26	0.133155
31	27	0.000868032
31	28	0.00126924
31	29	0.00119778
31	30	0.000503159
31	31	0.000475364
31	32	0.000555532
31	33	0.00072089
31	34	0.000729911
31	35	0.000606727
31	36	0.0006776
31	37	0.000844782
31	38	0.000501524
31	39	0.000467281
31	40	0.00130449
31	41	0.000543171
31	42	0.000997498
31	43	0.000558889
31	44	0.00292858
32	0	0.000609608
32	1	0.000595993
32	2	0.000687482
32	3	0.00100434
32	4	0.000782434
32	5	0.000843845
32	6	0.00060883
32	7	0.00083471
32	8	0.00191488
32	9	0.000875462
32	10	0.00110118
32	11	0.00103144
32	12	0.000608367
32	13	0.000642738
32	14	0.000619559
32	15	0.00131714
32	16	0.00102133
32	17	0.00107555
32	18	0.000963107
32	19	0.00124261
32	20	6.66573e-17
32	21	0.000878503
32	22	0.000778177
32	23	0.000591298
32	24	0.000878627
32	25	1.85337e-16
32	26	0.133279
32	27	0.000992629
32	28	1.80621e-17
32	29	0.00132237
32	30	0.000627756
32	31	0.000599961
32	32	0.000680129
32	33	0.000845488
32	34	0.000854509
32	35	0.000731324
32	36	0.000802197
32	37	0.00096938
32	38	0.000626122
32	39	0.000591879
32	40	0.00142909
32	41	0.000667768
32	42	0.0011221
32	43	0.000683486
32	44	0.00305318
33	0	0.000762098
33	1	0.000748483
33	2	0.000839972
33	3	0.00115683
33	4	0.000934924
33	5	0.000996334
33	6	0.000761319
33	7	0.0009872
33	8	0.00206737
33	9	0.00102795
33	10	0.00125367
33	11	0.00118393
33	12	0.000760857
33	13	0.000795228
33	14	0.000772049
33	15	0.00146963
33	16	0.00117382
33	17	0.00122804
33	18	0.0011156
33	19	0.0013951
33	20	0.000825008
33	21	0.00103099
33	22	0.000930667
33	23	0.000743788
33	24	0.00103112
33	25	0.00085074
33	26	0.133432
33	27	0.00114512
33	28	0.00154633
33	29	0.00147486
33	30	0.000780246
33	31	0.000752451
33	32	0.000832619
33	33	0.000997977
33	34	0.001007
33	35	0.000883814
33	36	0.000954687
33	37	0.00112187
33	38	0.000778612
33	39	0.000744368
33	40	0.00158158
33	41	0.000820258
33	42	0.00127459
33	43	0.000835976
33	44	0.00320567
34	0	0.000709333
34	1	0.000695717
34	2	0.000787206
34	3	0.00110406
34	4	0.000882158
34	5	0.000943569
34	6	0.000708554
34	7	0.000934435
34	8	0.00201461
34	9	0.000975187
34	10	0.00120091
34	11	0.00113116
34	12	0.000708092
34	13	0.000742462
34	14	0.000719284
34	15	0.00141686
34	16	0.00112106
34	17	0.00117527
34	18	0.00106283
34	19	0.00134233
34	20	0.000772243
34	21	0.000978228
34	22	0.000877902
34	23	0.000691023
34	24	0.000978351
34	25	0.000797975
34	26	0.133379
34	27	0.00109235
34	28	0.00149357
34	29	0.0014221
34	30	0.00072748
34	31	0.000699685
34	32	0.000779854
34	33	0.000945212
34	34	0.000954233
34	35	0.000831049
34	36	0.000901922
34	37	0.0010691
34	38	0.000725846
34	39	0.000691603
34	40	0.00152881
34	41	0.000767492
34	42	0.00122182
34	43	0.00078321
34	44	0.00315291
35	0	0.000760892
35	1	0.000747277
35	2	0.000838766
35	3	0.00115562
35	4	0.000933718
35	5	0.000995129
35	6	0.000760114
35	7	0.000985995
35	8	0.00206617
35	9	0.00102675
35	10	0.00125247
35	11	0.00118272
35	12	0.000759652
35	13	0.000794022
35	14	0.000770844
35	15	0.00146842
35	16	0.00117262
35	17	0.00122683
35	18	0.00111439
35	19	0.00139389
35	20	0.000823803
35	21	0.00102979
35	22	0.000929461
35	23	0.000742582
35	24	0.00102991
35	25	0.000849535
35	26	0.133431
35	27	0.00114391
35	28	0.00154513
35	29	0.00147366
35	30	0.00077904
35	31	0.000751245
35	32	0.000831414
35	33	0.000996772
35	34	0.00100579
35	35	0.000882608
35	36	0.000953481
35	37	0.00112066
35	38	0.000777406
35	39	0.000743163
35	40	0.00158037
35	41	0.000819052
35	42	0.00127338
35	43	0.00083477
35	44	0.00320447
36	0	0.00072354
36	1	0.000709925
36	2	0.000801414
36	3	0.00111827
36	4	0.000896366
36	5	0.000957776
36	6	0.000722761
36	7	0.000948642
36	8	0.00202881
36	9	0.000989394
36	10	0.00121511
36	11	0.00114537
36	12	0.000722299
36	13	0.000756669
36	14	0.000733491
36	15	0.00143107
36	16	0.00113527
36	17	0.00118948
36	18	0.00107704
36	19	0.00135654
36	20	1.90201e-16
36	21	0.000992435
36	22	0.000892109
36	23	0.00070523
36	24	0.000992558
36	25	1.17615e-16
36	26	0.133393
36	27	0.00110656
36	28	1.67485e-16
36	29	0.00143631
36	30	0.000741688
36	31	0.000713893
36	32	0.000794061
36	33	0.000959419
36	34	0.00096844
36	35	0.000845256
36	36	0.000916129
36	37	0.00108331
36	38	0.000740054
36	39	0.00070581
36	40	0.00154302
36	41	0.0007817
36	42	0.00123603
36	43	0.000797418
36	44	0.00316711
37	0	0.000767846
37	1	0.000754231
37	2	0.000845719
37	3	0.00116258
37	4	0.000940672
37	5	0.00100208
37	6	0.000767067
37	7	0.000992948
37	8	0.00207312
37	9	0.0010337
37	10	0.00125942
37	11	0.00118967
37	12	0.000766605
37	13	0.000800975
37	14	0.000777797
37	15	0.00147538
37	16	0.00117957
37	17	0.00123378
37	18	0.00112134
37	19	0.00140085
37	20	0.000830756
37	21	0.00103674
37	22	0.000936415
37	23	0.000749536
37	24	0.00103686
37	25	0.000856488
37	26	0.133438
37	27	0.00115087
37	28	3.04379e-17
37	29	0.00148061
37	30	0.000785994
37	31	0.000758199
37	32	0.000838367
37	33	0.00100373
37	34	0.00101275
37	35	0.000889562
37	36	0.000960435
37	37	0.00112762
37	38	0.000784359
37	39	0.000750116
37	40	0.00158732
37	41	0.000826006
37	42	0.00128033
37	43	0.000841724
37	44	0.00321142
38	0	0.000540873
38	1	0.000527258
38	2	0.000618747
38	3	0.000935604
38	4	0.000713699
38	5	0.00077511
38	6	0.000540095
38	7	0.000765975
38	8	0.00184615
38	9	0.000806727
38	10	0.00103245
38	11	0.000962701
38	12	0.000539632
38	13	0.000574003
38	14	0.000550824
38	15	0.0012484
38	16	0.000952598
38	17	0.00100681
38	18	0.000894372
38	19	0.00117387
38	20	0.000603783
38	21	0.000809768
38	22	0.000709442
38	23	0.000522563
38	24	0.000809891
38	25	0.000629515
38	26	0.133211
38	27	0.000923894
38	28	0.00132511
38	29	0.00125364
38	30	0.000559021
38	31	0.000531226
38	32	0.000611394
38	33	0.000776753
38	34	0.000785774
38	35	0.000662589
38	36	0.000733462
38	37	0.000900645
38	38	0.000557387
38	39	0.000523144
38	40	0.00136035
38	41	0.000599033
38	42	0.00105336
38	43	0.000614751
38	44	0.00298445
39	0	0.000794363
39	1	0.000780748
39	2	0.000872237
39	3	0.00118909
39	4	0.000967189
39	5	0.0010286
39	6	0.000793585
39	7	0.00101947
39	8	0.00209964
39	9	0.00106022
39	10	0.00128594
39	11	0.00121619
39	12	0.000793122
39	13	0.000827493
39	14	0.000804314
39	15	0.00150189
39	16	0.00120609
39	17	0.0012603
39	18	0.00114786
39	19	0.00142736
39	20	0.000857273
39	21	0.00106326
39	22	0.000962932
39	23	0.000776053
39	24	0.00106338
39	25	0.000883005
39	26	0.133464
39	27	0.00117738
39	28	8.15011e-17
39	29	0.00150713
39	30	0.000812511
39	31	0.000784716
39	32	0.000864884
39	33	0.00103024
39	34	0.00103926
39	35	0.000916079
39	36	0.000986952
39	37	0.00115413
39	38	0.000810877
39	39	0.000776634
39	40	0.00161384
39	41	0.000852523
39	42	0.00130685
39	43	0.000868241
39	44	0.00323794
40	0	0.00139028
40	1	0.00137666
40	2	0.00146815
40	3	0.00178501
40	4	0.0015631
40	5	0.00162451
40	6	0.0013895
40	7	0.00161538
40	8	0.00269555
40	9	0.00165613
40	10	0.00188185
40	11	0.0018121
40	12	0.00138904
40	13	0.00142341
40	14	0.00140023
40	15	0.00209781
40	16	0.001802
40	17	0.00185621
40	18	0.00174378
40	19	0.00202328
40	20	0.00145319
40	21	0.00165917
40	22	0.00155885
40	23	0.00137197
40	24	0.00165929
40	25	1.88101e-16
40	26	0.13406
40	27	0.0017733
40	28	9.42027e-17
40	29	0.00210304
40	30	0.00140842
40	31	0.00138063
40	32	0.0014608
40	33	0.00162616
40	34	0.00163518
40	35	0.00151199
40	36	0.00158287
40	37	0.00175005
40	38	0.00140679
40	39	0.00137255
40	40	0.00220976
40	41	0.00144844
40	42	0.00190276
40	43	0.00146415
40	44	0.00383385
41	0	0.000650419
41	1	0.000636804
41	2	0.000728293
41	3	0.00104515
41	4	0.000823245
41	5	0.000884656
41	6	0.000649641
41	7	0.000875521
41	8	0.00195569
41	9	0.000916273
41	10	0.00114199
41	11	0.00107225
41	12	0.000649178
41	13	0.000683549
41	14	0.00066037
41	15	0.00135795
41	16	0.00106214
41	17	0.00111636
41	18	0.00100392
41	19	0.00128342
41	20	0.000713329
41	21	0.000919314
41	22	0.000818988
41	23	0.000632109
41	24	0.000919437
41	25	1.55553e-16
41	26	0.13332
41	27	0.00103344
41	28	1.1783e-16
41	29	0.00136319
41	30	0.000668567
41	31	0.000640772
41	32	0.00072094
41	33	0.000886299
41	34	0.00089532
41	35	0.000772135
41	36	0.000843008
41	37	0.00101019
41	38	0.000666933
41	39	0.00063269
41	40	0.0014699
41	41	0.000708579
41	42	0.00116291
41	43	0.000724297
41	44	0.00309399
42	0	0.000963692
42	1	0.000950077
42	2	0.00104157
42	3	0.00135842
42	4	0.00113652
42	5	0.00119793
42	6	0.000962913
42	7	0.00118879
42	8	0.00226897
42	9	0.00122955
42	10	0.00145527
42	11	0.00138552
42	12	0.000962451
42	13	0.000996822
42	14	0.000973643
42	15	0.00167122
42	16	0.00137542
42	17	0.00142963
42	18	0.00131719
42	19	0.00159669
42	20	8.56394e-17
42	21	0.00123259
42	22	0.00113226
42	23	0.000945382
42	24	0.00123271
42	25	0.00105233
42	26	0.133634
42	27	0.00134671
42	28	3.16424e-17
42	29	0.00167646
42	30	0.00098184
42	31	0.000954045
42	32	0.00103421
42	33	0.00119957
42	34	0.00120859
42	35	0.00108541
42	36	0.00115628
42	37	0.00132346
42	38	0.000980206
42	39	0.000945962
42	40	0.00178317
42	41	0.00102185
42	42	0.00147618
42	43	0.00103757
42	44	0.00340726
43	0	0.000780196
43	1	0.000766581
43	2	0.00085807
43	3	0.00117493
43	4	0.000953022
43	5	0.00101443
43	6	0.000779418
43	7	0.0010053
43	8	0.00208547
43	9	0.00104605
43	10	0.00127177
43	11	0.00120202
43	12	0.000778955
43	13	0.000813326
43	14	0.000790147
43	15	0.00148773
43	16	0.00119192
43	17	0.00124613
43	18	0.0011337
43	19	0.0014132
43	20	0.000843106
43	21	0.00104909
43	22	0.000948765
43	23	0.000761886
43	24	0.00104921
43	25	5.92793e-17
43	26	0.13345
43	27	0.00116322
43	28	1.05318e-16
43	29	0.00149296
43	30	0.000798344
43	31	0.000770549
43	32	0.000850717
43	33	0.00101608
43	34	0.0010251
43	35	0.000901912
43	36	0.000972785
43	37	0.00113997
43	38	0.00079671
43	39	0.000762467
43	40	0.00159967
43	41	0.000838356
43	42	0.00129268
43	43	0.000854074
43	44	0.00322377
44	0	0.00240461
44	1	0.002391
44	2	0.00248249
44	3	0.00279934
44	4	0.00257744
44	5	0.00263885
44	6	0.00240383
44	7	0.00262971
44	8	0.00370989
44	9	0.00267047
44	10	0.00289619
44	11	0.00282644
44	12	0.00240337
44	13	0.00243774
44	14	0.00241456
44	15	0.00311214
44	16	0.00281634
44	17	0.00287055
44	18	0.00275811
44	19	0.00303761
44	20	1.02099e-16
44	21	0.00267351
44	22	0.00257318
44	23	1.07548e-16
44	24	0.00267363
44	25	7.83989e-17
44	26	0.135074
44	27	0.00278763
44	28	4.85915e-17
44	29	0.00311738
44	30	0.00242276
44	31	0.00239496
44	32	0.00247513
44	33	0.00264049
44	34	0.00264951
44	35	0.00252633
44	36	0.0025972
44	37	0.00276438
44	38	0.00242113
44	39	0.00238688
44	40	0.00322409
44	41	0.00246277
44	42	0.0029171
44	43	0.00247849
44	44	0.00484819
