0	0	0.00223651
0	1	0.00292124
0	2	0.00239269
0	3	0.00217907
0	4	0.00215324
0	5	0.0022448
0	6	0.00366454
0	7	0.00320412
0	8	0.00308075
0	9	0.00234996
0	10	0.00300528
0	11	0.00215536
0	12	0.0028802
0	13	0.00447777
0	14	0.00245663
0	15	0.00248924
0	16	0.00242153
0	17	0.00253552
0	18	0.00215832
0	19	0.00239029
0	20	0.00527665
0	21	0.00227409
0	22	0.00263973
0	23	0.00337683
0	24	0.00318374
0	25	0.00256071
0	26	0.00275638
0	27	0.00263942
0	28	0.00351153
0	29	0.00371733
0	30	0.00278755
0	31	0.00290761
0	32	0.110218
0	33	0.00293933
0	34	1.79541e-16
0	35	0.00242764
0	36	0.00253396
0	37	0.00312676
0	38	0.00215533
0	39	0.00275496
0	40	0.00231166
0	41	0.00348234
0	42	1.6931e-16
0	43	0.00318242
0	44	0.00277264
0	45	0.0034674
0	46	0.00493271
0	47	0.00299104
0	48	0.00288626
0	49	0.00215528
0	50	0.0032248
0	51	0.00306506
0	52	0.00225609
0	53	0.00319917
0	54	0.00215461
0	55	0.00220717
0	56	0.00444723
0	57	0.00246821
0	58	0.00405497
0	59	0.00288214
0	60	0.00271769
0	61	3.43709e-18
0	62	1.23873e-17
1	0	0.00301117
1	1	0.0036959
1	2	0.00316735
1	3	0.00295374
1	4	0.0029279
1	5	0.00301946
1	6	0.0044392
1	7	0.00397878
1	8	0.00385541
1	9	0.00312462
1	10	0.00377995
1	11	2.26089e-17
1	12	0.00365486
1	13	0.00525243
1	14	0.00323129
1	15	0.0032639
1	16	0.00319619
1	17	0.00331018
1	18	0.00293298
1	19	0.00316495
1	20	0.00605131
1	21	0.00304875
1	22	0.00341439
1	23	0.00415149
1	24	0.0039584
1	25	0.00333537
1	26	0.00353105
1	27	0.00341408
1	28	0.00428619
1	29	0.00449199
1	30	0.00356221
1	31	0.00368227
1	32	0.110992
1	33	0.003714
1	34	2.59673e-16
1	35	0.0032023
1	36	0.00330862
1	37	0.00390142
1	38	0.00292999
1	39	0.00352962
1	40	0.00308633
1	41	0.004257
1	42	0.00299818
1	43	0.00395708
1	44	0.0035473
1	45	0.00424206
1	46	0.00570737
1	47	0.0037657
1	48	0.00366092
1	49	4.14883e-17
1	50	0.00399946
1	51	0.00383972
1	52	0.00303075
1	53	0.00397383
1	54	0.00292927
1	55	0.00298184
1	56	0.00522189
1	57	0.00324287
1	58	0.00482963
1	59	0.00365681
1	60	0.00349235
1	61	0.00292791
1	62	1.59518e-16
2	0	0.00330321
2	1	0.00398794
2	2	0.00345939
2	3	0.00324577
2	4	0.00321994
2	5	0.0033115
2	6	0.00473124
2	7	0.00427082
2	8	0.00414745
2	9	0.00341666
2	10	0.00407198
2	11	2.67901e-16
2	12	0.0039469
2	13	0.00554447
2	14	0.00352333
2	15	0.00355594
2	16	0.00348823
2	17	0.00360222
2	18	0.00322502
2	19	0.00345699
2	20	0.00634335
2	21	0.00334079
2	22	0.00370643
2	23	0.00444353
2	24	0.00425044
2	25	0.00362741
2	26	0.00382308
2	27	0.00370612
2	28	0.00457823
2	29	0.00478403
2	30	0.00385425
2	31	0.00397431
2	32	0.111284
2	33	0.00400603
2	34	1.91708e-16
2	35	0.00349434
2	36	0.00360066
2	37	0.00419346
2	38	0.00322203
2	39	0.00382166
2	40	0.00337836
2	41	0.00454904
2	42	0.00329022
2	43	0.00424912
2	44	0.00383934
2	45	0.0045341
2	46	0.00599941
2	47	0.00405774
2	48	0.00395296
2	49	1.02381e-16
2	50	0.0042915
2	51	0.00413176
2	52	0.00332279
2	53	0.00426587
2	54	0.00322131
2	55	0.00327387
2	56	0.00551393
2	57	0.00353491
2	58	0.00512167
2	59	0.00394884
2	60	0.00378439
2	61	0.00321995
2	62	1.89919e-16
3	0	0.00176431
3	1	0.00244903
3	2	0.00192048
3	3	0.00170687
3	4	2.41398e-16
3	5	0.0017726
3	6	0.00319233
3	7	0.00273191
3	8	0.00260854
3	9	4.61038e-17
3	10	2.46795e-16
3	11	1.43631e-16
3	12	0.00240799
3	13	0.00400556
3	14	3.45515e-16
3	15	0.00201704
3	16	0.00194932
3	17	0.00206331
3	18	1.09684e-17
3	19	3.0149e-16
3	20	0.00480444
3	21	0.00180188
3	22	2.86294e-16
3	23	4.55823e-17
3	24	1.747e-16
3	25	2.80736e-16
3	26	1.63944e-16
3	27	0.00216721
3	28	0.00303932
3	29	0.00324512
3	30	0.00231534
3	31	2.93365e-16
3	32	0.109745
3	33	2.78889e-17
3	34	3.30473e-16
3	35	1.62265e-16
3	36	0.00206175
3	37	0.00265455
3	38	1.38426e-16
3	39	2.28438e-16
3	40	0.00183946
3	41	0.00301014
3	42	2.96509e-16
3	43	3.34126e-17
3	44	2.74363e-16
3	45	0.00299519
3	46	0.0044605
3	47	0.00251884
3	48	0.00241405
3	49	1.40086e-16
3	50	0.00275259
3	51	0.00259285
3	52	0.00178388
3	53	0.00272696
3	54	2.33132e-16
3	55	1.02528e-16
3	56	0.00397502
3	57	0.001996
3	58	0.00358276
3	59	9.92076e-17
3	60	0.00224548
3	61	3.79706e-16
3	62	3.79485e-16
4	0	0.00071551
4	1	0.00140024
4	2	1.37457e-16
4	3	0.000658071
4	4	0.000632235
4	5	0.0007238
4	6	0.00214354
4	7	0.00168311
4	8	0.00155975
4	9	0.000828958
4	10	0.00148428
4	11	3.17903e-16
4	12	0.00135919
4	13	0.00295676
4	14	0.000935622
4	15	2.17761e-16
4	16	0.000900525
4	17	0.00101452
4	18	3.43794e-16
4	19	0.000869286
4	20	0.00375565
4	21	0.000753083
4	22	0.00111872
4	23	1.64197e-16
4	24	0.00166273
4	25	0.00103971
4	26	0.00123538
4	27	0.00111841
4	28	2.32638e-16
4	29	0.00219633
4	30	0.00126655
4	31	0.00138661
4	32	0.108697
4	33	0.00141833
4	34	2.76435e-16
4	35	7.74419e-17
4	36	0.00101296
4	37	2.45622e-16
4	38	2.49532e-16
4	39	2.60265e-16
4	40	0.000790661
4	41	0.00196134
4	42	0.000702515
4	43	0.00166142
4	44	0.00125164
4	45	0.00194639
4	46	0.00341171
4	47	0.00147004
4	48	0.00136526
4	49	1.92322e-16
4	50	0.00170379
4	51	0.00154406
4	52	3.37339e-16
4	53	0.00167817
4	54	2.07565e-16
4	55	0.000686172
4	56	0.00292622
4	57	2.9092e-16
4	58	0.00253397
4	59	0.00136114
4	60	0.00119669
4	61	6.68864e-17
4	62	1.29506e-16
5	0	0.00138903
5	1	0.00207376
5	2	0.00154521
5	3	0.00133159
5	4	0.00130576
5	5	0.00139732
5	6	0.00281706
5	7	0.00235664
5	8	0.00223327
5	9	0.00150248
5	10	0.0021578
5	11	0.00130788
5	12	0.00203272
5	13	0.00363029
5	14	0.00160915
5	15	0.00164176
5	16	0.00157405
5	17	0.00168804
5	18	0.00131084
5	19	0.00154281
5	20	0.00442917
5	21	0.00142661
5	22	0.00179225
5	23	0.00252935
5	24	0.00233626
5	25	0.00171323
5	26	0.0019089
5	27	0.00179194
5	28	0.00266405
5	29	0.00286985
5	30	0.00194007
5	31	0.00206013
5	32	0.10937
5	33	0.00209185
5	34	3.00716e-17
5	35	0.00158016
5	36	0.00168648
5	37	0.00227928
5	38	0.00130785
5	39	0.00190748
5	40	0.00146418
5	41	0.00263486
5	42	0.00137604
5	43	0.00233494
5	44	0.00192516
5	45	0.00261992
5	46	0.00408523
5	47	0.00214356
5	48	0.00203878
5	49	0.0013078
5	50	0.00237732
5	51	0.00221758
5	52	0.00140861
5	53	0.00235169
5	54	0.00130713
5	55	0.00135969
5	56	0.00359975
5	57	0.00162073
5	58	0.00320749
5	59	0.00203466
5	60	0.00187021
5	61	0.00130577
5	62	4.81608e-17
6	0	0.00402013
6	1	0.00470485
6	2	0.0041763
6	3	0.00396269
6	4	0.00393685
6	5	0.00402842
6	6	0.00544815
6	7	0.00498773
6	8	0.00486436
6	9	0.00413357
6	10	0.0047889
6	11	0.00393897
6	12	0.00466381
6	13	0.00626138
6	14	0.00424024
6	15	0.00427286
6	16	0.00420514
6	17	0.00431913
6	18	0.00394193
6	19	0.0041739
6	20	0.00706026
6	21	0.0040577
6	22	0.00442334
6	23	0.00516044
6	24	0.00496735
6	25	0.00434432
6	26	0.00454
6	27	0.00442303
6	28	0.00529514
6	29	0.00550094
6	30	0.00457116
6	31	0.00469122
6	32	0.112001
6	33	0.00472295
6	34	1.59335e-17
6	35	0.00421125
6	36	0.00431757
6	37	0.00491037
6	38	0.00393895
6	39	0.00453857
6	40	0.00409528
6	41	0.00526595
6	42	0.00400713
6	43	0.00496603
6	44	0.00455625
6	45	0.00525101
6	46	0.00671632
6	47	0.00477466
6	48	0.00466987
6	49	2.53629e-16
6	50	0.00500841
6	51	0.00484867
6	52	0.0040397
6	53	0.00498278
6	54	0.00393822
6	55	0.00399079
6	56	0.00623084
6	57	0.00425182
6	58	0.00583858
6	59	0.00466576
6	60	0.0045013
6	61	0.00393686
6	62	0.00451376
7	0	0.00286486
7	1	0.00354959
7	2	0.00302104
7	3	0.00280742
7	4	0.00278159
7	5	0.00287315
7	6	0.00429289
7	7	0.00383247
7	8	0.0037091
7	9	0.00297831
7	10	0.00363363
7	11	0.00278371
7	12	0.00350855
7	13	0.00510612
7	14	0.00308497
7	15	0.00311759
7	16	0.00304988
7	17	0.00316387
7	18	0.00278667
7	19	0.00301864
7	20	0.005905
7	21	0.00290244
7	22	0.00326808
7	23	0.00400518
7	24	0.00381209
7	25	0.00318906
7	26	0.00338473
7	27	0.00326777
7	28	0.00413988
7	29	0.00434568
7	30	0.0034159
7	31	0.00353596
7	32	0.110846
7	33	0.00356768
7	34	5.1791e-17
7	35	0.00305599
7	36	0.00316231
7	37	0.00375511
7	38	0.00278368
7	39	0.00338331
7	40	0.00294001
7	41	0.00411069
7	42	0.00285187
7	43	0.00381077
7	44	0.00340099
7	45	0.00409574
7	46	0.00556106
7	47	0.00361939
7	48	0.00351461
7	49	0.00278362
7	50	0.00385315
7	51	0.00369341
7	52	0.00288444
7	53	0.00382752
7	54	0.00278296
7	55	0.00283552
7	56	0.00507558
7	57	0.00309656
7	58	0.00468332
7	59	0.00351049
7	60	0.00334604
7	61	0.0027816
7	62	2.02387e-16
8	0	0.00318267
8	1	0.0038674
8	2	0.00333885
8	3	0.00312523
8	4	0.0030994
8	5	0.00319096
8	6	0.0046107
8	7	0.00415027
8	8	0.00402691
8	9	0.00329612
8	10	0.00395144
8	11	0.00310152
8	12	0.00382635
8	13	0.00542393
8	14	0.00340278
8	15	0.0034354
8	16	0.00336769
8	17	0.00348168
8	18	0.00310448
8	19	0.00333645
8	20	0.00622281
8	21	0.00322024
8	22	0.00358588
8	23	0.00432299
8	24	0.00412989
8	25	0.00350687
8	26	0.00370254
8	27	0.00358557
8	28	0.00445769
8	29	0.00466349
8	30	0.00373371
8	31	0.00385377
8	32	0.111164
8	33	0.00388549
8	34	2.00202e-17
8	35	0.0033738
8	36	0.00348012
8	37	0.00407292
8	38	0.00310149
8	39	0.00370112
8	40	0.00325782
8	41	0.0044285
8	42	0.00316968
8	43	0.00412858
8	44	0.0037188
8	45	0.00441355
8	46	0.00587887
8	47	0.0039372
8	48	0.00383242
8	49	3.30975e-16
8	50	0.00417095
8	51	0.00401122
8	52	0.00320224
8	53	0.00414533
8	54	0.00310077
8	55	0.00315333
8	56	0.00539339
8	57	0.00341436
8	58	0.00500113
8	59	0.0038283
8	60	0.00366385
8	61	0.00309941
8	62	0.0036763
9	0	0.00180498
9	1	0.00248971
9	2	0.00196116
9	3	0.00174754
9	4	0.00172171
9	5	0.00181327
9	6	0.00323301
9	7	0.00277258
9	8	0.00264922
9	9	0.00191843
9	10	0.00257375
9	11	0.00172383
9	12	0.00244866
9	13	0.00404624
9	14	0.00202509
9	15	0.00205771
9	16	0.00199
9	17	0.00210399
9	18	0.00172679
9	19	0.00195876
9	20	0.00484512
9	21	0.00184255
9	22	0.00220819
9	23	0.0029453
9	24	0.00275221
9	25	0.00212918
9	26	0.00232485
9	27	0.00220788
9	28	0.00308
9	29	0.0032858
9	30	0.00235602
9	31	0.00247608
9	32	0.109786
9	33	0.0025078
9	34	3.48619e-16
9	35	0.00199611
9	36	0.00210243
9	37	0.00269523
9	38	0.0017238
9	39	0.00232343
9	40	0.00188013
9	41	0.00305081
9	42	0.00179199
9	43	0.00275089
9	44	0.00234111
9	45	0.00303586
9	46	0.00450118
9	47	0.00255951
9	48	0.00245473
9	49	0.00172374
9	50	0.00279326
9	51	0.00263353
9	52	0.00182456
9	53	0.00276764
9	54	0.00172308
9	55	0.00177564
9	56	0.0040157
9	57	0.00203667
9	58	0.00362344
9	59	0.00245061
9	60	0.00228616
9	61	0.00172172
9	62	0.00229861
10	0	0.00308032
10	1	0.00376504
10	2	0.00323649
10	3	0.00302288
10	4	0.00299704
10	5	0.00308861
10	6	0.00450834
10	7	0.00404792
10	8	0.00392455
10	9	0.00319376
10	10	0.00384909
10	11	1.06053e-16
10	12	0.003724
10	13	0.00532157
10	14	0.00330043
10	15	0.00333305
10	16	0.00326533
10	17	0.00337932
10	18	0.00300212
10	19	0.00323409
10	20	0.00612045
10	21	0.00311789
10	22	0.00348353
10	23	0.00422063
10	24	0.00402754
10	25	0.00340451
10	26	0.00360019
10	27	0.00348322
10	28	0.00435533
10	29	0.00456113
10	30	0.00363135
10	31	0.00375141
10	32	0.111061
10	33	0.00378314
10	34	3.62766e-16
10	35	0.00327144
10	36	0.00337776
10	37	0.00397056
10	38	0.00299913
10	39	0.00359876
10	40	0.00315547
10	41	0.00432614
10	42	0.00306732
10	43	0.00402622
10	44	0.00361644
10	45	0.0043112
10	46	0.00577651
10	47	0.00383485
10	48	0.00373006
10	49	0.00299908
10	50	0.0040686
10	51	0.00390886
10	52	0.00309989
10	53	0.00404297
10	54	4.53909e-18
10	55	0.00305098
10	56	0.00529103
10	57	0.00331201
10	58	0.00489877
10	59	0.00372595
10	60	0.00356149
10	61	2.57406e-16
10	62	3.61968e-16
11	0	0.00282493
11	1	1.72433e-16
11	2	2.38989e-17
11	3	1.50944e-16
11	4	0.00274166
11	5	0.00283322
11	6	0.00425296
11	7	8.4151e-17
11	8	0.00366917
11	9	3.70606e-18
11	10	0.0035937
11	11	0.00274378
11	12	4.46224e-17
11	13	0.00506619
11	14	1.72929e-18
11	15	1.75882e-16
11	16	3.5604e-16
11	17	0.00312394
11	18	1.67723e-17
11	19	1.3629e-16
11	20	3.53395e-16
11	21	0.0028625
11	22	2.9877e-16
11	23	8.89741e-17
11	24	3.93962e-17
11	25	7.38904e-17
11	26	0.0033448
11	27	3.30765e-16
11	28	0.00409995
11	29	0.00430575
11	30	1.01234e-17
11	31	0.00349603
11	32	0.110806
11	33	7.03042e-17
11	34	9.99605e-18
11	35	1.53672e-17
11	36	0.00312238
11	37	2.59988e-17
11	38	1.6979e-16
11	39	8.02228e-17
11	40	1.67238e-16
11	41	0.00407076
11	42	2.31766e-17
11	43	0.00377084
11	44	2.01149e-16
11	45	0.00405581
11	46	7.40764e-17
11	47	0.00357946
11	48	3.19617e-16
11	49	1.3803e-16
11	50	2.44176e-16
11	51	0.00365348
11	52	2.0507e-16
11	53	0.00378759
11	54	3.03719e-16
11	55	1.88952e-16
11	56	1.15182e-16
11	57	3.76486e-16
11	58	0.00464339
11	59	0.00347056
11	60	2.72847e-16
11	61	1.68126e-16
11	62	3.43959e-16
12	0	0.00227159
12	1	0.00295632
12	2	0.00242777
12	3	0.00221415
12	4	0.00218832
12	5	0.00227988
12	6	0.00369962
12	7	0.0032392
12	8	0.00311583
12	9	0.00238504
12	10	0.00304036
12	11	1.95852e-16
12	12	0.00291528
12	13	0.00451285
12	14	0.0024917
12	15	0.00252432
12	16	0.00245661
12	17	0.0025706
12	18	0.0021934
12	19	0.00242537
12	20	0.00531173
12	21	0.00230917
12	22	0.00267481
12	23	0.00341191
12	24	0.00321882
12	25	0.00259579
12	26	0.00279146
12	27	0.0026745
12	28	0.00354661
12	29	0.00375241
12	30	0.00282263
12	31	0.00294269
12	32	0.110253
12	33	0.00297441
12	34	1.45717e-16
12	35	0.00246272
12	36	0.00256904
12	37	0.00316184
12	38	0.00219041
12	39	0.00279004
12	40	0.00234674
12	41	0.00351742
12	42	0.0022586
12	43	0.0032175
12	44	0.00280772
12	45	0.00350247
12	46	0.00496779
12	47	0.00302612
12	48	0.00292134
12	49	6.60275e-17
12	50	0.00325988
12	51	0.00310014
12	52	0.00229117
12	53	0.00323425
12	54	6.08077e-17
12	55	0.00224225
12	56	0.00448231
12	57	0.00250329
12	58	0.00409005
12	59	0.00291722
12	60	0.00275277
12	61	1.66321e-16
12	62	0.00276523
13	0	0.00366088
13	1	0.00434561
13	2	0.00381706
13	3	0.00360344
13	4	0.00357761
13	5	0.00366917
13	6	0.00508891
13	7	0.00462849
13	8	0.00450512
13	9	0.00377433
13	10	0.00442966
13	11	0.00357973
13	12	0.00430457
13	13	0.00590214
13	14	0.003881
13	15	0.00391361
13	16	0.0038459
13	17	0.00395989
13	18	0.00358269
13	19	0.00381466
13	20	0.00670102
13	21	0.00369846
13	22	0.0040641
13	23	0.0048012
13	24	0.00460811
13	25	0.00398508
13	26	0.00418076
13	27	0.00406379
13	28	0.0049359
13	29	0.0051417
13	30	0.00421192
13	31	0.00433198
13	32	0.111642
13	33	0.0043637
13	34	2.23757e-16
13	35	0.00385201
13	36	0.00395833
13	37	0.00455113
13	38	0.0035797
13	39	0.00417933
13	40	0.00373604
13	41	0.00490671
13	42	0.00364789
13	43	0.00460679
13	44	0.00419701
13	45	0.00489177
13	46	0.00635708
13	47	0.00441541
13	48	0.00431063
13	49	1.9883e-16
13	50	0.00464917
13	51	0.00448943
13	52	0.00368046
13	53	0.00462354
13	54	0.00357898
13	55	0.00363155
13	56	0.0058716
13	57	0.00389258
13	58	0.00547934
13	59	0.00430652
13	60	0.00414206
13	61	8.9468e-17
13	62	0.00415452
14	0	0.00212266
14	1	0.00280738
14	2	0.00227883
14	3	0.00206522
14	4	0.00203938
14	5	0.00213095
14	6	0.00355069
14	7	0.00309026
14	8	0.00296689
14	9	0.00223611
14	10	0.00289143
14	11	1.53767e-17
14	12	0.00276634
14	13	0.00436391
14	14	0.00234277
14	15	0.00237539
14	16	0.00230767
14	17	0.00242167
14	18	8.40165e-17
14	19	0.00227643
14	20	0.00516279
14	21	0.00216023
14	22	0.00252587
14	23	0.00326297
14	24	0.00306988
14	25	0.00244685
14	26	0.00264253
14	27	0.00252556
14	28	0.00339767
14	29	0.00360347
14	30	0.0026737
14	31	0.00279376
14	32	0.110104
14	33	0.00282548
14	34	1.58858e-16
14	35	0.00231378
14	36	0.0024201
14	37	0.0030129
14	38	3.43176e-16
14	39	0.00264111
14	40	0.00219781
14	41	0.00336849
14	42	0.00210966
14	43	0.00306856
14	44	0.00265879
14	45	0.00335354
14	46	0.00481886
14	47	0.00287719
14	48	0.0027724
14	49	1.3637e-16
14	50	0.00311094
14	51	0.0029512
14	52	0.00214223
14	53	0.00308532
14	54	2.65981e-17
14	55	0.00209332
14	56	0.00433337
14	57	0.00235435
14	58	0.00394112
14	59	0.00276829
14	60	0.00260383
14	61	5.8871e-17
14	62	2.58069e-16
15	0	0.00185994
15	1	0.00254466
15	2	0.00201611
15	3	0.0018025
15	4	0.00177666
15	5	0.00186823
15	6	0.00328797
15	7	0.00282754
15	8	0.00270417
15	9	0.00197339
15	10	0.00262871
15	11	4.19322e-17
15	12	0.00250362
15	13	0.00410119
15	14	0.00208005
15	15	0.00211267
15	16	0.00204495
15	17	0.00215894
15	18	0.00178174
15	19	0.00201371
15	20	0.00490007
15	21	0.00189751
15	22	0.00226315
15	23	0.00300025
15	24	0.00280716
15	25	0.00218413
15	26	0.00237981
15	27	0.00226284
15	28	0.00313495
15	29	0.00334075
15	30	0.00241098
15	31	0.00253104
15	32	0.109841
15	33	0.00256276
15	34	1.08703e-16
15	35	0.00205106
15	36	0.00215738
15	37	0.00275018
15	38	0.00177876
15	39	0.00237839
15	40	0.00193509
15	41	0.00310577
15	42	0.00184694
15	43	0.00280584
15	44	0.00239607
15	45	0.00309082
15	46	0.00455614
15	47	0.00261447
15	48	0.00250968
15	49	1.98996e-17
15	50	0.00284822
15	51	0.00268848
15	52	0.00187951
15	53	0.0028226
15	54	1.95224e-16
15	55	0.0018306
15	56	0.00407065
15	57	0.00209163
15	58	0.0036784
15	59	0.00250557
15	60	0.00234111
15	61	0.00177668
15	62	0.00235357
16	0	0.00144245
16	1	0.00212718
16	2	0.00159863
16	3	0.00138501
16	4	0.00135918
16	5	0.00145074
16	6	0.00287048
16	7	0.00241005
16	8	0.00228669
16	9	0.0015559
16	10	0.00221122
16	11	3.45603e-17
16	12	0.00208613
16	13	0.00368371
16	14	0.00166256
16	15	0.00169518
16	16	0.00162747
16	17	0.00174146
16	18	0.00136426
16	19	0.00159623
16	20	0.00448259
16	21	0.00148002
16	22	0.00184566
16	23	0.00258277
16	24	0.00238967
16	25	0.00176665
16	26	0.00196232
16	27	0.00184535
16	28	0.00271747
16	29	0.00292327
16	30	0.00199349
16	31	0.00211355
16	32	0.109424
16	33	0.00214527
16	34	1.43383e-16
16	35	0.00163358
16	36	0.0017399
16	37	0.0023327
16	38	0.00136127
16	39	0.0019609
16	40	0.0015176
16	41	0.00268828
16	42	0.00142946
16	43	0.00238836
16	44	0.00197858
16	45	0.00267333
16	46	0.00413865
16	47	0.00219698
16	48	0.0020922
16	49	0.00136121
16	50	0.00243073
16	51	0.002271
16	52	0.00146202
16	53	0.00240511
16	54	2.46765e-16
16	55	0.00141311
16	56	0.00365317
16	57	0.00167414
16	58	0.00326091
16	59	0.00208808
16	60	0.00192363
16	61	0.00135919
16	62	1.69038e-16
17	0	0.0023617
17	1	0.00304643
17	2	0.00251788
17	3	0.00230426
17	4	0.00227843
17	5	0.00236999
17	6	0.00378973
17	7	0.00332931
17	8	0.00320594
17	9	0.00247515
17	10	0.00313047
17	11	0.00228055
17	12	0.00300539
17	13	0.00460296
17	14	0.00258182
17	15	0.00261443
17	16	0.00254672
17	17	0.00266071
17	18	0.00228351
17	19	0.00251548
17	20	0.00540184
17	21	0.00239928
17	22	0.00276492
17	23	0.00350202
17	24	0.00330893
17	25	0.0026859
17	26	0.00288157
17	27	0.00276461
17	28	0.00363672
17	29	0.00384252
17	30	0.00291274
17	31	0.0030328
17	32	0.110343
17	33	0.00306452
17	34	2.50823e-16
17	35	0.00255283
17	36	0.00265915
17	37	0.00325195
17	38	0.00228052
17	39	0.00288015
17	40	0.00243685
17	41	0.00360753
17	42	0.00234871
17	43	0.00330761
17	44	0.00289783
17	45	0.00359259
17	46	0.0050579
17	47	0.00311623
17	48	0.00301145
17	49	0.00228046
17	50	0.00334999
17	51	0.00319025
17	52	0.00238128
17	53	0.00332436
17	54	0.0022798
17	55	0.00233236
17	56	0.00457242
17	57	0.0025934
17	58	0.00418016
17	59	0.00300733
17	60	0.00284288
17	61	0.00227844
17	62	0.00285534
18	0	0.00172799
18	1	0.00241271
18	2	0.00188416
18	3	0.00167055
18	4	0.00164471
18	5	0.00173628
18	6	0.00315602
18	7	0.00269559
18	8	0.00257223
18	9	0.00184144
18	10	0.00249676
18	11	1.28245e-16
18	12	0.00237167
18	13	0.00396924
18	14	0.0019481
18	15	0.00198072
18	16	0.001913
18	17	0.002027
18	18	0.0016498
18	19	0.00188177
18	20	0.00476812
18	21	0.00176556
18	22	0.0021312
18	23	0.00286831
18	24	0.00267521
18	25	0.00205219
18	26	0.00224786
18	27	0.00213089
18	28	0.00300301
18	29	0.00320881
18	30	0.00227903
18	31	0.00239909
18	32	0.109709
18	33	0.00243081
18	34	1.66068e-16
18	35	0.00191912
18	36	0.00202543
18	37	0.00261824
18	38	0.00164681
18	39	0.00224644
18	40	0.00180314
18	41	0.00297382
18	42	0.00171499
18	43	0.0026739
18	44	0.00226412
18	45	0.00295887
18	46	0.00442419
18	47	0.00248252
18	48	0.00237773
18	49	0.00164675
18	50	0.00271627
18	51	0.00255654
18	52	0.00174756
18	53	0.00269065
18	54	0.00164609
18	55	0.00169865
18	56	0.0039387
18	57	0.00195968
18	58	0.00354645
18	59	0.00237362
18	60	0.00220917
18	61	0.00164473
18	62	2.3507e-16
19	0	0.00172658
19	1	0.00241131
19	2	0.00188276
19	3	0.00166914
19	4	0.00164331
19	5	0.00173487
19	6	0.00315461
19	7	0.00269418
19	8	0.00257082
19	9	0.00184003
19	10	0.00249535
19	11	3.69753e-16
19	12	0.00237026
19	13	0.00396784
19	14	0.00194669
19	15	0.00197931
19	16	0.0019116
19	17	0.00202559
19	18	0.00164839
19	19	0.00188036
19	20	0.00476672
19	21	0.00176415
19	22	0.00212979
19	23	0.0028669
19	24	0.00267381
19	25	0.00205078
19	26	0.00224645
19	27	0.00212948
19	28	0.0030016
19	29	0.0032074
19	30	0.00227762
19	31	0.00239768
19	32	0.109708
19	33	0.0024294
19	34	8.32159e-17
19	35	0.00191771
19	36	0.00202403
19	37	0.00261683
19	38	0.0016454
19	39	0.00224503
19	40	0.00180173
19	41	0.00297241
19	42	0.00171359
19	43	0.00267249
19	44	0.00226271
19	45	0.00295746
19	46	0.00442278
19	47	0.00248111
19	48	0.00237633
19	49	0.00164534
19	50	0.00271486
19	51	0.00255513
19	52	0.00174615
19	53	0.00268924
19	54	0.00164468
19	55	0.00169724
19	56	0.0039373
19	57	0.00195827
19	58	0.00354504
19	59	0.00237221
19	60	0.00220776
19	61	0.00164332
19	62	0.00222021
20	0	0.00527211
20	1	0.00595683
20	2	0.00542828
20	3	0.00521467
20	4	0.00518883
20	5	0.0052804
20	6	0.00670014
20	7	0.00623971
20	8	0.00611634
20	9	0.00538556
20	10	0.00604088
20	11	1.33789e-17
20	12	0.00591579
20	13	0.00751336
20	14	3.69385e-16
20	15	0.00552484
20	16	0.00545712
20	17	0.00557111
20	18	0.00519391
20	19	0.00542588
20	20	0.00831224
20	21	0.00530968
20	22	0.00567532
20	23	0.00641242
20	24	0.00621933
20	25	0.0055963
20	26	0.00579198
20	27	0.00567501
20	28	0.00654712
20	29	0.00675292
20	30	0.00582315
20	31	0.00594321
20	32	0.113253
20	33	0.00597493
20	34	9.71633e-17
20	35	0.00546323
20	36	0.00556955
20	37	0.00616235
20	38	0.00519093
20	39	0.00579056
20	40	0.00534726
20	41	0.00651794
20	42	0.00525911
20	43	0.00621801
20	44	0.00580824
20	45	0.00650299
20	46	0.00796831
20	47	0.00602664
20	48	0.00592185
20	49	0.00519087
20	50	0.00626039
20	51	0.00610065
20	52	0.00529168
20	53	0.00623477
20	54	0.0051902
20	55	0.00524277
20	56	0.00748282
20	57	0.0055038
20	58	0.00709057
20	59	0.00591774
20	60	0.00575328
20	61	1.04589e-17
20	62	1.88347e-16
21	0	0.00203141
21	1	0.00271614
21	2	0.00218759
21	3	0.00197397
21	4	0.00194814
21	5	0.0020397
21	6	0.00345944
21	7	0.00299901
21	8	0.00287565
21	9	0.00214486
21	10	0.00280018
21	11	0.00195026
21	12	0.0026751
21	13	0.00427267
21	14	0.00225152
21	15	0.00228414
21	16	0.00221643
21	17	0.00233042
21	18	0.00195322
21	19	0.00218519
21	20	0.00507155
21	21	0.00206898
21	22	0.00243462
21	23	0.00317173
21	24	0.00297864
21	25	0.00235561
21	26	0.00255128
21	27	0.00243432
21	28	0.00330643
21	29	0.00351223
21	30	0.00258245
21	31	0.00270251
21	32	0.110013
21	33	0.00273423
21	34	1.75135e-16
21	35	0.00222254
21	36	0.00232886
21	37	0.00292166
21	38	0.00195023
21	39	0.00254986
21	40	0.00210656
21	41	0.00327724
21	42	0.00201842
21	43	0.00297732
21	44	0.00256754
21	45	0.00326229
21	46	0.00472761
21	47	0.00278594
21	48	0.00268116
21	49	0.00195017
21	50	0.0030197
21	51	0.00285996
21	52	0.00205099
21	53	0.00299407
21	54	0.00194951
21	55	0.00200207
21	56	0.00424213
21	57	0.00226311
21	58	0.00384987
21	59	0.00267704
21	60	0.00251259
21	61	0.00194815
21	62	0.00252505
22	0	0.00197874
22	1	0.00266346
22	2	0.00213491
22	3	0.0019213
22	4	0.00189546
22	5	0.00198703
22	6	0.00340677
22	7	0.00294634
22	8	0.00282297
22	9	0.00209219
22	10	0.00274751
22	11	0.00189758
22	12	0.00262242
22	13	0.00421999
22	14	0.00219885
22	15	0.00223147
22	16	0.00216375
22	17	0.00227774
22	18	0.00190054
22	19	0.00213251
22	20	0.00501887
22	21	0.00201631
22	22	0.00238195
22	23	0.00311905
22	24	0.00292596
22	25	0.00230293
22	26	0.00249861
22	27	0.00238164
22	28	0.00325375
22	29	0.00345955
22	30	0.00252978
22	31	0.00264984
22	32	0.10996
22	33	0.00268156
22	34	2.46003e-16
22	35	0.00216986
22	36	0.00227618
22	37	0.00286898
22	38	0.00189756
22	39	0.00249719
22	40	0.00205389
22	41	0.00322457
22	42	0.00196574
22	43	0.00292464
22	44	0.00251487
22	45	0.00320962
22	46	0.00467494
22	47	0.00273327
22	48	0.00262848
22	49	2.90734e-16
22	50	0.00296702
22	51	0.00280728
22	52	0.00199831
22	53	0.0029414
22	54	2.54402e-16
22	55	0.0019494
22	56	0.00418945
22	57	0.00221043
22	58	0.0037972
22	59	0.00262437
22	60	0.00245991
22	61	0.00189548
22	62	0.00247237
23	0	0.00378084
23	1	0.00446556
23	2	0.00393701
23	3	0.0037234
23	4	0.00369756
23	5	0.00378913
23	6	0.00520887
23	7	0.00474844
23	8	0.00462507
23	9	0.00389429
23	10	0.00454961
23	11	1.27496e-16
23	12	0.00442452
23	13	0.00602209
23	14	0.00400095
23	15	0.00403357
23	16	0.00396585
23	17	0.00407985
23	18	0.00370264
23	19	0.00393461
23	20	0.00682097
23	21	0.00381841
23	22	0.00418405
23	23	0.00492115
23	24	0.00472806
23	25	0.00410504
23	26	0.00430071
23	27	0.00418374
23	28	0.00505585
23	29	0.00526166
23	30	0.00433188
23	31	0.00445194
23	32	0.111762
23	33	0.00448366
23	34	1.46092e-16
23	35	0.00397197
23	36	0.00407828
23	37	0.00467108
23	38	0.00369966
23	39	0.00429929
23	40	0.00385599
23	41	0.00502667
23	42	0.00376784
23	43	0.00472674
23	44	0.00431697
23	45	0.00501172
23	46	0.00647704
23	47	0.00453537
23	48	0.00443058
23	49	0.0036996
23	50	0.00476912
23	51	0.00460939
23	52	0.00380041
23	53	0.0047435
23	54	0.00369894
23	55	0.0037515
23	56	0.00599155
23	57	0.00401253
23	58	0.0055993
23	59	0.00442647
23	60	0.00426201
23	61	0.00369758
23	62	0.00427447
24	0	0.00278722
24	1	0.00347194
24	2	0.00294339
24	3	0.00272978
24	4	0.00270394
24	5	0.00279551
24	6	0.00421524
24	7	0.00375482
24	8	0.00363145
24	9	0.00290066
24	10	0.00355599
24	11	3.4635e-16
24	12	0.0034309
24	13	0.00502847
24	14	0.00300733
24	15	0.00303995
24	16	0.00297223
24	17	0.00308622
24	18	0.00270902
24	19	0.00294099
24	20	0.00582735
24	21	0.00282479
24	22	0.00319043
24	23	0.00392753
24	24	0.00373444
24	25	0.00311141
24	26	0.00330709
24	27	0.00319012
24	28	0.00406223
24	29	0.00426803
24	30	0.00333826
24	31	0.00345832
24	32	0.110768
24	33	0.00349004
24	34	2.0229e-16
24	35	0.00297834
24	36	0.00308466
24	37	0.00367746
24	38	0.00270604
24	39	0.00330566
24	40	0.00286237
24	41	0.00403305
24	42	0.00277422
24	43	0.00373312
24	44	0.00332335
24	45	0.0040181
24	46	0.00548341
24	47	0.00354175
24	48	0.00343696
24	49	0.00270598
24	50	0.0037755
24	51	0.00361576
24	52	0.00280679
24	53	0.00374988
24	54	0.00270531
24	55	0.00275788
24	56	0.00499793
24	57	0.00301891
24	58	0.00460567
24	59	0.00343285
24	60	0.00326839
24	61	0.00270396
24	62	0.00328085
25	0	0.00202878
25	1	0.00271351
25	2	0.00218496
25	3	0.00197134
25	4	0.00194551
25	5	0.00203707
25	6	0.00345681
25	7	0.00299639
25	8	0.00287302
25	9	0.00214223
25	10	0.00279755
25	11	3.40626e-16
25	12	0.00267247
25	13	0.00427004
25	14	0.0022489
25	15	0.00228151
25	16	0.0022138
25	17	0.00232779
25	18	0.00195059
25	19	0.00218256
25	20	0.00506892
25	21	0.00206636
25	22	0.002432
25	23	0.0031691
25	24	0.00297601
25	25	0.00235298
25	26	0.00254865
25	27	0.00243169
25	28	0.0033038
25	29	0.0035096
25	30	0.00257982
25	31	0.00269988
25	32	0.11001
25	33	0.0027316
25	34	1.80094e-16
25	35	0.00221991
25	36	0.00232623
25	37	0.00291903
25	38	0.0019476
25	39	0.00254723
25	40	0.00210393
25	41	0.00327461
25	42	0.00201579
25	43	0.00297469
25	44	0.00256491
25	45	0.00325966
25	46	0.00472498
25	47	0.00278331
25	48	0.00267853
25	49	0.00194754
25	50	0.00301707
25	51	0.00285733
25	52	0.00204836
25	53	0.00299144
25	54	0.00194688
25	55	0.00199944
25	56	0.0042395
25	57	0.00226048
25	58	0.00384724
25	59	0.00267441
25	60	0.00250996
25	61	1.43213e-16
25	62	0.00252242
26	0	0.00343019
26	1	0.00411492
26	2	0.00358637
26	3	0.00337275
26	4	0.00334692
26	5	0.00343848
26	6	0.00485822
26	7	0.0043978
26	8	0.00427443
26	9	0.00354364
26	10	0.00419896
26	11	0.00334904
26	12	0.00407388
26	13	0.00567145
26	14	0.00365031
26	15	0.00368292
26	16	0.00361521
26	17	0.0037292
26	18	0.003352
26	19	0.00358397
26	20	0.00647033
26	21	0.00346777
26	22	0.00383341
26	23	0.00457051
26	24	0.00437742
26	25	0.00375439
26	26	0.00395006
26	27	0.0038331
26	28	0.00470521
26	29	0.00491101
26	30	0.00398123
26	31	0.00410129
26	32	0.111411
26	33	0.00413301
26	34	1.78124e-16
26	35	0.00362132
26	36	0.00372764
26	37	0.00432044
26	38	0.00334901
26	39	0.00394864
26	40	0.00350535
26	41	0.00467602
26	42	0.0034172
26	43	0.0043761
26	44	0.00396632
26	45	0.00466108
26	46	0.00612639
26	47	0.00418472
26	48	0.00407994
26	49	0.00334896
26	50	0.00441848
26	51	0.00425874
26	52	0.00344977
26	53	0.00439285
26	54	0.00334829
26	55	0.00340086
26	56	0.00564091
26	57	0.00366189
26	58	0.00524865
26	59	0.00407582
26	60	0.00391137
26	61	0.00334693
26	62	0.00392383
27	0	0.00343816
27	1	0.00412289
27	2	0.00359434
27	3	0.00338073
27	4	2.54829e-16
27	5	0.00344645
27	6	0.00486619
27	7	0.00440577
27	8	0.0042824
27	9	0.00355161
27	10	0.00420694
27	11	1.64109e-16
27	12	0.00408185
27	13	0.00567942
27	14	0.00365828
27	15	0.00369089
27	16	0.00362318
27	17	0.00373717
27	18	0.00335997
27	19	0.00359194
27	20	0.0064783
27	21	0.00347574
27	22	0.00384138
27	23	0.00457848
27	24	0.00438539
27	25	0.00376236
27	26	0.00395804
27	27	0.00384107
27	28	0.00471318
27	29	0.00491898
27	30	0.0039892
27	31	0.00410926
27	32	0.111419
27	33	0.00414099
27	34	2.22571e-16
27	35	0.00362929
27	36	0.00373561
27	37	0.00432841
27	38	0.00335698
27	39	0.00395661
27	40	0.00351332
27	41	0.00468399
27	42	0.00342517
27	43	0.00438407
27	44	0.00397429
27	45	0.00466905
27	46	0.00613436
27	47	0.00419269
27	48	0.00408791
27	49	2.27704e-16
27	50	0.00442645
27	51	0.00426671
27	52	0.00345774
27	53	0.00440082
27	54	0.00335626
27	55	0.00340883
27	56	0.00564888
27	57	0.00366986
27	58	0.00525662
27	59	0.0040838
27	60	0.00391934
27	61	0.0033549
27	62	2.79646e-16
28	0	0.00399291
28	1	0.00467764
28	2	0.00414909
28	3	0.00393547
28	4	0.00390964
28	5	0.0040012
28	6	0.00542094
28	7	0.00496051
28	8	0.00483715
28	9	0.00410636
28	10	0.00476168
28	11	7.8574e-17
28	12	0.00463659
28	13	0.00623417
28	14	0.00421302
28	15	0.00424564
28	16	0.00417793
28	17	0.00429192
28	18	0.00391472
28	19	0.00414669
28	20	0.00703305
28	21	0.00403048
28	22	0.00439612
28	23	0.00513323
28	24	0.00494013
28	25	0.00431711
28	26	0.00451278
28	27	0.00439581
28	28	0.00526793
28	29	0.00547373
28	30	0.00454395
28	31	0.00466401
28	32	0.111974
28	33	0.00469573
28	34	3.66505e-16
28	35	0.00418404
28	36	0.00429036
28	37	0.00488316
28	38	0.00391173
28	39	0.00451136
28	40	0.00406806
28	41	0.00523874
28	42	0.00397992
28	43	0.00493882
28	44	0.00452904
28	45	0.00522379
28	46	0.00668911
28	47	0.00474744
28	48	0.00464266
28	49	3.21663e-16
28	50	0.00498119
28	51	0.00482146
28	52	0.00401248
28	53	0.00495557
28	54	0.00391101
28	55	0.00396357
28	56	0.00620363
28	57	0.0042246
28	58	0.00581137
28	59	0.00463854
28	60	0.00447409
28	61	0.00390965
28	62	3.18135e-16
29	0	0.00398926
29	1	0.00467399
29	2	0.00414544
29	3	0.00393182
29	4	2.0578e-16
29	5	0.00399755
29	6	0.00541729
29	7	0.00495687
29	8	0.0048335
29	9	0.00410271
29	10	0.00475804
29	11	0.00390811
29	12	0.00463295
29	13	0.00623052
29	14	0.00420938
29	15	0.00424199
29	16	0.00417428
29	17	0.00428827
29	18	0.00391107
29	19	0.00414304
29	20	0.0070294
29	21	0.00402684
29	22	0.00439248
29	23	0.00512958
29	24	0.00493649
29	25	0.00431346
29	26	0.00450913
29	27	0.00439217
29	28	0.00526428
29	29	0.00547008
29	30	0.0045403
29	31	0.00466036
29	32	0.11197
29	33	0.00469208
29	34	3.45633e-16
29	35	0.00418039
29	36	0.00428671
29	37	0.00487951
29	38	0.00390808
29	39	0.00450771
29	40	0.00406442
29	41	0.00523509
29	42	0.00397627
29	43	0.00493517
29	44	0.00452539
29	45	0.00522015
29	46	0.00668546
29	47	0.00474379
29	48	0.00463901
29	49	3.03429e-16
29	50	0.00497755
29	51	0.00481781
29	52	0.00400884
29	53	0.00495192
29	54	0.00390736
29	55	0.00395993
29	56	0.00619998
29	57	0.00422096
29	58	0.00580772
29	59	0.00463489
29	60	0.00447044
29	61	0.003906
29	62	3.76889e-16
30	0	0.00253246
30	1	0.00321719
30	2	0.00268864
30	3	0.00247502
30	4	0.00244919
30	5	0.00254075
30	6	0.00396049
30	7	0.00350007
30	8	0.0033767
30	9	0.00264591
30	10	0.00330123
30	11	7.51034e-17
30	12	0.00317615
30	13	0.00477372
30	14	0.00275258
30	15	0.00278519
30	16	0.00271748
30	17	0.00283147
30	18	0.00245427
30	19	0.00268624
30	20	0.0055726
30	21	0.00257004
30	22	0.00293568
30	23	0.00367278
30	24	0.00347969
30	25	0.00285666
30	26	0.00305233
30	27	0.00293537
30	28	0.00380748
30	29	0.00401328
30	30	0.0030835
30	31	0.00320356
30	32	0.110514
30	33	0.00323528
30	34	1.01595e-16
30	35	0.00272359
30	36	0.00282991
30	37	0.00342271
30	38	0.00245128
30	39	0.00305091
30	40	0.00260761
30	41	0.00377829
30	42	0.00251947
30	43	0.00347837
30	44	0.00306859
30	45	0.00376334
30	46	0.00522866
30	47	0.00328699
30	48	0.00318221
30	49	3.39398e-17
30	50	0.00352075
30	51	0.00336101
30	52	0.00255204
30	53	0.00349512
30	54	0.00245056
30	55	0.00250312
30	56	0.00474318
30	57	0.00276416
30	58	0.00435092
30	59	0.00317809
30	60	0.00301364
30	61	0.0024492
30	62	0.0030261
31	0	0.00241795
31	1	0.00310268
31	2	0.00257413
31	3	0.00236051
31	4	0.00233468
31	5	0.00242624
31	6	0.00384598
31	7	0.00338555
31	8	0.00326219
31	9	0.0025314
31	10	0.00318672
31	11	0.0023368
31	12	0.00306163
31	13	0.00465921
31	14	0.00263806
31	15	0.00267068
31	16	0.00260297
31	17	0.00271696
31	18	0.00233976
31	19	0.00257173
31	20	0.00545809
31	21	0.00245552
31	22	0.00282116
31	23	0.00355827
31	24	0.00336518
31	25	0.00274215
31	26	0.00293782
31	27	0.00282086
31	28	0.00369297
31	29	0.00389877
31	30	0.00296899
31	31	0.00308905
31	32	0.110399
31	33	0.00312077
31	34	2.50362e-16
31	35	0.00260908
31	36	0.0027154
31	37	0.0033082
31	38	0.00233677
31	39	0.0029364
31	40	0.0024931
31	41	0.00366378
31	42	0.00240496
31	43	0.00336386
31	44	0.00295408
31	45	0.00364883
31	46	0.00511415
31	47	0.00317248
31	48	0.0030677
31	49	0.00233671
31	50	0.00340624
31	51	0.0032465
31	52	0.00243753
31	53	0.00338061
31	54	0.00233605
31	55	0.00238861
31	56	0.00462867
31	57	0.00264964
31	58	0.00423641
31	59	0.00306358
31	60	0.00289913
31	61	0.00233469
31	62	1.43648e-16
32	0	0.0562965
32	1	0.0569812
32	2	0.0564527
32	3	0.0562391
32	4	1.30913e-16
32	5	0.0563048
32	6	0.0577246
32	7	0.0572641
32	8	0.0571408
32	9	0.05641
32	10	0.0570653
32	11	5.75105e-17
32	12	0.0569402
32	13	0.0585378
32	14	2.9552e-16
32	15	8.23091e-18
32	16	0.0564815
32	17	0.0565955
32	18	3.42013e-17
32	19	0.0564503
32	20	0.0593367
32	21	0.0563341
32	22	0.0566997
32	23	0.0574368
32	24	0.0572437
32	25	0.0566207
32	26	0.0568164
32	27	0.0566994
32	28	0.0575715
32	29	0.0577773
32	30	0.0568476
32	31	0.0569676
32	32	0.164278
32	33	0.0569993
32	34	1.46557e-16
32	35	0.0564876
32	36	0.056594
32	37	0.0571868
32	38	0.0562153
32	39	0.056815
32	40	0.0563717
32	41	0.0575424
32	42	0.0562835
32	43	0.0572424
32	44	0.0568327
32	45	0.0575274
32	46	0.0589927
32	47	0.0570511
32	48	0.0569463
32	49	1.09686e-16
32	50	0.0572848
32	51	0.0571251
32	52	0.0563161
32	53	0.0572592
32	54	1.01256e-17
32	55	0.0562672
32	56	0.0585072
32	57	0.0565282
32	58	0.058115
32	59	0.0569422
32	60	0.0567777
32	61	3.08251e-17
32	62	2.91946e-16
33	0	0.00269374
33	1	0.00337847
33	2	0.00284992
33	3	0.0026363
33	4	0.00261047
33	5	0.00270203
33	6	0.00412177
33	7	0.00366135
33	8	0.00353798
33	9	0.00280719
33	10	0.00346252
33	11	9.89472e-17
33	12	0.00333743
33	13	0.004935
33	14	0.00291386
33	15	0.00294647
33	16	0.00287876
33	17	0.00299275
33	18	0.00261555
33	19	0.00284752
33	20	0.00573388
33	21	0.00273132
33	22	0.00309696
33	23	0.00383406
33	24	0.00364097
33	25	0.00301794
33	26	0.00321361
33	27	0.00309665
33	28	0.00396876
33	29	0.00417456
33	30	0.00324478
33	31	0.00336484
33	32	0.110675
33	33	0.00339656
33	34	3.40774e-16
33	35	0.00288487
33	36	0.00299119
33	37	0.00358399
33	38	2.70654e-16
33	39	0.00321219
33	40	0.0027689
33	41	0.00393957
33	42	0.00268075
33	43	0.00363965
33	44	0.00322987
33	45	0.00392463
33	46	0.00538994
33	47	0.00344827
33	48	0.00334349
33	49	0.00261251
33	50	0.00368203
33	51	0.00352229
33	52	0.00271332
33	53	0.0036564
33	54	1.42959e-16
33	55	0.00266441
33	56	0.00490446
33	57	0.00292544
33	58	0.0045122
33	59	0.00333937
33	60	0.00317492
33	61	0.00261048
33	62	0.00318738
34	0	1.93321e-16
34	1	0.00318384
34	2	3.77612e-16
34	3	3.00925e-16
34	4	5.2754e-17
34	5	0.00250741
34	6	0.00392715
34	7	8.82835e-17
34	8	0.00334335
34	9	2.87501e-16
34	10	3.12699e-16
34	11	9.35018e-17
34	12	0.0031428
34	13	2.30973e-16
34	14	8.37878e-17
34	15	1.12413e-16
34	16	2.26434e-16
34	17	3.32193e-16
34	18	3.65628e-16
34	19	6.98484e-17
34	20	0.00553925
34	21	0.00253669
34	22	0.00290233
34	23	1.89499e-16
34	24	0.00344634
34	25	2.59324e-16
34	26	2.81811e-16
34	27	1.63209e-16
34	28	3.49902e-16
34	29	3.25309e-16
34	30	2.20565e-16
34	31	0.00317022
34	32	0.11048
34	33	1.99277e-16
34	34	1.38838e-16
34	35	2.33532e-16
34	36	1.1518e-16
34	37	0.00338936
34	38	1.72249e-16
34	39	1.39109e-16
34	40	3.62813e-16
34	41	0.00374495
34	42	2.06499e-16
34	43	1.2327e-16
34	44	2.11977e-16
34	45	0.00373
34	46	0.00519532
34	47	0.00325365
34	48	0.00314886
34	49	1.14945e-16
34	50	8.77079e-17
34	51	0.00332766
34	52	1.82954e-16
34	53	1.84669e-16
34	54	2.54853e-17
34	55	0.00246978
34	56	0.00470983
34	57	1.23734e-17
34	58	3.30657e-16
34	59	0.00314475
34	60	6.61684e-17
34	61	0.00241586
34	62	1.17339e-16
35	0	0.00190003
35	1	0.00258476
35	2	0.00205621
35	3	0.00184259
35	4	0.00181676
35	5	0.00190832
35	6	0.00332806
35	7	0.00286764
35	8	0.00274427
35	9	0.00201348
35	10	0.0026688
35	11	0.00181888
35	12	0.00254372
35	13	0.00414129
35	14	0.00212015
35	15	0.00215276
35	16	0.00208505
35	17	0.00219904
35	18	0.00182184
35	19	0.00205381
35	20	0.00494017
35	21	0.00193761
35	22	0.00230325
35	23	0.00304035
35	24	0.00284726
35	25	0.00222423
35	26	0.0024199
35	27	0.00230294
35	28	0.00317505
35	29	0.00338085
35	30	0.00245107
35	31	0.00257113
35	32	0.109881
35	33	0.00260285
35	34	3.29739e-16
35	35	0.00209116
35	36	0.00219748
35	37	0.00279028
35	38	0.00181885
35	39	0.00241848
35	40	0.00197518
35	41	0.00314586
35	42	0.00188704
35	43	0.00284594
35	44	0.00243616
35	45	0.00313092
35	46	0.00459623
35	47	0.00265456
35	48	0.00254978
35	49	0.0018188
35	50	0.00288832
35	51	0.00272858
35	52	0.00191961
35	53	0.00286269
35	54	0.00181813
35	55	0.00187069
35	56	0.00411075
35	57	0.00213173
35	58	0.00371849
35	59	0.00254566
35	60	0.00238121
35	61	0.00181677
35	62	7.80096e-17
36	0	0.00315561
36	1	0.00384034
36	2	0.00331179
36	3	0.00309817
36	4	0.00307234
36	5	0.0031639
36	6	0.00458364
36	7	0.00412322
36	8	0.00399985
36	9	0.00326906
36	10	0.00392438
36	11	0.00307446
36	12	0.0037993
36	13	0.00539687
36	14	0.00337573
36	15	0.00340834
36	16	0.00334063
36	17	0.00345462
36	18	0.00307742
36	19	0.00330939
36	20	0.00619575
36	21	0.00319319
36	22	0.00355883
36	23	0.00429593
36	24	0.00410284
36	25	0.00347981
36	26	0.00367548
36	27	0.00355852
36	28	0.00443063
36	29	0.00463643
36	30	0.00370665
36	31	0.00382671
36	32	0.111137
36	33	0.00385843
36	34	3.65401e-16
36	35	0.00334674
36	36	0.00345306
36	37	0.00404586
36	38	0.00307443
36	39	0.00367406
36	40	0.00323076
36	41	0.00440144
36	42	0.00314262
36	43	0.00410152
36	44	0.00369174
36	45	0.0043865
36	46	0.00585181
36	47	0.00391014
36	48	0.00380536
36	49	0.00307438
36	50	0.0041439
36	51	0.00398416
36	52	0.00317519
36	53	0.00411827
36	54	0.00307371
36	55	0.00312627
36	56	0.00536633
36	57	0.00338731
36	58	0.00497407
36	59	0.00380124
36	60	0.00363679
36	61	0.00307235
36	62	1.72942e-16
37	0	0.00318566
37	1	0.00387039
37	2	0.00334184
37	3	0.00312822
37	4	0.00310239
37	5	0.00319395
37	6	0.00461369
37	7	0.00415326
37	8	0.0040299
37	9	0.00329911
37	10	0.00395443
37	11	0.00310451
37	12	0.00382934
37	13	0.00542692
37	14	0.00340577
37	15	0.00343839
37	16	0.00337068
37	17	0.00348467
37	18	0.00310747
37	19	0.00333944
37	20	0.0062258
37	21	0.00322323
37	22	0.00358887
37	23	0.00432598
37	24	0.00413289
37	25	0.00350986
37	26	0.00370553
37	27	0.00358856
37	28	0.00446068
37	29	0.00466648
37	30	0.0037367
37	31	0.00385676
37	32	0.111167
37	33	0.00388848
37	34	2.37951e-16
37	35	0.00337679
37	36	0.00348311
37	37	0.00407591
37	38	0.00310448
37	39	0.00370411
37	40	0.00326081
37	41	0.00443149
37	42	0.00317267
37	43	0.00413157
37	44	0.00372179
37	45	0.00441654
37	46	0.00588186
37	47	0.00394019
37	48	0.00383541
37	49	0.00310442
37	50	0.00417394
37	51	0.00401421
37	52	0.00320524
37	53	0.00414832
37	54	0.00310376
37	55	0.00315632
37	56	0.00539638
37	57	0.00341735
37	58	0.00500412
37	59	0.00383129
37	60	0.00366684
37	61	0.0031024
37	62	0.00367929
38	0	0.00295482
38	1	0.00363954
38	2	0.00311099
38	3	0.00289738
38	4	0.00287154
38	5	0.00296311
38	6	0.00438285
38	7	0.00392242
38	8	0.00379905
38	9	0.00306827
38	10	0.00372359
38	11	3.44295e-16
38	12	0.0035985
38	13	0.00519607
38	14	1.17357e-16
38	15	0.00320755
38	16	0.00313983
38	17	0.00325383
38	18	0.00287663
38	19	0.00310859
38	20	0.00599495
38	21	0.00299239
38	22	0.00335803
38	23	0.00409513
38	24	0.00390204
38	25	0.00327902
38	26	0.00347469
38	27	0.00335772
38	28	0.00422983
38	29	0.00443564
38	30	0.00350586
38	31	0.00362592
38	32	0.110936
38	33	0.00365764
38	34	2.291e-16
38	35	0.00314595
38	36	0.00325226
38	37	0.00384506
38	38	0.00287364
38	39	0.00347327
38	40	0.00302997
38	41	0.00420065
38	42	2.64021e-16
38	43	0.00390072
38	44	0.00349095
38	45	0.0041857
38	46	0.00565102
38	47	0.00370935
38	48	0.00360456
38	49	1.44232e-16
38	50	0.0039431
38	51	0.00378337
38	52	0.00297439
38	53	0.00391748
38	54	2.91084e-16
38	55	0.00292548
38	56	0.00516553
38	57	0.00318651
38	58	0.00477328
38	59	0.00360045
38	60	0.003436
38	61	3.38943e-16
38	62	5.3339e-17
39	0	0.002325
39	1	0.00300973
39	2	0.00248118
39	3	0.00226757
39	4	0.00224173
39	5	0.00233329
39	6	0.00375303
39	7	0.00329261
39	8	0.00316924
39	9	0.00243845
39	10	0.00309378
39	11	2.57602e-16
39	12	0.00296869
39	13	0.00456626
39	14	0.00254512
39	15	0.00257773
39	16	0.00251002
39	17	0.00262401
39	18	0.00224681
39	19	0.00247878
39	20	0.00536514
39	21	0.00236258
39	22	0.00272822
39	23	0.00346532
39	24	0.00327223
39	25	0.0026492
39	26	0.00284488
39	27	0.00272791
39	28	0.00360002
39	29	0.00380582
39	30	0.00287604
39	31	0.0029961
39	32	0.110306
39	33	0.00302782
39	34	1.1801e-16
39	35	0.00251613
39	36	0.00262245
39	37	0.00321525
39	38	0.00224382
39	39	0.00284345
39	40	0.00240016
39	41	0.00357083
39	42	0.00231201
39	43	0.00327091
39	44	0.00286113
39	45	0.00355589
39	46	0.0050212
39	47	0.00307953
39	48	0.00297475
39	49	0.00224377
39	50	0.00331329
39	51	0.00315355
39	52	0.00234458
39	53	0.00328766
39	54	0.0022431
39	55	0.00229567
39	56	0.00453572
39	57	0.0025567
39	58	0.00414346
39	59	0.00297064
39	60	0.00280618
39	61	0.00224174
39	62	0.00281864
40	0	0.00187162
40	1	0.00255635
40	2	0.0020278
40	3	0.00181419
40	4	0.00178835
40	5	0.00187991
40	6	0.00329965
40	7	0.00283923
40	8	0.00271586
40	9	0.00198507
40	10	0.0026404
40	11	2.3922e-16
40	12	0.00251531
40	13	0.00411288
40	14	0.00209174
40	15	0.00212435
40	16	0.00205664
40	17	0.00217063
40	18	0.00179343
40	19	0.0020254
40	20	0.00491176
40	21	0.0019092
40	22	0.00227484
40	23	0.00301194
40	24	0.00281885
40	25	0.00219582
40	26	0.0023915
40	27	0.00227453
40	28	0.00314664
40	29	0.00335244
40	30	0.00242266
40	31	0.00254272
40	32	0.109853
40	33	0.00257444
40	34	3.80146e-16
40	35	0.00206275
40	36	0.00216907
40	37	0.00276187
40	38	3.35824e-16
40	39	0.00239007
40	40	0.00194678
40	41	0.00311745
40	42	0.00185863
40	43	0.00281753
40	44	0.00240775
40	45	0.00310251
40	46	0.00456782
40	47	0.00262615
40	48	0.00252137
40	49	0.00179039
40	50	0.00285991
40	51	0.00270017
40	52	0.0018912
40	53	0.00283428
40	54	3.47718e-18
40	55	0.00184229
40	56	0.00408234
40	57	0.00210332
40	58	0.00369008
40	59	0.00251726
40	60	0.0023528
40	61	0.00178836
40	62	3.48707e-16
41	0	0.00306099
41	1	0.00374571
41	2	0.00321716
41	3	0.00300355
41	4	0.00297771
41	5	0.00306928
41	6	0.00448901
41	7	0.00402859
41	8	0.00390522
41	9	0.00317443
41	10	0.00382976
41	11	1.16325e-16
41	12	0.00370467
41	13	0.00530224
41	14	0.0032811
41	15	0.00331372
41	16	0.003246
41	17	0.00335999
41	18	0.00298279
41	19	0.00321476
41	20	0.00610112
41	21	0.00309856
41	22	0.0034642
41	23	0.0042013
41	24	0.00400821
41	25	0.00338518
41	26	0.00358086
41	27	0.00346389
41	28	0.004336
41	29	0.0045418
41	30	0.00361202
41	31	0.00373209
41	32	0.111042
41	33	0.00376381
41	34	3.78633e-16
41	35	0.00325211
41	36	0.00335843
41	37	0.00395123
41	38	0.00297981
41	39	0.00357943
41	40	0.00313614
41	41	0.00430682
41	42	0.00304799
41	43	0.00400689
41	44	0.00359711
41	45	0.00429187
41	46	0.00575718
41	47	0.00381552
41	48	0.00371073
41	49	0.00297975
41	50	0.00404927
41	51	0.00388953
41	52	0.00308056
41	53	0.00402364
41	54	0.00297908
41	55	0.00303165
41	56	0.0052717
41	57	0.00329268
41	58	0.00487944
41	59	0.00370662
41	60	0.00354216
41	61	0.00297773
41	62	0.00355462
42	0	0.00191528
42	1	0.0026
42	2	1.5532e-17
42	3	0.00185784
42	4	1.42441e-16
42	5	0.00192357
42	6	0.0033433
42	7	0.00288288
42	8	0.00275951
42	9	0.00202872
42	10	0.00268405
42	11	1.67004e-16
42	12	0.00255896
42	13	0.00415653
42	14	7.67174e-17
42	15	0.00216801
42	16	0.00210029
42	17	0.00221428
42	18	0.00183708
42	19	0.00206905
42	20	0.00495541
42	21	0.00195285
42	22	0.00231849
42	23	0.00305559
42	24	0.0028625
42	25	0.00223947
42	26	0.00243515
42	27	0.00231818
42	28	0.00319029
42	29	0.00339609
42	30	0.00246631
42	31	0.00258637
42	32	0.109896
42	33	0.0026181
42	34	1.48804e-16
42	35	0.0021064
42	36	0.00221272
42	37	0.00280552
42	38	2.09344e-16
42	39	0.00243372
42	40	0.00199043
42	41	0.0031611
42	42	0.00190228
42	43	0.00286118
42	44	0.0024514
42	45	0.00314616
42	46	0.00461147
42	47	0.00266981
42	48	0.00256502
42	49	1.3112e-16
42	50	0.00290356
42	51	0.00274382
42	52	0.00193485
42	53	0.00287793
42	54	3.31313e-16
42	55	2.83101e-16
42	56	0.00412599
42	57	0.00214697
42	58	0.00373373
42	59	0.00256091
42	60	0.00239645
42	61	2.76669e-16
42	62	0.00240891
43	0	0.00275231
43	1	0.00343704
43	2	0.00290849
43	3	0.00269487
43	4	0.00266904
43	5	0.0027606
43	6	0.00418034
43	7	0.00371991
43	8	0.00359655
43	9	0.00286576
43	10	0.00352108
43	11	3.2932e-16
43	12	0.00339599
43	13	0.00499356
43	14	0.00297242
43	15	0.00300504
43	16	0.00293733
43	17	0.00305132
43	18	0.00267412
43	19	0.00290609
43	20	0.00579245
43	21	0.00278988
43	22	0.00315552
43	23	0.00389263
43	24	0.00369953
43	25	0.00307651
43	26	0.00327218
43	27	0.00315521
43	28	0.00402733
43	29	0.00423313
43	30	0.00330335
43	31	0.00342341
43	32	0.110733
43	33	0.00345513
43	34	2.72243e-16
43	35	0.00294344
43	36	0.00304976
43	37	0.00364256
43	38	0.00267113
43	39	0.00327076
43	40	0.00282746
43	41	0.00399814
43	42	0.00273931
43	43	0.00369822
43	44	0.00328844
43	45	0.00398319
43	46	0.00544851
43	47	0.00350684
43	48	0.00340206
43	49	0.00267107
43	50	0.00374059
43	51	0.00358086
43	52	0.00277188
43	53	0.00371497
43	54	0.00267041
43	55	0.00272297
43	56	0.00496302
43	57	0.002984
43	58	0.00457077
43	59	0.00339794
43	60	0.00323349
43	61	0.00266905
43	62	0.00324594
44	0	0.00380497
44	1	0.0044897
44	2	0.00396115
44	3	0.00374753
44	4	0.0037217
44	5	0.00381326
44	6	0.005233
44	7	0.00477257
44	8	0.00464921
44	9	0.00391842
44	10	0.00457374
44	11	0.00372382
44	12	0.00444865
44	13	0.00604623
44	14	0.00402508
44	15	0.0040577
44	16	0.00398999
44	17	0.00410398
44	18	0.00372678
44	19	0.00395875
44	20	0.00684511
44	21	0.00384254
44	22	0.00420818
44	23	0.00494529
44	24	0.00475219
44	25	0.00412917
44	26	0.00432484
44	27	0.00420787
44	28	0.00507999
44	29	0.00528579
44	30	0.00435601
44	31	0.00447607
44	32	0.111786
44	33	0.00450779
44	34	3.74952e-17
44	35	0.0039961
44	36	0.00410242
44	37	0.00469522
44	38	0.00372379
44	39	0.00432342
44	40	0.00388012
44	41	0.0050508
44	42	0.00379198
44	43	0.00475088
44	44	0.0043411
44	45	0.00503585
44	46	0.00650117
44	47	0.0045595
44	48	0.00445472
44	49	2.82797e-16
44	50	0.00479325
44	51	0.00463352
44	52	0.00382454
44	53	0.00476763
44	54	0.00372307
44	55	0.00377563
44	56	0.00601569
44	57	0.00403666
44	58	0.00562343
44	59	0.0044506
44	60	0.00428615
44	61	0.00372171
44	62	0.0042986
45	0	0.003577
45	1	0.00426173
45	2	0.00373318
45	3	0.00351956
45	4	0.00349373
45	5	0.00358529
45	6	0.00500503
45	7	0.00454461
45	8	0.00442124
45	9	0.00369045
45	10	0.00434578
45	11	2.36162e-16
45	12	0.00422069
45	13	0.00581826
45	14	0.00379712
45	15	0.00382973
45	16	0.00376202
45	17	0.00387601
45	18	0.00349881
45	19	0.00373078
45	20	0.00661714
45	21	0.00361458
45	22	0.00398022
45	23	0.00471732
45	24	0.00452423
45	25	0.0039012
45	26	0.00409687
45	27	0.00397991
45	28	0.00485202
45	29	0.00505782
45	30	0.00412804
45	31	0.0042481
45	32	0.111558
45	33	0.00427982
45	34	3.05543e-16
45	35	0.00376813
45	36	0.00387445
45	37	0.00446725
45	38	0.00349582
45	39	0.00409545
45	40	0.00365216
45	41	0.00482283
45	42	0.00356401
45	43	0.00452291
45	44	0.00411313
45	45	0.00480789
45	46	0.0062732
45	47	0.00433153
45	48	0.00422675
45	49	0.00349577
45	50	0.00456529
45	51	0.00440555
45	52	0.00359658
45	53	0.00453966
45	54	0.0034951
45	55	0.00354767
45	56	0.00578772
45	57	0.0038087
45	58	0.00539546
45	59	0.00422263
45	60	0.00405818
45	61	2.47667e-16
45	62	3.614e-16
46	0	0.00400275
46	1	0.00468747
46	2	0.00415892
46	3	0.00394531
46	4	0.00391947
46	5	0.00401104
46	6	0.00543077
46	7	0.00497035
46	8	0.00484698
46	9	0.00411619
46	10	0.00477152
46	11	5.97085e-17
46	12	0.00464643
46	13	0.006244
46	14	0.00422286
46	15	0.00425548
46	16	0.00418776
46	17	0.00430175
46	18	0.00392455
46	19	0.00415652
46	20	0.00704288
46	21	0.00404032
46	22	0.00440596
46	23	0.00514306
46	24	0.00494997
46	25	0.00432694
46	26	0.00452262
46	27	0.00440565
46	28	0.00527776
46	29	0.00548356
46	30	0.00455379
46	31	0.00467385
46	32	0.111984
46	33	0.00470557
46	34	2.64919e-16
46	35	0.00419387
46	36	0.00430019
46	37	0.00489299
46	38	3.73307e-16
46	39	0.00452119
46	40	0.0040779
46	41	0.00524858
46	42	0.00398975
46	43	0.00494865
46	44	0.00453888
46	45	0.00523363
46	46	0.00669895
46	47	0.00475728
46	48	0.00465249
46	49	2.69506e-16
46	50	0.00499103
46	51	0.00483129
46	52	0.00402232
46	53	0.00496541
46	54	3.71095e-16
46	55	0.00397341
46	56	0.00621346
46	57	0.00423444
46	58	0.00582121
46	59	0.00464838
46	60	0.00448392
46	61	2.96651e-16
46	62	1.91271e-16
47	0	0.00249534
47	1	0.00318007
47	2	0.00265152
47	3	0.0024379
47	4	0.00241206
47	5	0.00250363
47	6	0.00392337
47	7	0.00346294
47	8	0.00333958
47	9	0.00260879
47	10	0.00326411
47	11	0.00241419
47	12	0.00313902
47	13	0.00473659
47	14	0.00271545
47	15	0.00274807
47	16	0.00268035
47	17	0.00279435
47	18	6.90908e-17
47	19	0.00264912
47	20	0.00553548
47	21	0.00253291
47	22	0.00289855
47	23	0.00363566
47	24	0.00344256
47	25	0.00281954
47	26	0.00301521
47	27	0.00289824
47	28	0.00377036
47	29	0.00397616
47	30	0.00304638
47	31	0.00316644
47	32	0.110476
47	33	0.00319816
47	34	2.59779e-16
47	35	0.00268647
47	36	0.00279279
47	37	0.00338559
47	38	0.00241416
47	39	0.00301379
47	40	0.00257049
47	41	0.00374117
47	42	0.00248234
47	43	0.00344125
47	44	0.00303147
47	45	0.00372622
47	46	0.00519154
47	47	0.00324987
47	48	0.00314509
47	49	0.0024141
47	50	0.00348362
47	51	0.00332389
47	52	0.00251491
47	53	0.003458
47	54	0.00241344
47	55	0.002466
47	56	0.00470605
47	57	0.00272703
47	58	0.0043138
47	59	0.00314097
47	60	0.00297652
47	61	0.00241208
47	62	0.00298897
48	0	0.00241461
48	1	0.00309933
48	2	0.00257078
48	3	0.00235717
48	4	0.00233133
48	5	0.0024229
48	6	0.00384263
48	7	0.00338221
48	8	0.00325884
48	9	0.00252805
48	10	0.00318338
48	11	0.00233345
48	12	0.00305829
48	13	0.00465586
48	14	0.00263472
48	15	0.00266734
48	16	0.00259962
48	17	0.00271361
48	18	0.00233641
48	19	0.00256838
48	20	0.00545474
48	21	0.00245218
48	22	0.00281782
48	23	0.00355492
48	24	0.00336183
48	25	0.0027388
48	26	0.00293448
48	27	0.00281751
48	28	0.00368962
48	29	0.00389542
48	30	0.00296564
48	31	0.00308571
48	32	0.110396
48	33	0.00311743
48	34	3.25209e-16
48	35	0.00260573
48	36	0.00271205
48	37	0.00330485
48	38	0.00233343
48	39	0.00293305
48	40	0.00248976
48	41	0.00366044
48	42	0.00240161
48	43	0.00336051
48	44	0.00295074
48	45	0.00364549
48	46	0.0051108
48	47	0.00316914
48	48	0.00306435
48	49	0.00233337
48	50	0.00340289
48	51	0.00324315
48	52	0.00243418
48	53	0.00337726
48	54	0.0023327
48	55	0.00238527
48	56	0.00462532
48	57	0.0026463
48	58	0.00423306
48	59	0.00306024
48	60	0.00289578
48	61	0.00233135
48	62	0.00290824
49	0	0.000705843
49	1	0.00139057
49	2	3.69135e-16
49	3	0.000648404
49	4	0.000622569
49	5	0.000714133
49	6	0.00213387
49	7	0.00167345
49	8	0.00155008
49	9	0.000819292
49	10	0.00147461
49	11	2.21987e-16
49	12	0.00134953
49	13	0.0029471
49	14	3.76768e-16
49	15	1.25072e-16
49	16	0.000890859
49	17	0.00100485
49	18	2.04385e-16
49	19	4.23363e-17
49	20	0.00374598
49	21	0.000743416
49	22	0.00110906
49	23	4.23774e-17
49	24	0.00165307
49	25	0.00103004
49	26	0.00122571
49	27	0.00110875
49	28	0.00198086
49	29	0.00218666
49	30	0.00125688
49	31	0.00137694
49	32	0.108687
49	33	0.00140866
49	34	1.3723e-16
49	35	0.00089697
49	36	4.32588e-17
49	37	0.00159609
49	38	4.01378e-17
49	39	0.00122429
49	40	0.000780995
49	41	0.00195167
49	42	0.000692848
49	43	0.00165175
49	44	0.00124197
49	45	0.00193673
49	46	0.00340204
49	47	0.00146037
49	48	0.00135559
49	49	0.000624606
49	50	0.00169413
49	51	0.00153439
49	52	0.000725418
49	53	0.0016685
49	54	8.91684e-18
49	55	8.23335e-17
49	56	0.00291656
49	57	0.000937537
49	58	0.0025243
49	59	0.00135147
49	60	0.00118702
49	61	3.25199e-16
49	62	2.12048e-16
50	0	0.00304625
50	1	0.00373098
50	2	0.00320243
50	3	0.00298881
50	4	0.00296298
50	5	0.00305454
50	6	0.00447428
50	7	0.00401386
50	8	0.00389049
50	9	0.0031597
50	10	0.00381503
50	11	3.20092e-16
50	12	0.00368994
50	13	0.00528751
50	14	0.00326637
50	15	0.00329898
50	16	0.00323127
50	17	0.00334526
50	18	0.00296806
50	19	0.00320003
50	20	0.00608639
50	21	0.00308383
50	22	0.00344947
50	23	0.00418657
50	24	0.00399348
50	25	0.00337045
50	26	0.00356612
50	27	0.00344916
50	28	0.00432127
50	29	0.00452707
50	30	0.00359729
50	31	0.00371735
50	32	0.111027
50	33	0.00374907
50	34	1.18192e-16
50	35	0.00323738
50	36	0.0033437
50	37	0.0039365
50	38	0.00296507
50	39	0.0035647
50	40	0.00312141
50	41	0.00429208
50	42	0.00303326
50	43	0.00399216
50	44	0.00358238
50	45	0.00427714
50	46	0.00574245
50	47	0.00380078
50	48	0.003696
50	49	1.7884e-16
50	50	0.00403454
50	51	0.0038748
50	52	0.00306583
50	53	0.00400891
50	54	0.00296435
50	55	0.00301692
50	56	0.00525697
50	57	0.00327795
50	58	0.00486471
50	59	0.00369188
50	60	0.00352743
50	61	0.00296299
50	62	0.00353989
51	0	0.00368709
51	1	0.00437181
51	2	0.00384326
51	3	0.00362965
51	4	2.72423e-16
51	5	0.00369538
51	6	0.00511512
51	7	0.00465469
51	8	0.00453132
51	9	0.00380054
51	10	0.00445586
51	11	3.73878e-16
51	12	0.00433077
51	13	0.00592834
51	14	0.0039072
51	15	1.0611e-16
51	16	0.0038721
51	17	0.0039861
51	18	0.0036089
51	19	0.00384086
51	20	0.00672722
51	21	0.00372466
51	22	0.0040903
51	23	0.0048274
51	24	0.00463431
51	25	0.00401129
51	26	0.00420696
51	27	0.00408999
51	28	0.0049621
51	29	0.00516791
51	30	0.00423813
51	31	0.00435819
51	32	0.111668
51	33	0.00438991
51	34	1.76017e-16
51	35	0.00387822
51	36	0.00398453
51	37	0.00457733
51	38	2.38179e-16
51	39	0.00420554
51	40	0.00376224
51	41	0.00493292
51	42	0.00367409
51	43	0.00463299
51	44	0.00422322
51	45	0.00491797
51	46	0.00638329
51	47	0.00444162
51	48	0.00433683
51	49	1.41913e-16
51	50	0.00467537
51	51	0.00451564
51	52	0.00370666
51	53	0.00464975
51	54	0.00360519
51	55	0.00365775
51	56	0.0058978
51	57	0.00391878
51	58	0.00550555
51	59	0.00433272
51	60	0.00416827
51	61	0.00360383
51	62	1.22848e-16
52	0	0.0023489
52	1	0.00303362
52	2	0.00250507
52	3	0.00229146
52	4	0.00226562
52	5	0.00235719
52	6	0.00377692
52	7	0.0033165
52	8	0.00319313
52	9	0.00246234
52	10	0.00311767
52	11	1.26643e-16
52	12	0.00299258
52	13	0.00459015
52	14	0.00256901
52	15	0.00260163
52	16	0.00253391
52	17	0.0026479
52	18	2.4481e-16
52	19	0.00250267
52	20	0.00538903
52	21	0.00238647
52	22	0.00275211
52	23	0.00348921
52	24	0.00329612
52	25	0.00267309
52	26	0.00286877
52	27	0.0027518
52	28	0.00362391
52	29	0.00382971
52	30	0.00289993
52	31	0.00302
52	32	0.11033
52	33	0.00305172
52	34	3.37134e-16
52	35	0.00254002
52	36	0.00264634
52	37	0.00323914
52	38	0.00226772
52	39	0.00286734
52	40	0.00242405
52	41	0.00359473
52	42	0.0023359
52	43	0.0032948
52	44	0.00288502
52	45	0.00357978
52	46	0.00504509
52	47	0.00310343
52	48	0.00299864
52	49	0.00226766
52	50	0.00333718
52	51	0.00317744
52	52	0.00236847
52	53	0.00331155
52	54	0.00226699
52	55	0.00231956
52	56	0.00455961
52	57	0.00258059
52	58	0.00416735
52	59	0.00299453
52	60	0.00283007
52	61	0.00226564
52	62	2.09565e-16
53	0	0.00301946
53	1	0.00370419
53	2	0.00317564
53	3	0.00296202
53	4	0.00293618
53	5	0.00302775
53	6	0.00444749
53	7	0.00398706
53	8	0.0038637
53	9	0.00313291
53	10	0.00378823
53	11	0.00293831
53	12	0.00366314
53	13	0.00526071
53	14	0.00323957
53	15	0.00327219
53	16	0.00320447
53	17	0.00331847
53	18	0.00294127
53	19	0.00317324
53	20	0.0060596
53	21	0.00305703
53	22	0.00342267
53	23	0.00415978
53	24	0.00396668
53	25	0.00334366
53	26	0.00353933
53	27	0.00342236
53	28	0.00429448
53	29	0.00450028
53	30	0.0035705
53	31	0.00369056
53	32	0.111001
53	33	0.00372228
53	34	3.45101e-16
53	35	0.00321059
53	36	0.00331691
53	37	0.00390971
53	38	0.00293828
53	39	0.00353791
53	40	0.00309461
53	41	0.00426529
53	42	0.00300646
53	43	0.00396537
53	44	0.00355559
53	45	0.00425034
53	46	0.00571566
53	47	0.00377399
53	48	0.00366921
53	49	0.00293822
53	50	0.00400774
53	51	0.00384801
53	52	0.00303903
53	53	0.00398212
53	54	1.89526e-16
53	55	0.00299012
53	56	0.00523017
53	57	0.00325115
53	58	0.00483792
53	59	0.00366509
53	60	0.00350064
53	61	0.0029362
53	62	0.00351309
54	0	8.70984e-17
54	1	1.47616e-16
54	2	1.67053e-16
54	3	1.31786e-16
54	4	2.0733e-16
54	5	2.63814e-17
54	6	0.00492331
54	7	0.00446288
54	8	0.00433952
54	9	2.43369e-16
54	10	2.69617e-16
54	11	1.69552e-16
54	12	2.18986e-16
54	13	0.00573654
54	14	1.39618e-16
54	15	2.1948e-16
54	16	1.86385e-16
54	17	0.00379429
54	18	2.1169e-16
54	19	5.26323e-17
54	20	0.00653542
54	21	0.00353285
54	22	3.66969e-16
54	23	3.63593e-16
54	24	0.0044425
54	25	2.39168e-16
54	26	0.00401515
54	27	0.00389818
54	28	0.0047703
54	29	3.12342e-16
54	30	0.00404632
54	31	0.00416638
54	32	0.111476
54	33	2.51412e-16
54	34	1.76594e-16
54	35	5.00328e-17
54	36	2.77111e-18
54	37	2.12992e-16
54	38	3.78939e-16
54	39	0.00401373
54	40	1.60792e-16
54	41	0.00474111
54	42	2.35219e-16
54	43	0.00444119
54	44	0.00403141
54	45	0.00472616
54	46	0.00619148
54	47	0.00424981
54	48	1.21515e-18
54	49	1.07762e-16
54	50	0.00448356
54	51	0.00432383
54	52	1.34278e-16
54	53	0.00445794
54	54	3.22867e-16
54	55	3.41844e-16
54	56	0.005706
54	57	5.17519e-17
54	58	0.00531374
54	59	0.00414091
54	60	2.83112e-16
54	61	1.62327e-16
54	62	1.72988e-16
55	0	0.00216274
55	1	0.00284746
55	2	0.00231892
55	3	0.0021053
55	4	3.63629e-17
55	5	0.00217103
55	6	0.00359077
55	7	0.00313034
55	8	0.00300698
55	9	0.00227619
55	10	0.00293151
55	11	3.1864e-16
55	12	0.00280642
55	13	0.00440399
55	14	0.00238285
55	15	0.00241547
55	16	0.00234775
55	17	0.00246175
55	18	1.20365e-16
55	19	0.00231652
55	20	0.00520287
55	21	0.00220031
55	22	0.00256595
55	23	0.00330306
55	24	0.00310996
55	25	0.00248694
55	26	0.00268261
55	27	0.00256564
55	28	0.00343776
55	29	0.00364356
55	30	0.00271378
55	31	0.00283384
55	32	0.110144
55	33	0.00286556
55	34	2.56524e-16
55	35	0.00235387
55	36	0.00246019
55	37	0.00305299
55	38	0.00208156
55	39	0.00268119
55	40	0.00223789
55	41	0.00340857
55	42	0.00214974
55	43	0.00310865
55	44	0.00269887
55	45	0.00339362
55	46	0.00485894
55	47	0.00291727
55	48	0.00281248
55	49	1.64354e-16
55	50	0.00315102
55	51	0.00299129
55	52	0.00218231
55	53	0.0031254
55	54	0.00208084
55	55	0.0021334
55	56	0.00437345
55	57	0.00239443
55	58	0.0039812
55	59	0.00280837
55	60	0.00264392
55	61	0.00207948
55	62	0.00265637
56	0	0.00463416
56	1	0.00531888
56	2	0.00479033
56	3	0.00457672
56	4	0.00455088
56	5	0.00464245
56	6	0.00606218
56	7	0.00560176
56	8	0.00547839
56	9	0.0047476
56	10	0.00540293
56	11	0.004553
56	12	0.00527784
56	13	0.00687541
56	14	0.00485427
56	15	0.00488689
56	16	0.00481917
56	17	0.00493316
56	18	0.00455596
56	19	0.00478793
56	20	0.00767429
56	21	0.00467173
56	22	0.00503737
56	23	0.00577447
56	24	0.00558138
56	25	0.00495835
56	26	0.00515403
56	27	0.00503706
56	28	0.00590917
56	29	0.00611497
56	30	0.0051852
56	31	0.00530526
56	32	0.112615
56	33	0.00533698
56	34	2.59702e-16
56	35	0.00482528
56	36	0.0049316
56	37	0.0055244
56	38	0.00455298
56	39	0.0051526
56	40	0.00470931
56	41	0.00587999
56	42	0.00462116
56	43	0.00558006
56	44	0.00517029
56	45	0.00586504
56	46	0.00733035
56	47	0.00538869
56	48	0.0052839
56	49	1.66623e-16
56	50	0.00562244
56	51	0.0054627
56	52	0.00465373
56	53	0.00559682
56	54	3.44872e-16
56	55	0.00460482
56	56	0.00684487
56	57	0.00486585
56	58	0.00645261
56	59	0.00527979
56	60	0.00511533
56	61	0.0045509
56	62	0.00512779
57	0	0.00202649
57	1	0.00271121
57	2	0.00218266
57	3	0.00196905
57	4	0.00194321
57	5	0.00203478
57	6	0.00345452
57	7	0.00299409
57	8	0.00287072
57	9	0.00213994
57	10	0.00279526
57	11	0.00194533
57	12	0.00267017
57	13	0.00426774
57	14	0.0022466
57	15	0.00227922
57	16	0.0022115
57	17	0.0023255
57	18	0.0019483
57	19	0.00218026
57	20	0.00506662
57	21	0.00206406
57	22	0.0024297
57	23	0.0031668
57	24	0.00297371
57	25	0.00235069
57	26	0.00254636
57	27	0.00242939
57	28	0.0033015
57	29	0.00350731
57	30	0.00257753
57	31	0.00269759
57	32	0.110008
57	33	0.00272931
57	34	1.68822e-16
57	35	0.00221762
57	36	0.00232393
57	37	0.00291674
57	38	2.46121e-16
57	39	0.00254494
57	40	0.00210164
57	41	0.00327232
57	42	0.00201349
57	43	0.00297239
57	44	0.00256262
57	45	0.00325737
57	46	0.00472269
57	47	0.00278102
57	48	0.00267623
57	49	0.00194525
57	50	0.00301477
57	51	0.00285504
57	52	0.00204606
57	53	0.00298915
57	54	0.00194459
57	55	0.00199715
57	56	0.0042372
57	57	0.00225818
57	58	0.00384495
57	59	0.00267212
57	60	0.00250767
57	61	0.00194323
57	62	0.00252012
58	0	0.00390116
58	1	0.00458589
58	2	0.00405734
58	3	0.00384372
58	4	0.00381789
58	5	0.00390945
58	6	0.00532919
58	7	0.00486876
58	8	0.0047454
58	9	0.00401461
58	10	0.00466993
58	11	0.00382001
58	12	0.00454484
58	13	0.00614242
58	14	0.00412127
58	15	0.00415389
58	16	0.00408618
58	17	0.00420017
58	18	0.00382297
58	19	0.00405494
58	20	0.0069413
58	21	0.00393873
58	22	0.00430437
58	23	0.00504148
58	24	0.00484839
58	25	0.00422536
58	26	0.00442103
58	27	0.00430406
58	28	0.00517618
58	29	0.00538198
58	30	0.0044522
58	31	0.00457226
58	32	0.111882
58	33	0.00460398
58	34	3.57181e-16
58	35	0.00409229
58	36	0.00419861
58	37	0.00479141
58	38	0.00381998
58	39	0.00441961
58	40	0.00397631
58	41	0.00514699
58	42	0.00388817
58	43	0.00484707
58	44	0.00443729
58	45	0.00513204
58	46	0.00659736
58	47	0.00465569
58	48	0.00455091
58	49	3.93602e-17
58	50	0.00488944
58	51	0.00472971
58	52	0.00392073
58	53	0.00486382
58	54	0.00381926
58	55	0.00387182
58	56	0.00611188
58	57	0.00413285
58	58	0.00571962
58	59	0.00454679
58	60	0.00438234
58	61	0.0038179
58	62	1.42652e-17
59	0	0.00305242
59	1	0.00373715
59	2	0.0032086
59	3	0.00299498
59	4	0.00296915
59	5	0.00306071
59	6	0.00448045
59	7	0.00402003
59	8	0.00389666
59	9	0.00316587
59	10	0.0038212
59	11	0.00297127
59	12	0.00369611
59	13	0.00529368
59	14	0.00327254
59	15	0.00330515
59	16	0.00323744
59	17	0.00335143
59	18	0.00297423
59	19	0.0032062
59	20	0.00609256
59	21	0.00309
59	22	0.00345564
59	23	0.00419274
59	24	0.00399965
59	25	0.00337662
59	26	0.00357229
59	27	0.00345533
59	28	0.00432744
59	29	0.00453324
59	30	0.00360346
59	31	0.00372352
59	32	0.111034
59	33	0.00375524
59	34	2.05833e-17
59	35	0.00324355
59	36	0.00334987
59	37	0.00394267
59	38	3.41752e-16
59	39	0.00357087
59	40	0.00312758
59	41	0.00429825
59	42	6.70284e-17
59	43	0.00399833
59	44	0.00358855
59	45	0.00428331
59	46	0.00574862
59	47	0.00380695
59	48	0.00370217
59	49	0.00297119
59	50	0.00404071
59	51	0.00388097
59	52	0.003072
59	53	0.00401508
59	54	0.00297052
59	55	0.00302309
59	56	0.00526314
59	57	0.00328412
59	58	0.00487088
59	59	0.00369805
59	60	0.0035336
59	61	0.00296916
59	62	0.00354606
60	0	0.00247251
60	1	0.00315723
60	2	0.00262868
60	3	0.00241507
60	4	0.00238923
60	5	0.0024808
60	6	0.00390054
60	7	0.00344011
60	8	0.00331674
60	9	0.00258596
60	10	0.00324128
60	11	1.21471e-16
60	12	0.00311619
60	13	0.00471376
60	14	0.00269262
60	15	0.00272524
60	16	0.00265752
60	17	0.00277152
60	18	0.00239432
60	19	0.00262628
60	20	0.00551264
60	21	0.00251008
60	22	0.00287572
60	23	0.00361282
60	24	0.00341973
60	25	0.00279671
60	26	0.00299238
60	27	0.00287541
60	28	0.00374752
60	29	0.00395333
60	30	0.00302355
60	31	0.00314361
60	32	0.110454
60	33	0.00317533
60	34	1.29822e-16
60	35	0.00266364
60	36	0.00276995
60	37	0.00336276
60	38	0.00239133
60	39	0.00299096
60	40	0.00254766
60	41	0.00371834
60	42	0.00245951
60	43	0.00341841
60	44	0.00300864
60	45	0.00370339
60	46	0.00516871
60	47	0.00322704
60	48	0.00312225
60	49	3.40366e-16
60	50	0.00346079
60	51	0.00330106
60	52	0.00249208
60	53	0.00343517
60	54	0.00239061
60	55	0.00244317
60	56	0.00468322
60	57	0.0027042
60	58	0.00429097
60	59	0.00311814
60	60	0.00295369
60	61	2.95661e-16
60	62	0.00296614
61	0	0.00198053
61	1	0.00266526
61	2	2.16675e-16
61	3	2.34152e-16
61	4	1.61388e-17
61	5	1.9425e-16
61	6	0.00340856
61	7	2.25681e-16
61	8	5.62608e-17
61	9	1.187e-16
61	10	0.0027493
61	11	1.90035e-16
61	12	8.57372e-17
61	13	0.00422178
61	14	3.10991e-16
61	15	1.63946e-16
61	16	2.73719e-16
61	17	0.00227954
61	18	1.94293e-17
61	19	2.82372e-16
61	20	1.74028e-16
61	21	3.6753e-16
61	22	3.69046e-16
61	23	2.42581e-16
61	24	0.00292775
61	25	2.00773e-17
61	26	2.05347e-16
61	27	1.22586e-16
61	28	3.14765e-16
61	29	3.33435e-16
61	30	0.00253157
61	31	0.00265163
61	32	0.109962
61	33	1.23549e-17
61	34	1.08243e-16
61	35	0.00217166
61	36	1.20366e-16
61	37	2.72884e-18
61	38	2.51168e-16
61	39	0.00249898
61	40	0.00205568
61	41	3.55076e-16
61	42	2.32266e-17
61	43	2.72484e-16
61	44	2.09645e-16
61	45	2.66379e-17
61	46	0.00467673
61	47	0.00273506
61	48	0.00263028
61	49	1.14129e-16
61	50	2.01682e-16
61	51	0.00280908
61	52	3.12247e-17
61	53	0.00294319
61	54	8.24878e-17
61	55	1.37213e-16
61	56	0.00419124
61	57	0.00221222
61	58	0.00379899
61	59	1.54263e-17
61	60	5.1843e-17
61	61	0.00189727
61	62	1.8688e-16
62	0	0.00199866
62	1	0.00268339
62	2	2.34424e-16
62	3	0.00194122
62	4	0.00191539
62	5	0.00200695
62	6	0.00342669
62	7	0.00296626
62	8	0.0028429
62	9	0.00211211
62	10	0.00276743
62	11	6.11285e-17
62	12	0.00264234
62	13	0.00423992
62	14	4.78138e-17
62	15	7.65989e-17
62	16	0.00218368
62	17	0.00229767
62	18	2.7413e-16
62	19	0.00215244
62	20	0.0050388
62	21	0.00203623
62	22	0.00240187
62	23	0.00313898
62	24	0.00294589
62	25	0.00232286
62	26	0.00251853
62	27	0.00240156
62	28	0.00327368
62	29	0.00347948
62	30	0.0025497
62	31	0.00266976
62	32	0.10998
62	33	0.00270148
62	34	2.12021e-16
62	35	3.47694e-16
62	36	0.00229611
62	37	0.00288891
62	38	3.32643e-16
62	39	0.00251711
62	40	0.00207381
62	41	0.00324449
62	42	0.00198567
62	43	0.00294457
62	44	0.00253479
62	45	0.00322954
62	46	0.00469486
62	47	0.00275319
62	48	0.00264841
62	49	1.62718e-16
62	50	0.00298694
62	51	0.00282721
62	52	3.63999e-16
62	53	0.00296132
62	54	5.6419e-18
62	55	1.76476e-16
62	56	0.00420938
62	57	0.00223035
62	58	0.00381712
62	59	0.00264429
62	60	0.00247984
62	61	0.0019154
62	62	0.00249229
