0	0	0.00136673
0	1	0.00144572
0	2	0.00147183
0	3	0.00137543
0	4	0.00121949
0	5	0.00170769
0	6	7.49895e-17
0	7	0.00117139
0	8	0.00147075
0	9	0.00141311
0	10	1.93168e-17
0	11	0.00172511
0	12	0.00109568
0	13	0.00108938
0	14	0.00111175
0	15	0.00114413
0	16	0.00117475
0	17	0.00111374
0	18	0.00140759
0	19	0.00141309
0	20	0.00111087
0	21	0.00109601
0	22	0.0012563
0	23	0.00109281
0	24	0.00152455
0	25	0.00113571
0	26	0.00142422
0	27	0.10816
0	28	0.00125008
0	29	0.00119927
0	30	0.00113509
0	31	0.00136523
0	32	0.00111405
0	33	0.00138558
0	34	0.00142528
0	35	0.0011116
0	36	0.00121239
0	37	0.00116919
0	38	0.00137812
0	39	0.00109933
0	40	0.00116145
0	41	0.00131324
0	42	0.00135922
0	43	0.00113481
0	44	0.00122417
0	45	7.09702e-17
0	46	0.00113
0	47	0.0014238
0	48	0.00112998
0	49	0.0011067
0	50	0.0011417
0	51	0.00109399
0	52	0.00120545
0	53	0.00114342
0	54	0.00129074
0	55	0.00116614
0	56	0.00138679
0	57	0.0017866
0	58	0.00120995
0	59	0.0014721
0	60	0.00118221
0	61	0.00125176
0	62	0.00109252
0	63	0.00149951
0	64	0.00142732
0	65	0.00122465
0	66	0.00116835
0	67	0.00115841
0	68	0.00129736
0	69	0.00148069
0	70	0.00110869
0	71	0.00114734
1	0	0.00103849
1	1	0.00111749
1	2	0.0011436
1	3	0.0010472
1	4	0.000891253
1	5	0.00137946
1	6	4.34097e-17
1	7	0.000843156
1	8	0.00114251
1	9	0.00108488
1	10	0.000786988
1	11	0.00139688
1	12	0.000767442
1	13	0.000761143
1	14	0.000783518
1	15	0.000815893
1	16	0.000846516
1	17	0.000785504
1	18	0.00107936
1	19	0.00108486
1	20	0.000782639
1	21	0.00076778
1	22	0.000928069
1	23	0.000764577
1	24	0.00119631
1	25	0.000807473
1	26	0.00109599
1	27	0.107832
1	28	0.000921849
1	29	0.00087104
1	30	0.000806854
1	31	0.00103699
1	32	0.000785818
1	33	0.00105735
1	34	0.00109705
1	35	0.000783364
1	36	0.000884153
1	37	0.000840952
1	38	0.00104988
1	39	0.000771099
1	40	0.000833212
1	41	0.000985002
1	42	0.00103098
1	43	0.000806576
1	44	0.000895936
1	45	4.77273e-17
1	46	0.000801767
1	47	0.00109557
1	48	0.000801742
1	49	0.000778463
1	50	0.000813464
1	51	1.42224e-17
1	52	0.000877217
1	53	0.000815191
1	54	0.000962507
1	55	0.000837903
1	56	0.00105856
1	57	0.00145837
1	58	0.000881715
1	59	0.00114387
1	60	0.000853978
1	61	0.000923527
1	62	0.000764286
1	63	0.00117127
1	64	0.00109908
1	65	0.000896418
1	66	0.000840113
1	67	0.000830179
1	68	0.000969131
1	69	0.00115246
1	70	0.000780457
1	71	0.000819111
2	0	0.00137949
2	1	0.00145848
2	2	0.00148459
2	3	0.00138819
2	4	0.00123225
2	5	0.00172045
2	6	5.98513e-18
2	7	0.00118415
2	8	0.00148351
2	9	0.00142587
2	10	3.00151e-17
2	11	0.00173787
2	12	0.00110844
2	13	0.00110214
2	14	0.00112451
2	15	0.00115689
2	16	0.00118751
2	17	0.0011265
2	18	0.00142035
2	19	0.00142585
2	20	0.00112363
2	21	0.00110877
2	22	0.00126906
2	23	0.00110557
2	24	0.00153731
2	25	0.00114847
2	26	0.00143698
2	27	0.108173
2	28	0.00126284
2	29	0.00121203
2	30	0.00114785
2	31	0.00137799
2	32	0.00112681
2	33	0.00139834
2	34	0.00143804
2	35	0.00112436
2	36	0.00122515
2	37	0.00118194
2	38	0.00139087
2	39	0.00111209
2	40	0.00117421
2	41	0.001326
2	42	0.00137198
2	43	0.00114757
2	44	0.00123693
2	45	0.00113677
2	46	0.00114276
2	47	0.00143656
2	48	0.00114274
2	49	0.00111946
2	50	0.00115446
2	51	6.26193e-18
2	52	0.00121821
2	53	0.00115618
2	54	0.0013035
2	55	0.0011789
2	56	0.00139955
2	57	0.00179936
2	58	0.00122271
2	59	0.00148486
2	60	0.00119497
2	61	0.00126452
2	62	0.00110528
2	63	0.00151227
2	64	0.00144008
2	65	0.00123741
2	66	0.00118111
2	67	0.00117117
2	68	0.00131012
2	69	0.00149345
2	70	0.00112145
2	71	0.0011601
3	0	0.000946943
3	1	0.00102594
3	2	0.00105204
3	3	0.000955643
3	4	6.40849e-17
3	5	0.00128791
3	6	6.07343e-18
3	7	0.000751604
3	8	0.00105096
3	9	0.000993323
3	10	2.78525e-17
3	11	0.00130533
3	12	4.97966e-17
3	13	6.93181e-17
3	14	0.000691966
3	15	0.000724341
3	16	0.000754964
3	17	0.000693952
3	18	0.000987808
3	19	0.000993307
3	20	0.000691087
3	21	8.97749e-18
3	22	0.000836517
3	23	2.43267e-18
3	24	0.00110476
3	25	0.000715921
3	26	0.00100444
3	27	0.10774
3	28	0.000830297
3	29	0.000779488
3	30	0.000715302
3	31	0.000945441
3	32	0.000694267
3	33	0.000965794
3	34	0.00100549
3	35	0.000691812
3	36	0.000792601
3	37	0.0007494
3	38	0.00095833
3	39	0.000679547
3	40	0.00074166
3	41	0.00089345
3	42	0.000939432
3	43	0.000715024
3	44	3.46523e-17
3	45	5.45632e-17
3	46	6.74333e-17
3	47	0.00100402
3	48	0.00071019
3	49	0.000686912
3	50	0.000721912
3	51	4.74757e-17
3	52	0.000785665
3	53	0.00072364
3	54	0.000870955
3	55	0.000746351
3	56	0.00096701
3	57	0.00136681
3	58	0.000790163
3	59	0.00105232
3	60	0.000762426
3	61	0.000831975
3	62	0.000672735
3	63	0.00107972
3	64	0.00100753
3	65	0.000804867
3	66	0.000748561
3	67	0.000738627
3	68	0.000877579
3	69	0.0010609
3	70	0.000688906
3	71	0.00072756
4	0	0.00106821
4	1	0.0011472
4	2	0.00117331
4	3	0.00107691
4	4	0.000920967
4	5	0.00140917
4	6	4.43718e-17
4	7	0.00087287
4	8	0.00117223
4	9	0.00111459
4	10	3.25639e-17
4	11	0.00142659
4	12	3.25874e-17
4	13	4.20406e-17
4	14	0.000813231
4	15	0.000845607
4	16	0.000876229
4	17	0.000815217
4	18	0.00110907
4	19	0.00111457
4	20	0.000812353
4	21	6.35481e-17
4	22	0.000957783
4	23	4.34214e-18
4	24	0.00122603
4	25	1.46118e-17
4	26	0.0011257
4	27	0.107862
4	28	0.000951562
4	29	0.000900753
4	30	0.000836568
4	31	0.00106671
4	32	5.20347e-17
4	33	0.00108706
4	34	0.00112676
4	35	0.000813077
4	36	0.000913866
4	37	0.000870665
4	38	0.0010796
4	39	1.46055e-17
4	40	0.000862926
4	41	0.00101472
4	42	0.0010607
4	43	0.000836289
4	44	0.000925649
4	45	8.82109e-18
4	46	0.00083148
4	47	0.00112528
4	48	0.000831456
4	49	7.00553e-17
4	50	0.000843178
4	51	4.09357e-17
4	52	2.85841e-17
4	53	0.000844905
4	54	0.00099222
4	55	0.000867616
4	56	0.00108828
4	57	0.00148808
4	58	0.000911429
4	59	0.00117358
4	60	0.000883691
4	61	0.00095324
4	62	2.85311e-18
4	63	0.00120099
4	64	0.0011288
4	65	0.000926132
4	66	0.000869827
4	67	0.000859892
4	68	0.000998845
4	69	0.00118217
4	70	0.000810171
4	71	0.000848825
5	0	0.0015837
5	1	0.00166269
5	2	0.0016888
5	3	0.0015924
5	4	0.00143646
5	5	0.00192466
5	6	3.87064e-17
5	7	0.00138836
5	8	0.00168772
5	9	0.00163008
5	10	3.22533e-17
5	11	0.00194208
5	12	0.00131265
5	13	7.94879e-17
5	14	0.00132872
5	15	0.0013611
5	16	0.00139172
5	17	0.00133071
5	18	0.00162456
5	19	0.00163006
5	20	0.00132784
5	21	3.24689e-17
5	22	0.00147327
5	23	4.21613e-17
5	24	0.00174152
5	25	0.00135268
5	26	0.00164119
5	27	0.108377
5	28	0.00146705
5	29	0.00141624
5	30	0.00135206
5	31	0.0015822
5	32	0.00133102
5	33	0.00160255
5	34	0.00164225
5	35	3.07024e-18
5	36	0.00142936
5	37	0.00138615
5	38	0.00159508
5	39	0.0013163
5	40	0.00137841
5	41	0.0015302
5	42	0.00157619
5	43	0.00135178
5	44	0.00144114
5	45	3.64169e-17
5	46	5.25083e-17
5	47	0.00164077
5	48	0.00134694
5	49	3.15036e-17
5	50	0.00135867
5	51	6.57324e-17
5	52	0.00142242
5	53	0.00136039
5	54	0.00150771
5	55	0.00138311
5	56	0.00160376
5	57	0.00200357
5	58	0.00142692
5	59	0.00168907
5	60	0.00139918
5	61	0.00146873
5	62	7.10079e-18
5	63	0.00171648
5	64	0.00164428
5	65	0.00144162
5	66	0.00138532
5	67	0.00137538
5	68	0.00151433
5	69	0.00169766
5	70	0.00132566
5	71	0.00136431
6	0	0.000431128
6	1	0.000510122
6	2	7.02412e-18
6	3	8.27808e-17
6	4	5.92114e-17
6	5	0.000772092
6	6	0.000168055
6	7	0.00023579
6	8	0.000535148
6	9	0.000477509
6	10	0.000179622
6	11	0.000789511
6	12	7.70943e-17
6	13	6.25969e-17
6	14	0.000176152
6	15	0.000208527
6	16	0.00023915
6	17	0.000178138
6	18	0.000471994
6	19	0.000477493
6	20	8.77792e-18
6	21	7.54359e-17
6	22	0.000320703
6	23	0.000157211
6	24	0.000588948
6	25	0.000200107
6	26	0.000488624
6	27	0.107225
6	28	0.000314483
6	29	0.000263674
6	30	0.000199488
6	31	0.000429627
6	32	3.23741e-17
6	33	0.00044998
6	34	0.000489679
6	35	0.000175998
6	36	0.000276787
6	37	0.000233586
6	38	0.000442516
6	39	0.000163733
6	40	0.000225846
6	41	0.000377636
6	42	0.000423618
6	43	0.00019921
6	44	6.92877e-17
6	45	3.11225e-17
6	46	0.000194401
6	47	0.000488205
6	48	0.000194376
6	49	0.000171097
6	50	0.000206098
6	51	6.96657e-17
6	52	0.000269851
6	53	0.000207825
6	54	0.000355141
6	55	0.000230537
6	56	0.000451195
6	57	0.000851
6	58	0.000274349
6	59	0.000536503
6	60	0.000246612
6	61	0.000316161
6	62	0.00015692
6	63	0.000563908
6	64	0.000491716
6	65	0.000289052
6	66	0.000232747
6	67	0.000222813
6	68	0.000361765
6	69	0.000545089
6	70	0.000173091
6	71	0.000211746
7	0	0.000833934
7	1	0.000912927
7	2	0.000939035
7	3	0.000842635
7	4	0.000686693
7	5	0.0011749
7	6	6.23106e-17
7	7	0.000638596
7	8	0.000937953
7	9	0.000880314
7	10	0.000582427
7	11	0.00119232
7	12	0.000562882
7	13	3.68236e-17
7	14	0.000578957
7	15	0.000611333
7	16	0.000641955
7	17	0.000580943
7	18	0.0008748
7	19	0.000880298
7	20	0.000578078
7	21	0.000563219
7	22	0.000723508
7	23	2.84022e-17
7	24	0.000991753
7	25	0.000602913
7	26	0.00089143
7	27	0.107627
7	28	0.000717288
7	29	0.000666479
7	30	0.000602294
7	31	0.000832432
7	32	7.13026e-17
7	33	0.000852785
7	34	0.000892485
7	35	0.000578803
7	36	0.000679592
7	37	0.000636391
7	38	0.000845321
7	39	0.000566539
7	40	0.000628651
7	41	0.000780441
7	42	0.000826424
7	43	0.000602015
7	44	0.000691375
7	45	4.29145e-17
7	46	0.000597206
7	47	0.000891011
7	48	0.000597181
7	49	0.000573903
7	50	0.000608903
7	51	2.28887e-17
7	52	0.000672656
7	53	0.000610631
7	54	0.000757946
7	55	0.000633342
7	56	0.000854001
7	57	0.00125381
7	58	0.000677155
7	59	0.000939308
7	60	0.000649417
7	61	0.000718966
7	62	0.000559726
7	63	0.000966713
7	64	0.000894521
7	65	0.000691858
7	66	0.000635553
7	67	0.000625618
7	68	0.00076457
7	69	0.000947895
7	70	0.000575897
7	71	0.000614551
8	0	0.00123201
8	1	0.00131101
8	2	0.00133711
8	3	0.00124071
8	4	0.00108477
8	5	0.00157298
8	6	1.24116e-17
8	7	0.00103668
8	8	0.00133603
8	9	0.00127839
8	10	4.91942e-17
8	11	0.0015904
8	12	0.000960962
8	13	1.75931e-17
8	14	0.000977037
8	15	0.00100941
8	16	0.00104004
8	17	0.000979023
8	18	0.00127288
8	19	0.00127838
8	20	0.000976159
8	21	0.0009613
8	22	0.00112159
8	23	2.18967e-17
8	24	0.00138983
8	25	7.61742e-17
8	26	0.00128951
8	27	0.108025
8	28	0.00111537
8	29	0.00106456
8	30	0.00100037
8	31	0.00123051
8	32	0.000979338
8	33	0.00125087
8	34	0.00129056
8	35	0.000976883
8	36	0.00107767
8	37	0.00103447
8	38	0.0012434
8	39	0.000964619
8	40	0.00102673
8	41	0.00117852
8	42	0.0012245
8	43	0.0010001
8	44	6.00551e-17
8	45	7.91939e-17
8	46	0.000995286
8	47	0.00128909
8	48	0.000995262
8	49	0.000971983
8	50	0.00100698
8	51	1.52099e-17
8	52	0.00107074
8	53	0.00100871
8	54	0.00115603
8	55	0.00103142
8	56	0.00125208
8	57	0.00165189
8	58	0.00107523
8	59	0.00133739
8	60	0.0010475
8	61	0.00111705
8	62	0.000957806
8	63	0.00136479
8	64	0.0012926
8	65	0.00108994
8	66	0.00103363
8	67	0.0010237
8	68	0.00116265
8	69	0.00134597
8	70	0.000973977
8	71	0.00101263
9	0	0.00109225
9	1	0.00117124
9	2	0.00119735
9	3	0.00110095
9	4	0.000945005
9	5	0.00143321
9	6	0.000829173
9	7	0.000896908
9	8	0.00119627
9	9	0.00113863
9	10	0.00084074
9	11	0.00145063
9	12	0.000821194
9	13	0.000814894
9	14	0.000837269
9	15	0.000869645
9	16	0.000900268
9	17	0.000839256
9	18	0.00113311
9	19	0.00113861
9	20	0.000836391
9	21	0.000821532
9	22	0.000981821
9	23	4.63127e-17
9	24	0.00125007
9	25	0.000861225
9	26	0.00114974
9	27	0.107886
9	28	0.0009756
9	29	0.000924792
9	30	0.000860606
9	31	0.00109074
9	32	0.00083957
9	33	0.0011111
9	34	0.0011508
9	35	0.000837116
9	36	0.000937904
9	37	0.000894704
9	38	0.00110363
9	39	0.000824851
9	40	0.000886964
9	41	0.00103875
9	42	0.00108474
9	43	0.000860328
9	44	0.000949688
9	45	0.000849525
9	46	0.000855518
9	47	0.00114932
9	48	0.000855494
9	49	0.000832215
9	50	0.000867216
9	51	8.07698e-18
9	52	0.000930968
9	53	0.000868943
9	54	0.00101626
9	55	0.000891655
9	56	0.00111231
9	57	0.00151212
9	58	0.000935467
9	59	0.00119762
9	60	0.000907729
9	61	0.000977279
9	62	0.000818038
9	63	0.00122503
9	64	0.00115283
9	65	0.00095017
9	66	0.000893865
9	67	0.000883931
9	68	0.00102288
9	69	0.00120621
9	70	0.000834209
9	71	0.000872863
10	0	0.000556272
10	1	0.000635265
10	2	0.000661373
10	3	0.000564973
10	4	2.49353e-17
10	5	0.000897235
10	6	1.53827e-17
10	7	0.000360933
10	8	0.000660291
10	9	0.000602652
10	10	0.000304765
10	11	0.000914655
10	12	0.00028522
10	13	3.6558e-17
10	14	0.000301295
10	15	0.00033367
10	16	0.000364293
10	17	0.000303281
10	18	0.000597138
10	19	0.000602636
10	20	0.000300416
10	21	6.98516e-17
10	22	0.000445846
10	23	5.34506e-17
10	24	0.000714091
10	25	0.000325251
10	26	0.000613768
10	27	0.10735
10	28	0.000439626
10	29	0.000388817
10	30	0.000324632
10	31	0.00055477
10	32	3.73409e-17
10	33	0.000575123
10	34	0.000614823
10	35	0.000301141
10	36	0.00040193
10	37	0.000358729
10	38	0.000567659
10	39	3.36052e-17
10	40	0.000350989
10	41	0.000502779
10	42	0.000548762
10	43	0.000324353
10	44	9.76737e-18
10	45	2.58413e-17
10	46	0.000319544
10	47	0.000613349
10	48	0.000319519
10	49	0.000296241
10	50	0.000331241
10	51	0.00028353
10	52	0.000394994
10	53	0.000332969
10	54	0.000480284
10	55	0.00035568
10	56	0.000576339
10	57	0.000976143
10	58	0.000399493
10	59	0.000661646
10	60	0.000371755
10	61	0.000441304
10	62	0.000282064
10	63	0.000689051
10	64	0.000616859
10	65	0.000414196
10	66	0.000357891
10	67	0.000347956
10	68	0.000486908
10	69	0.000670233
10	70	0.000298235
10	71	0.000336889
11	0	0.00171941
11	1	0.00179841
11	2	0.00182451
11	3	0.00172811
11	4	0.00157217
11	5	0.00206038
11	6	1.20303e-17
11	7	0.00152408
11	8	0.00182343
11	9	0.00176579
11	10	6.01684e-17
11	11	0.0020778
11	12	0.00144836
11	13	1.43826e-17
11	14	0.00146444
11	15	0.00149681
11	16	0.00152743
11	17	0.00146642
11	18	0.00176028
11	19	0.00176578
11	20	0.00146356
11	21	0.0014487
11	22	0.00160899
11	23	0.0014455
11	24	0.00187723
11	25	0.00148839
11	26	0.00177691
11	27	0.108513
11	28	0.00160277
11	29	0.00155196
11	30	0.00148777
11	31	0.00171791
11	32	5.64681e-17
11	33	0.00173826
11	34	0.00177796
11	35	0.00146428
11	36	0.00156507
11	37	0.00152187
11	38	0.0017308
11	39	0.00145202
11	40	0.00151413
11	41	0.00166592
11	42	0.0017119
11	43	0.00148749
11	44	0.00157685
11	45	2.03257e-17
11	46	0.00148269
11	47	0.00177649
11	48	0.00148266
11	49	0.00145938
11	50	0.00149438
11	51	3.7144e-18
11	52	0.00155814
11	53	0.00149611
11	54	0.00164343
11	55	0.00151882
11	56	0.00173948
11	57	0.00213929
11	58	0.00156263
11	59	0.00182479
11	60	0.0015349
11	61	0.00160445
11	62	0.00144521
11	63	0.00185219
11	64	0.00178
11	65	0.00157734
11	66	0.00152103
11	67	0.0015111
11	68	0.00165005
11	69	0.00183337
11	70	0.00146138
11	71	0.00150003
12	0	0.000577359
12	1	0.000656352
12	2	0.00068246
12	3	0.00058606
12	4	0.000430118
12	5	0.000918322
12	6	5.53266e-17
12	7	0.000382021
12	8	0.000681378
12	9	0.00062374
12	10	2.66885e-17
12	11	0.000935742
12	12	0.000306307
12	13	0.000300007
12	14	0.000322382
12	15	0.000354758
12	16	0.00038538
12	17	0.000324368
12	18	0.000618225
12	19	0.000623723
12	20	0.000321503
12	21	0.000306644
12	22	0.000466933
12	23	1.61667e-17
12	24	0.000735178
12	25	0.000346338
12	26	0.000634855
12	27	0.107371
12	28	0.000460713
12	29	0.000409904
12	30	0.000345719
12	31	0.000575858
12	32	0.000324683
12	33	0.00059621
12	34	0.00063591
12	35	0.000322228
12	36	0.000423017
12	37	0.000379816
12	38	0.000588746
12	39	0.000309964
12	40	0.000372077
12	41	0.000523867
12	42	0.000569849
12	43	0.00034544
12	44	0.0004348
12	45	1.69978e-17
12	46	0.000340631
12	47	0.000634436
12	48	0.000340607
12	49	0.000317328
12	50	0.000352328
12	51	0.000304617
12	52	0.000416081
12	53	0.000354056
12	54	0.000501371
12	55	0.000376767
12	56	0.000597426
12	57	0.00099723
12	58	0.00042058
12	59	0.000682733
12	60	0.000392842
12	61	0.000462391
12	62	0.000303151
12	63	0.000710138
12	64	0.000637947
12	65	0.000435283
12	66	0.000378978
12	67	0.000369043
12	68	0.000507995
12	69	0.00069132
12	70	0.000319322
12	71	0.000357976
13	0	0.000390658
13	1	0.000469651
13	2	0.000495759
13	3	7.07751e-17
13	4	4.94024e-17
13	5	0.000731622
13	6	5.51209e-17
13	7	0.00019532
13	8	0.000494677
13	9	0.000437039
13	10	5.29289e-17
13	11	0.000749041
13	12	0.000119606
13	13	0.000113306
13	14	2.17237e-17
13	15	0.000168057
13	16	0.00019868
13	17	7.38435e-17
13	18	1.56543e-17
13	19	0.000437022
13	20	0.000134803
13	21	1.59216e-17
13	22	0.000280233
13	23	6.05394e-17
13	24	0.000548478
13	25	6.56139e-17
13	26	0.000448154
13	27	0.107184
13	28	0.000274012
13	29	0.000223203
13	30	8.01075e-17
13	31	0.000389157
13	32	6.99437e-17
13	33	0.000409509
13	34	0.000449209
13	35	3.83404e-18
13	36	0.000236316
13	37	0.000193115
13	38	0.000402045
13	39	0.000123263
13	40	0.000185376
13	41	0.000337166
13	42	0.000383148
13	43	0.000158739
13	44	2.50308e-17
13	45	5.79051e-18
13	46	2.72104e-17
13	47	0.000447735
13	48	0.000153906
13	49	9.56297e-18
13	50	0.000165628
13	51	3.70599e-17
13	52	0.00022938
13	53	6.35308e-17
13	54	0.00031467
13	55	0.000190067
13	56	0.000410725
13	57	0.00081053
13	58	0.000233879
13	59	0.000496032
13	60	5.28139e-17
13	61	0.00027569
13	62	2.70981e-17
13	63	0.000523438
13	64	0.000451246
13	65	0.000248582
13	66	0.000192277
13	67	0.000182343
13	68	0.000321295
13	69	0.000504619
13	70	0.000132621
13	71	0.000171275
14	0	0.000496904
14	1	0.000575898
14	2	0.000602005
14	3	0.000505605
14	4	0.000349663
14	5	0.000837868
14	6	0.000233831
14	7	0.000301566
14	8	0.000600924
14	9	0.000543285
14	10	0.000245398
14	11	0.000855287
14	12	1.23596e-17
14	13	7.76657e-17
14	14	0.000241928
14	15	0.000274303
14	16	0.000304926
14	17	0.000243914
14	18	0.00053777
14	19	0.000543269
14	20	0.000241049
14	21	0.00022619
14	22	0.000386479
14	23	0.000222987
14	24	0.000654724
14	25	0.000265883
14	26	0.0005544
14	27	0.10729
14	28	0.000380259
14	29	0.00032945
14	30	0.000265264
14	31	0.000495403
14	32	0.000244228
14	33	0.000515756
14	34	0.000555455
14	35	0.000241774
14	36	0.000342563
14	37	0.000299362
14	38	0.000508292
14	39	0.000229509
14	40	0.000291622
14	41	0.000443412
14	42	0.000489394
14	43	0.000264986
14	44	0.000354346
14	45	4.69263e-17
14	46	0.000260177
14	47	0.000553981
14	48	0.000260152
14	49	0.000236873
14	50	0.000271874
14	51	0.000224162
14	52	0.000335627
14	53	0.000273601
14	54	0.000420917
14	55	0.000296313
14	56	0.000516971
14	57	0.000916776
14	58	0.000340125
14	59	0.000602279
14	60	0.000312388
14	61	0.000381937
14	62	0.000222696
14	63	0.000629684
14	64	0.000557492
14	65	0.000354828
14	66	0.000298523
14	67	0.000288589
14	68	0.000427541
14	69	0.000610865
14	70	0.000238867
14	71	0.000277522
15	0	0.000701182
15	1	0.000780176
15	2	0.000806284
15	3	0.000709883
15	4	0.000553942
15	5	0.00104215
15	6	0.000438109
15	7	0.000505844
15	8	0.000805202
15	9	0.000747563
15	10	0.000449676
15	11	0.00105957
15	12	0.00043013
15	13	0.000423831
15	14	0.000446206
15	15	0.000478581
15	16	0.000509204
15	17	0.000448192
15	18	0.000742048
15	19	0.000747547
15	20	0.000445327
15	21	0.000430468
15	22	0.000590757
15	23	0.000427265
15	24	0.000859002
15	25	0.000470161
15	26	0.000758679
15	27	0.107495
15	28	0.000584537
15	29	0.000533728
15	30	0.000469542
15	31	0.000699681
15	32	0.000448507
15	33	0.000720034
15	34	0.000759733
15	35	0.000446052
15	36	0.000546841
15	37	0.00050364
15	38	0.00071257
15	39	0.000433787
15	40	0.0004959
15	41	0.00064769
15	42	0.000693672
15	43	0.000469264
15	44	0.000558624
15	45	1.98586e-17
15	46	0.000464455
15	47	0.000758259
15	48	0.00046443
15	49	0.000441151
15	50	0.000476152
15	51	0.00042844
15	52	0.000539905
15	53	0.00047788
15	54	0.000625195
15	55	0.000500591
15	56	0.000721249
15	57	0.00112105
15	58	0.000544403
15	59	0.000806557
15	60	0.000516666
15	61	0.000586215
15	62	0.000426974
15	63	0.000833962
15	64	0.00076177
15	65	0.000559106
15	66	0.000502801
15	67	0.000492867
15	68	0.000631819
15	69	0.000815143
15	70	0.000443145
15	71	0.0004818
16	0	6.29328e-17
16	1	6.14285e-17
16	2	2.60343e-17
16	3	7.33097e-17
16	4	2.28539e-17
16	5	2.458e-17
16	6	6.97436e-17
16	7	1.19181e-17
16	8	0.000429989
16	9	5.69953e-17
16	10	1.11404e-18
16	11	5.27903e-17
16	12	2.37381e-17
16	13	1.07316e-17
16	14	2.45463e-17
16	15	2.49675e-17
16	16	0.000133991
16	17	6.96792e-17
16	18	2.0963e-17
16	19	4.05829e-17
16	20	5.69313e-17
16	21	4.5834e-17
16	22	4.12191e-17
16	23	1.86039e-17
16	24	5.8949e-17
16	25	3.08072e-17
16	26	1.80165e-17
16	27	6.21454e-17
16	28	2.09842e-17
16	29	6.0799e-17
16	30	3.95508e-17
16	31	6.19724e-17
16	32	4.93507e-17
16	33	4.16403e-17
16	34	7.13689e-17
16	35	6.82515e-18
16	36	0.000171628
16	37	4.4003e-17
16	38	5.02792e-17
16	39	3.05722e-17
16	40	6.94846e-17
16	41	0.000272477
16	42	5.77745e-17
16	43	6.29446e-17
16	44	5.13236e-17
16	45	7.38544e-17
16	46	7.54506e-17
16	47	7.28969e-17
16	48	5.4796e-17
16	49	5.95995e-17
16	50	0.000100939
16	51	4.52272e-17
16	52	1.67381e-17
16	53	1.64595e-17
16	54	2.57916e-17
16	55	7.42255e-17
16	56	8.06535e-17
16	57	5.18022e-17
16	58	1.43364e-17
16	59	7.78355e-17
16	60	6.52319e-17
16	61	7.86255e-17
16	62	6.10529e-17
16	63	2.84379e-17
16	64	5.54813e-17
16	65	4.34769e-17
16	66	3.59549e-17
16	67	1.48733e-17
16	68	4.601e-17
16	69	4.51367e-17
16	70	8.27141e-17
16	71	0.000106587
17	0	0.000620706
17	1	0.000699699
17	2	0.000725807
17	3	0.000629406
17	4	2.04849e-17
17	5	0.000961669
17	6	0.000357632
17	7	0.000425367
17	8	0.000724725
17	9	0.000667086
17	10	0.000369199
17	11	0.000979088
17	12	0.000349654
17	13	7.88332e-17
17	14	0.000365729
17	15	0.000398104
17	16	0.000428727
17	17	0.000367715
17	18	0.000661571
17	19	0.00066707
17	20	0.00036485
17	21	0.000349991
17	22	0.00051028
17	23	0.000346788
17	24	0.000778525
17	25	0.000389684
17	26	0.000678202
17	27	0.107414
17	28	0.00050406
17	29	0.000453251
17	30	0.000389065
17	31	0.000619204
17	32	0.00036803
17	33	0.000639557
17	34	0.000679256
17	35	0.000365575
17	36	0.000466364
17	37	0.000423163
17	38	0.000632093
17	39	0.00035331
17	40	0.000415423
17	41	0.000567213
17	42	0.000613195
17	43	0.000388787
17	44	0.000478147
17	45	5.43639e-18
17	46	0.000383978
17	47	0.000677782
17	48	0.000383953
17	49	0.000360675
17	50	0.000395675
17	51	0.000347963
17	52	0.000459428
17	53	0.000397403
17	54	0.000544718
17	55	0.000420114
17	56	0.000640773
17	57	0.00104058
17	58	0.000463926
17	59	0.00072608
17	60	0.000436189
17	61	0.000505738
17	62	0.000346498
17	63	0.000753485
17	64	0.000681293
17	65	0.00047863
17	66	0.000422324
17	67	0.00041239
17	68	0.000551342
17	69	0.000734666
17	70	0.000362669
17	71	0.000401323
18	0	0.00109088
18	1	0.00116988
18	2	0.00119599
18	3	0.00109959
18	4	0.000943644
18	5	0.00143185
18	6	1.67408e-17
18	7	0.000895547
18	8	0.0011949
18	9	0.00113727
18	10	7.16709e-18
18	11	0.00144927
18	12	0.000819833
18	13	0.000813533
18	14	0.000835908
18	15	0.000868284
18	16	0.000898906
18	17	0.000837894
18	18	0.00113175
18	19	0.00113725
18	20	0.000835029
18	21	0.00082017
18	22	0.000980459
18	23	0.000816967
18	24	0.0012487
18	25	0.000859864
18	26	0.00114838
18	27	0.107884
18	28	0.000974239
18	29	0.00092343
18	30	0.000859245
18	31	0.00108938
18	32	0.000838209
18	33	0.00110974
18	34	0.00114944
18	35	0.000835754
18	36	0.000936543
18	37	0.000893342
18	38	0.00110227
18	39	0.00082349
18	40	0.000885602
18	41	0.00103739
18	42	0.00108337
18	43	0.000858966
18	44	2.68642e-17
18	45	1.61285e-17
18	46	0.000854157
18	47	0.00114796
18	48	0.000854132
18	49	0.000830854
18	50	0.000865854
18	51	1.89238e-17
18	52	0.000929607
18	53	0.000867582
18	54	0.0010149
18	55	0.000890293
18	56	0.00111095
18	57	0.00151076
18	58	0.000934106
18	59	0.00119626
18	60	0.000906368
18	61	0.000975917
18	62	0.000816677
18	63	0.00122366
18	64	0.00115147
18	65	0.000948809
18	66	0.000892504
18	67	0.000882569
18	68	0.00102152
18	69	0.00120485
18	70	0.000832848
18	71	0.000871502
19	0	0.00123475
19	1	0.00131374
19	2	0.00133985
19	3	0.00124345
19	4	0.00108751
19	5	0.00157571
19	6	8.16676e-17
19	7	0.00103941
19	8	0.00133877
19	9	0.00128113
19	10	0.000983239
19	11	0.00159313
19	12	0.000963694
19	13	0.000957394
19	14	0.000979769
19	15	0.00101214
19	16	0.00104277
19	17	0.000981756
19	18	0.00127561
19	19	0.00128111
19	20	0.000978891
19	21	0.000964032
19	22	0.00112432
19	23	0.000960828
19	24	0.00139257
19	25	0.00100373
19	26	0.00129224
19	27	0.108028
19	28	0.0011181
19	29	0.00106729
19	30	0.00100311
19	31	0.00123324
19	32	0.00098207
19	33	0.0012536
19	34	0.0012933
19	35	0.000979616
19	36	0.0010804
19	37	0.0010372
19	38	0.00124613
19	39	0.000967351
19	40	0.00102946
19	41	0.00118125
19	42	0.00122724
19	43	0.00100283
19	44	0.00109219
19	45	3.04062e-17
19	46	0.000998018
19	47	0.00129182
19	48	0.000997994
19	49	0.000974715
19	50	0.00100972
19	51	8.23507e-17
19	52	0.00107347
19	53	0.00101144
19	54	0.00115876
19	55	0.00103415
19	56	0.00125481
19	57	0.00165462
19	58	0.00107797
19	59	0.00134012
19	60	0.00105023
19	61	0.00111978
19	62	0.000960538
19	63	0.00136753
19	64	0.00129533
19	65	0.00109267
19	66	0.00103636
19	67	0.00102643
19	68	0.00116538
19	69	0.00134871
19	70	0.000976709
19	71	0.00101536
20	0	0.000515711
20	1	0.000594704
20	2	0.000620812
20	3	0.000524412
20	4	0.00036847
20	5	0.000856675
20	6	7.90692e-17
20	7	0.000320373
20	8	0.00061973
20	9	0.000562092
20	10	6.85191e-17
20	11	0.000874094
20	12	0.000244659
20	13	0.000238359
20	14	0.000260734
20	15	0.00029311
20	16	0.000323733
20	17	0.00026272
20	18	0.000556577
20	19	0.000562075
20	20	0.000259856
20	21	0.000244997
20	22	0.000405286
20	23	1.98743e-17
20	24	0.000673531
20	25	0.00028469
20	26	0.000573207
20	27	0.107309
20	28	0.000399065
20	29	0.000348256
20	30	0.000284071
20	31	0.00051421
20	32	0.000263035
20	33	0.000534562
20	34	0.000574262
20	35	0.000260581
20	36	0.000361369
20	37	0.000318168
20	38	0.000527098
20	39	0.000248316
20	40	0.000310429
20	41	0.000462219
20	42	0.000508201
20	43	0.000283792
20	44	0.000373152
20	45	0.00027299
20	46	0.000278983
20	47	0.000572788
20	48	0.000278959
20	49	5.73588e-17
20	50	0.000290681
20	51	7.43018e-18
20	52	0.000354433
20	53	0.000292408
20	54	0.000439723
20	55	0.00031512
20	56	0.000535778
20	57	0.000935583
20	58	0.000358932
20	59	0.000621085
20	60	0.000331194
20	61	0.000400743
20	62	0.000241503
20	63	0.000648491
20	64	0.000576299
20	65	0.000373635
20	66	0.00031733
20	67	0.000307396
20	68	0.000446348
20	69	0.000629672
20	70	0.000257674
20	71	0.000296328
21	0	0.000708449
21	1	0.000787442
21	2	0.00081355
21	3	0.00071715
21	4	0.000561208
21	5	0.00104941
21	6	2.89726e-17
21	7	0.000513111
21	8	0.000812468
21	9	0.00075483
21	10	3.01418e-17
21	11	0.00106683
21	12	0.000437397
21	13	0.000431097
21	14	0.000453472
21	15	0.000485848
21	16	0.00051647
21	17	0.000455458
21	18	0.000749315
21	19	0.000754813
21	20	0.000452594
21	21	0.000437735
21	22	0.000598023
21	23	4.27253e-17
21	24	0.000866269
21	25	0.000477428
21	26	0.000765945
21	27	0.107502
21	28	0.000591803
21	29	0.000540994
21	30	0.000476809
21	31	0.000706948
21	32	0.000455773
21	33	0.0007273
21	34	0.000767
21	35	0.000453318
21	36	0.000554107
21	37	0.000510906
21	38	0.000719836
21	39	0.000441054
21	40	0.000503167
21	41	0.000654957
21	42	0.000700939
21	43	0.00047653
21	44	6.01253e-18
21	45	6.60365e-17
21	46	0.000471721
21	47	0.000765526
21	48	0.000471697
21	49	7.15595e-17
21	50	0.000483419
21	51	3.46789e-17
21	52	0.000547171
21	53	0.000485146
21	54	0.000632461
21	55	0.000507857
21	56	0.000728516
21	57	0.00112832
21	58	0.00055167
21	59	0.000813823
21	60	0.000523932
21	61	0.000593481
21	62	0.000434241
21	63	0.000841228
21	64	0.000769037
21	65	0.000566373
21	66	0.000510068
21	67	0.000500133
21	68	0.000639085
21	69	0.00082241
21	70	0.000450412
21	71	0.000489066
22	0	0.00120159
22	1	0.00128058
22	2	0.00130669
22	3	0.00121029
22	4	0.00105435
22	5	0.00154255
22	6	3.82101e-17
22	7	0.00100625
22	8	0.00130561
22	9	0.00124797
22	10	0.000950082
22	11	0.00155997
22	12	0.000930537
22	13	0.000924237
22	14	0.000946612
22	15	0.000978988
22	16	0.00100961
22	17	0.000948599
22	18	0.00124246
22	19	0.00124795
22	20	0.000945734
22	21	0.000930875
22	22	0.00109116
22	23	0.000927672
22	24	0.00135941
22	25	0.000970568
22	26	0.00125909
22	27	0.107995
22	28	0.00108494
22	29	0.00103413
22	30	0.000969949
22	31	0.00120009
22	32	0.000948913
22	33	0.00122044
22	34	0.00126014
22	35	0.000946459
22	36	0.00104725
22	37	0.00100405
22	38	0.00121298
22	39	0.000934194
22	40	0.000996307
22	41	0.0011481
22	42	0.00119408
22	43	0.000969671
22	44	0.00105903
22	45	3.36196e-17
22	46	0.000964861
22	47	0.00125867
22	48	0.000964837
22	49	0.000941558
22	50	0.000976559
22	51	3.3013e-17
22	52	0.00104031
22	53	0.000978286
22	54	0.0011256
22	55	0.001001
22	56	0.00122166
22	57	0.00162146
22	58	0.00104481
22	59	0.00130696
22	60	0.00101707
22	61	0.00108662
22	62	0.000927381
22	63	0.00133437
22	64	0.00126218
22	65	0.00105951
22	66	0.00100321
22	67	0.000993274
22	68	0.00113223
22	69	0.00131555
22	70	0.000943552
22	71	0.000982206
23	0	1.51655e-17
23	1	0.000651054
23	2	0.000677162
23	3	3.29801e-17
23	4	1.48942e-17
23	5	0.000913025
23	6	3.60883e-17
23	7	0.000376723
23	8	0.00067608
23	9	0.000618442
23	10	0.000320554
23	11	0.000930444
23	12	6.3563e-17
23	13	5.61319e-17
23	14	0.000317084
23	15	0.00034946
23	16	0.000380082
23	17	0.00031907
23	18	0.000612927
23	19	0.000618425
23	20	0.000316206
23	21	7.09227e-17
23	22	4.99341e-18
23	23	0.000298143
23	24	0.000729881
23	25	0.00034104
23	26	0.000629557
23	27	0.107366
23	28	1.02385e-17
23	29	0.000404606
23	30	0.000340421
23	31	0.00057056
23	32	2.49648e-17
23	33	0.000590912
23	34	0.000630612
23	35	0.00031693
23	36	0.000417719
23	37	0.000374518
23	38	0.000583448
23	39	0.000304666
23	40	1.08919e-18
23	41	0.000518569
23	42	0.000564551
23	43	0.000340142
23	44	4.703e-17
23	45	5.42714e-17
23	46	1.90336e-17
23	47	0.000629138
23	48	0.000335309
23	49	0.00031203
23	50	0.000347031
23	51	4.2255e-17
23	52	0.000410783
23	53	0.000348758
23	54	0.000496073
23	55	0.00037147
23	56	0.000592128
23	57	0.000991933
23	58	0.000415282
23	59	0.000677435
23	60	0.000387544
23	61	2.45988e-17
23	62	0.000297853
23	63	0.000704841
23	64	0.000632649
23	65	0.000429985
23	66	0.00037368
23	67	0.000363746
23	68	0.000502698
23	69	0.000686022
23	70	1.45399e-17
23	71	0.000352678
24	0	0.00130797
24	1	0.00138696
24	2	0.00141307
24	3	0.00131667
24	4	0.00116073
24	5	0.00164893
24	6	3.01022e-17
24	7	0.00111263
24	8	0.00141199
24	9	0.00135435
24	10	0.00105646
24	11	0.00166635
24	12	0.00103691
24	13	8.0504e-17
24	14	0.00105299
24	15	0.00108536
24	16	0.00111599
24	17	0.00105498
24	18	0.00134883
24	19	0.00135433
24	20	0.00105211
24	21	0.00103725
24	22	0.00119754
24	23	5.58994e-17
24	24	0.00146579
24	25	0.00107694
24	26	0.00136546
24	27	0.108101
24	28	0.00119132
24	29	0.00114051
24	30	0.00107633
24	31	0.00130646
24	32	0.00105529
24	33	0.00132682
24	34	0.00136652
24	35	0.00105284
24	36	0.00115362
24	37	0.00111042
24	38	0.00131935
24	39	0.00104057
24	40	0.00110268
24	41	0.00125447
24	42	0.00130046
24	43	0.00107605
24	44	0.00116541
24	45	0.00106524
24	46	0.00107124
24	47	0.00136504
24	48	0.00107121
24	49	0.00104794
24	50	0.00108294
24	51	3.6914e-18
24	52	0.00114669
24	53	0.00108466
24	54	0.00123198
24	55	0.00110737
24	56	0.00132803
24	57	0.00172784
24	58	0.00115119
24	59	0.00141334
24	60	0.00112345
24	61	0.001193
24	62	8.31362e-17
24	63	0.00144075
24	64	0.00136855
24	65	0.00116589
24	66	0.00110958
24	67	0.00109965
24	68	0.0012386
24	69	0.00142193
24	70	0.00104993
24	71	0.00108858
25	0	0.000806544
25	1	0.000885538
25	2	6.85446e-17
25	3	0.000815245
25	4	7.09007e-17
25	5	0.00114751
25	6	4.67515e-17
25	7	0.000611206
25	8	0.000910564
25	9	0.000852925
25	10	3.39087e-17
25	11	0.00116493
25	12	6.81055e-17
25	13	7.02712e-17
25	14	0.000551567
25	15	0.000583943
25	16	0.000614566
25	17	0.000553554
25	18	0.00084741
25	19	0.000852909
25	20	0.000550689
25	21	1.06243e-18
25	22	0.000696119
25	23	0.000532627
25	24	0.000964364
25	25	0.000575523
25	26	0.00086404
25	27	0.1076
25	28	0.000689898
25	29	0.00063909
25	30	0.000574904
25	31	0.000805043
25	32	0.000553868
25	33	0.000825396
25	34	0.000865095
25	35	0.000551414
25	36	0.000652203
25	37	4.01719e-17
25	38	0.000817932
25	39	0.000539149
25	40	0.000601262
25	41	0.000753052
25	42	6.30304e-17
25	43	0.000574626
25	44	8.15517e-17
25	45	7.02171e-17
25	46	1.2481e-17
25	47	0.000863621
25	48	0.000569792
25	49	7.38995e-17
25	50	0.000581514
25	51	7.40937e-17
25	52	4.95862e-17
25	53	0.000583241
25	54	0.000730557
25	55	0.000605953
25	56	0.000826611
25	57	0.00122642
25	58	0.000649765
25	59	0.000911919
25	60	0.000622027
25	61	0.000691577
25	62	5.38426e-17
25	63	0.000939324
25	64	0.000867132
25	65	0.000664468
25	66	0.000608163
25	67	0.000598229
25	68	0.000737181
25	69	0.000920505
25	70	6.5013e-17
25	71	0.000587161
26	0	0.00117393
26	1	0.00125293
26	2	0.00127904
26	3	0.00118264
26	4	0.00102669
26	5	0.0015149
26	6	0.000910861
26	7	0.000978596
26	8	0.00127795
26	9	0.00122032
26	10	0.000922428
26	11	0.00153232
26	12	0.000902883
26	13	1.71785e-17
26	14	0.000918958
26	15	0.000951333
26	16	0.000981956
26	17	0.000920944
26	18	0.0012148
26	19	0.0012203
26	20	0.000918079
26	21	0.00090322
26	22	0.00106351
26	23	0.000900017
26	24	0.00133175
26	25	0.000942913
26	26	0.00123143
26	27	0.107967
26	28	0.00105729
26	29	0.00100648
26	30	0.000942294
26	31	0.00117243
26	32	0.000921259
26	33	0.00119279
26	34	0.00123249
26	35	0.000918804
26	36	0.00101959
26	37	0.000976392
26	38	0.00118532
26	39	0.000906539
26	40	0.000968652
26	41	0.00112044
26	42	0.00116642
26	43	0.000942016
26	44	0.00103138
26	45	0.000931213
26	46	0.000937207
26	47	0.00123101
26	48	0.000937182
26	49	0.000913904
26	50	0.000948904
26	51	2.04402e-17
26	52	0.00101266
26	53	0.000950632
26	54	0.00109795
26	55	0.000973343
26	56	0.001194
26	57	0.00159381
26	58	0.00101716
26	59	0.00127931
26	60	0.000989418
26	61	0.00105897
26	62	0.000899727
26	63	0.00130671
26	64	0.00123452
26	65	0.00103186
26	66	0.000975553
26	67	0.000965619
26	68	0.00110457
26	69	0.0012879
26	70	0.000915898
26	71	0.000954552
27	0	0.0506796
27	1	0.0507586
27	2	0.0507847
27	3	0.0506883
27	4	0.0505324
27	5	0.0510206
27	6	4.75961e-17
27	7	0.0504843
27	8	0.0507836
27	9	0.050726
27	10	6.6086e-17
27	11	0.051038
27	12	1.44928e-17
27	13	5.28332e-17
27	14	0.0504246
27	15	0.050457
27	16	0.0504876
27	17	0.0504266
27	18	0.0507205
27	19	0.050726
27	20	0.0504237
27	21	0.0504089
27	22	0.0505692
27	23	0.0504057
27	24	0.0508374
27	25	6.11846e-17
27	26	0.0507371
27	27	0.157473
27	28	0.0505629
27	29	0.0505121
27	30	0.050448
27	31	0.0506781
27	32	3.82283e-17
27	33	0.0506984
27	34	0.0507381
27	35	0.0504245
27	36	0.0505253
27	37	0.0504821
27	38	0.050691
27	39	0.0504122
27	40	0.0504743
27	41	0.0506261
27	42	0.0506721
27	43	0.0504477
27	44	0.050537
27	45	4.80047e-17
27	46	0.0504429
27	47	0.0507367
27	48	0.0504428
27	49	0.0504196
27	50	0.0504546
27	51	3.20099e-17
27	52	0.0505183
27	53	0.0504563
27	54	0.0506036
27	55	0.050479
27	56	0.0506997
27	57	0.0510995
27	58	0.0505228
27	59	0.050785
27	60	0.0504951
27	61	0.0505646
27	62	2.41186e-17
27	63	0.0508124
27	64	0.0507402
27	65	0.0505375
27	66	0.0504812
27	67	0.0504713
27	68	0.0506102
27	69	0.0507936
27	70	0.0504216
27	71	0.0504602
28	0	0.000671115
28	1	0.000750108
28	2	0.000776216
28	3	0.000679816
28	4	0.000523874
28	5	0.00101208
28	6	0.000408041
28	7	0.000475777
28	8	0.000775134
28	9	0.000717495
28	10	0.000419608
28	11	0.0010295
28	12	0.000400063
28	13	0.000393763
28	14	0.000416138
28	15	0.000448514
28	16	0.000479136
28	17	0.000418124
28	18	0.000711981
28	19	0.000717479
28	20	0.000415259
28	21	0.0004004
28	22	0.000560689
28	23	2.57035e-17
28	24	0.000828934
28	25	0.000440094
28	26	0.000728611
28	27	0.107465
28	28	0.000554469
28	29	0.00050366
28	30	0.000439475
28	31	0.000669613
28	32	0.000418439
28	33	0.000689966
28	34	0.000729666
28	35	0.000415984
28	36	0.000516773
28	37	0.000473572
28	38	0.000682502
28	39	0.00040372
28	40	0.000465832
28	41	0.000617622
28	42	0.000663605
28	43	0.000439196
28	44	1.25714e-17
28	45	9.74271e-18
28	46	0.000434387
28	47	0.000728192
28	48	0.000434362
28	49	0.000411084
28	50	0.000446084
28	51	4.8363e-17
28	52	0.000509837
28	53	0.000447812
28	54	0.000595127
28	55	0.000470523
28	56	0.000691182
28	57	0.00109099
28	58	0.000514336
28	59	0.000776489
28	60	0.000486598
28	61	0.000556147
28	62	0.000396907
28	63	0.000803894
28	64	0.000731702
28	65	0.000529039
28	66	0.000472734
28	67	0.000462799
28	68	0.000601751
28	69	0.000785076
28	70	0.000413078
28	71	0.000451732
29	0	0.000715359
29	1	0.000794352
29	2	0.00082046
29	3	0.00072406
29	4	0.000568118
29	5	0.00105632
29	6	3.10475e-17
29	7	0.000520021
29	8	0.000819378
29	9	0.000761739
29	10	4.99533e-17
29	11	0.00107374
29	12	0.000444307
29	13	4.4095e-17
29	14	0.000460382
29	15	0.000492758
29	16	0.00052338
29	17	0.000462368
29	18	0.000756225
29	19	0.000761723
29	20	0.000459503
29	21	0.000444644
29	22	0.000604933
29	23	5.33038e-17
29	24	0.000873178
29	25	0.000484338
29	26	0.000772855
29	27	0.107509
29	28	0.000598713
29	29	0.000547904
29	30	0.000483719
29	31	0.000713857
29	32	0.000462683
29	33	0.00073421
29	34	0.00077391
29	35	0.000460228
29	36	0.000561017
29	37	0.000517816
29	38	0.000726746
29	39	0.000447964
29	40	0.000510076
29	41	0.000661866
29	42	0.000707849
29	43	0.00048344
29	44	0.0005728
29	45	0.000472638
29	46	0.000478631
29	47	0.000772436
29	48	0.000478606
29	49	0.000455328
29	50	0.000490328
29	51	0.000442617
29	52	0.000554081
29	53	0.000492056
29	54	0.000639371
29	55	0.000514767
29	56	0.000735426
29	57	0.00113523
29	58	0.00055858
29	59	0.000820733
29	60	0.000530842
29	61	0.000600391
29	62	0.000441151
29	63	0.000848138
29	64	0.000775946
29	65	0.000573283
29	66	0.000516978
29	67	0.000507043
29	68	0.000645995
29	69	0.00082932
29	70	0.000457322
29	71	0.000495976
30	0	0.000555615
30	1	0.000634609
30	2	0.000660716
30	3	0.000564316
30	4	6.04701e-17
30	5	0.000896579
30	6	0.000292542
30	7	0.000360277
30	8	0.000659635
30	9	0.000601996
30	10	0.000304109
30	11	0.000913998
30	12	0.000284563
30	13	5.22823e-17
30	14	0.000300639
30	15	0.000333014
30	16	0.000363637
30	17	0.000302625
30	18	0.000596481
30	19	0.00060198
30	20	0.00029976
30	21	0.000284901
30	22	0.00044519
30	23	0.000281698
30	24	0.000713435
30	25	0.000324594
30	26	0.000613111
30	27	0.107349
30	28	0.00043897
30	29	0.000388161
30	30	0.000323975
30	31	0.000554114
30	32	1.91838e-17
30	33	0.000574467
30	34	0.000614166
30	35	0.000300485
30	36	0.000401274
30	37	0.000358073
30	38	0.000567003
30	39	0.00028822
30	40	0.000350333
30	41	0.000502123
30	42	0.000548105
30	43	0.000323697
30	44	0.000413057
30	45	0.000312894
30	46	0.000318888
30	47	0.000612692
30	48	0.000318863
30	49	0.000295584
30	50	0.000330585
30	51	0.000282873
30	52	0.000394338
30	53	0.000332312
30	54	0.000479628
30	55	0.000355024
30	56	0.000575682
30	57	0.000975487
30	58	0.000398836
30	59	0.00066099
30	60	0.000371099
30	61	2.46354e-17
30	62	0.000281407
30	63	0.000688395
30	64	0.000616203
30	65	0.000413539
30	66	0.000357234
30	67	0.0003473
30	68	0.000486252
30	69	0.000669576
30	70	0.000297578
30	71	0.000336232
31	0	0.000945279
31	1	0.00102427
31	2	0.00105038
31	3	0.00095398
31	4	0.000798038
31	5	0.00128624
31	6	4.87729e-17
31	7	0.000749941
31	8	0.0010493
31	9	0.00099166
31	10	5.14206e-17
31	11	0.00130366
31	12	0.000674227
31	13	0.000667927
31	14	0.000690302
31	15	0.000722678
31	16	0.000753301
31	17	0.000692289
31	18	0.000986145
31	19	0.000991644
31	20	0.000689424
31	21	0.000674565
31	22	0.000834854
31	23	1.8658e-17
31	24	0.0011031
31	25	0.000714258
31	26	0.00100278
31	27	0.107739
31	28	0.000828633
31	29	0.000777824
31	30	0.000713639
31	31	0.000943778
31	32	0.000692603
31	33	0.00096413
31	34	0.00100383
31	35	0.000690149
31	36	0.000790937
31	37	0.000747736
31	38	0.000956667
31	39	0.000677884
31	40	0.000739997
31	41	0.000891787
31	42	0.000937769
31	43	0.000713361
31	44	0.00080272
31	45	6.91558e-17
31	46	0.000708551
31	47	0.00100236
31	48	0.000708527
31	49	0.000685248
31	50	0.000720249
31	51	2.64441e-17
31	52	0.000784001
31	53	0.000721976
31	54	0.000869291
31	55	0.000744688
31	56	0.000965346
31	57	0.00136515
31	58	0.0007885
31	59	0.00105065
31	60	0.000760762
31	61	0.000830311
31	62	2.94685e-18
31	63	0.00107806
31	64	0.00100587
31	65	0.000803203
31	66	0.000746898
31	67	0.000736964
31	68	0.000875916
31	69	0.00105924
31	70	0.000687242
31	71	0.000725896
32	0	0.00123581
32	1	0.00131481
32	2	0.00134091
32	3	0.00124451
32	4	6.10334e-17
32	5	0.00157678
32	6	4.74482e-17
32	7	0.00104047
32	8	0.00133983
32	9	0.00128219
32	10	2.47187e-17
32	11	0.0015942
32	12	4.26399e-17
32	13	6.69599e-17
32	14	0.000980836
32	15	0.00101321
32	16	0.00104383
32	17	0.000982822
32	18	0.00127668
32	19	0.00128218
32	20	0.000979957
32	21	0.000965098
32	22	0.00112539
32	23	8.24047e-17
32	24	0.00139363
32	25	0.00100479
32	26	0.00129331
32	27	0.108029
32	28	0.00111917
32	29	0.00106836
32	30	0.00100417
32	31	0.00123431
32	32	0.000983137
32	33	0.00125466
32	34	0.00129436
32	35	2.35258e-17
32	36	0.00108147
32	37	0.00103827
32	38	0.0012472
32	39	0.000968417
32	40	0.00103053
32	41	0.00118232
32	42	0.0012283
32	43	0.00100389
32	44	0.00109325
32	45	2.75607e-18
32	46	0.000999085
32	47	0.00129289
32	48	0.00099906
32	49	6.24722e-17
32	50	0.00101078
32	51	6.29966e-17
32	52	0.00107453
32	53	0.00101251
32	54	0.00115982
32	55	0.00103522
32	56	0.00125588
32	57	0.00165568
32	58	0.00107903
32	59	0.00134119
32	60	0.0010513
32	61	0.00112084
32	62	4.44048e-17
32	63	0.00136859
32	64	0.0012964
32	65	0.00109374
32	66	0.00103743
32	67	0.0010275
32	68	0.00116645
32	69	0.00134977
32	70	0.000977776
32	71	0.00101643
33	0	0.00102446
33	1	0.00110345
33	2	0.00112956
33	3	0.00103316
33	4	0.00087722
33	5	0.00136542
33	6	5.94349e-17
33	7	0.000829123
33	8	0.00112848
33	9	0.00107084
33	10	0.000772954
33	11	0.00138284
33	12	0.000753409
33	13	0.000747109
33	14	0.000769484
33	15	0.00080186
33	16	0.000832482
33	17	0.00077147
33	18	0.00106533
33	19	0.00107083
33	20	0.000768606
33	21	0.000753747
33	22	0.000914036
33	23	0.000750543
33	24	0.00118228
33	25	0.00079344
33	26	0.00108196
33	27	0.107818
33	28	0.000907815
33	29	0.000857006
33	30	0.000792821
33	31	0.00102296
33	32	0.000771785
33	33	0.00104331
33	34	0.00108301
33	35	0.00076933
33	36	0.000870119
33	37	0.000826918
33	38	0.00103585
33	39	0.000757066
33	40	0.000819179
33	41	0.000970969
33	42	0.00101695
33	43	0.000792542
33	44	0.000881902
33	45	5.34735e-17
33	46	0.000787733
33	47	0.00108154
33	48	0.000787709
33	49	0.00076443
33	50	0.000799431
33	51	5.60029e-17
33	52	0.000863183
33	53	0.000801158
33	54	0.000948473
33	55	0.00082387
33	56	0.00104453
33	57	0.00144433
33	58	0.000867682
33	59	0.00112984
33	60	0.000839944
33	61	0.000909493
33	62	0.000750253
33	63	0.00115724
33	64	0.00108505
33	65	0.000882385
33	66	0.00082608
33	67	0.000816146
33	68	0.000955098
33	69	0.00113842
33	70	0.000766424
33	71	0.000805078
34	0	0.00117321
34	1	0.0012522
34	2	0.00127831
34	3	0.00118191
34	4	0.00102597
34	5	0.00151417
34	6	0.000910138
34	7	0.000977873
34	8	0.00127723
34	9	0.00121959
34	10	0.000921704
34	11	0.00153159
34	12	0.000902159
34	13	0.000895859
34	14	0.000918234
34	15	0.00095061
34	16	0.000981233
34	17	0.000920221
34	18	0.00121408
34	19	0.00121958
34	20	0.000917356
34	21	0.000902497
34	22	0.00106279
34	23	0.000899293
34	24	0.00133103
34	25	0.00094219
34	26	0.00123071
34	27	0.107967
34	28	0.00105657
34	29	0.00100576
34	30	0.000941571
34	31	0.00117171
34	32	0.000920535
34	33	0.00119206
34	34	0.00123176
34	35	0.000918081
34	36	0.00101887
34	37	0.000975669
34	38	0.0011846
34	39	0.000905816
34	40	0.000967929
34	41	0.00111972
34	42	0.0011657
34	43	0.000941293
34	44	0.00103065
34	45	2.05877e-17
34	46	0.000936483
34	47	0.00123029
34	48	0.000936459
34	49	0.00091318
34	50	0.000948181
34	51	3.92598e-17
34	52	0.00101193
34	53	0.000949908
34	54	0.00109722
34	55	0.00097262
34	56	0.00119328
34	57	0.00159308
34	58	0.00101643
34	59	0.00127859
34	60	0.000988694
34	61	0.00105824
34	62	0.000899003
34	63	0.00130599
34	64	0.0012338
34	65	0.00103114
34	66	0.00097483
34	67	0.000964896
34	68	0.00110385
34	69	0.00128717
34	70	0.000915174
34	71	0.000953828
35	0	0.000767411
35	1	0.000846405
35	2	0.000872513
35	3	0.000776112
35	4	0.000620171
35	5	0.00110837
35	6	0.000504338
35	7	0.000572073
35	8	0.000871431
35	9	0.000813792
35	10	0.000515905
35	11	0.00112579
35	12	0.000496359
35	13	0.00049006
35	14	0.000512435
35	15	0.00054481
35	16	0.000575433
35	17	0.000514421
35	18	0.000808277
35	19	0.000813776
35	20	0.000511556
35	21	0.000496697
35	22	0.000656986
35	23	0.000493494
35	24	0.000925231
35	25	0.00053639
35	26	0.000824908
35	27	0.107561
35	28	0.000650766
35	29	0.000599957
35	30	0.000535771
35	31	0.00076591
35	32	0.000514736
35	33	0.000786263
35	34	0.000825962
35	35	0.000512281
35	36	0.00061307
35	37	0.000569869
35	38	0.000778799
35	39	0.000500016
35	40	0.000562129
35	41	0.000713919
35	42	0.000759901
35	43	0.000535493
35	44	0.000624853
35	45	2.21726e-17
35	46	0.000530684
35	47	0.000824488
35	48	0.000530659
35	49	0.00050738
35	50	0.000542381
35	51	0.000494669
35	52	0.000606134
35	53	0.000544109
35	54	0.000691424
35	55	0.00056682
35	56	0.000787478
35	57	0.00118728
35	58	0.000610632
35	59	0.000872786
35	60	0.000582895
35	61	6.63154e-17
35	62	0.000493203
35	63	0.000900191
35	64	0.000827999
35	65	0.000625335
35	66	0.00056903
35	67	0.000559096
35	68	0.000698048
35	69	0.000881372
35	70	0.000509374
35	71	0.000548029
36	0	0.000618521
36	1	0.000697514
36	2	0.000723622
36	3	0.000627222
36	4	0.00047128
36	5	0.000959484
36	6	1.64878e-17
36	7	0.000423183
36	8	0.00072254
36	9	0.000664902
36	10	1.3107e-17
36	11	0.000976904
36	12	0.000347469
36	13	0.000341169
36	14	0.000363544
36	15	0.00039592
36	16	0.000426542
36	17	0.00036553
36	18	0.000659387
36	19	0.000664885
36	20	0.000362665
36	21	0.000347806
36	22	0.000508095
36	23	5.21453e-17
36	24	0.00077634
36	25	8.27029e-17
36	26	0.000676017
36	27	0.107412
36	28	0.000501875
36	29	0.000451066
36	30	0.000386881
36	31	0.000617019
36	32	0.000365845
36	33	0.000637372
36	34	0.000677072
36	35	0.00036339
36	36	0.000464179
36	37	0.000420978
36	38	0.000629908
36	39	0.000351126
36	40	0.000413239
36	41	0.000565028
36	42	0.000611011
36	43	0.000386602
36	44	0.000475962
36	45	2.42465e-17
36	46	0.000381793
36	47	0.000675598
36	48	0.000381768
36	49	0.00035849
36	50	0.00039349
36	51	4.75164e-17
36	52	0.000457243
36	53	0.000395218
36	54	0.000542533
36	55	0.000417929
36	56	0.000638588
36	57	0.00103839
36	58	0.000461742
36	59	0.000723895
36	60	0.000434004
36	61	0.000503553
36	62	0.000344313
36	63	0.0007513
36	64	0.000679109
36	65	0.000476445
36	66	0.00042014
36	67	0.000410205
36	68	0.000549157
36	69	0.000732482
36	70	0.000360484
36	71	0.000399138
37	0	0.000842903
37	1	0.000921897
37	2	0.000948004
37	3	0.000851604
37	4	0.000695662
37	5	0.00118387
37	6	1.41978e-17
37	7	0.000647565
37	8	0.000946923
37	9	0.000889284
37	10	1.1978e-18
37	11	0.00120129
37	12	0.000571851
37	13	0.000565551
37	14	0.000587926
37	15	0.000620302
37	16	0.000650925
37	17	0.000589913
37	18	0.000883769
37	19	0.000889268
37	20	0.000587048
37	21	0.000572189
37	22	0.000732478
37	23	7.4687e-17
37	24	0.00100072
37	25	0.000611882
37	26	0.000900399
37	27	0.107636
37	28	0.000726257
37	29	0.000675449
37	30	0.000611263
37	31	0.000841402
37	32	0.000590227
37	33	0.000861755
37	34	0.000901454
37	35	0.000587773
37	36	0.000688561
37	37	0.000645361
37	38	0.000854291
37	39	0.000575508
37	40	0.000637621
37	41	0.000789411
37	42	0.000835393
37	43	0.000610985
37	44	0.000700344
37	45	5.91555e-17
37	46	0.000606175
37	47	0.00089998
37	48	0.000606151
37	49	0.000582872
37	50	0.000617873
37	51	0.000570161
37	52	0.000681625
37	53	0.0006196
37	54	0.000766916
37	55	0.000642312
37	56	0.00086297
37	57	0.00126277
37	58	0.000686124
37	59	0.000948277
37	60	0.000658386
37	61	0.000727936
37	62	0.000568695
37	63	0.000975683
37	64	0.000903491
37	65	0.000700827
37	66	0.000644522
37	67	0.000634588
37	68	0.00077354
37	69	0.000956864
37	70	0.000584866
37	71	0.00062352
38	0	0.000942695
38	1	0.00102169
38	2	0.0010478
38	3	0.000951396
38	4	0.000795454
38	5	0.00128366
38	6	2.22611e-17
38	7	0.000747357
38	8	0.00104671
38	9	0.000989076
38	10	2.4501e-17
38	11	0.00130108
38	12	0.000671643
38	13	4.33011e-17
38	14	0.000687718
38	15	0.000720094
38	16	0.000750716
38	17	0.000689704
38	18	0.000983561
38	19	0.000989059
38	20	0.00068684
38	21	0.000671981
38	22	0.00083227
38	23	0.000668777
38	24	0.00110051
38	25	0.000711674
38	26	0.00100019
38	27	0.107736
38	28	0.000826049
38	29	0.00077524
38	30	0.000711055
38	31	0.000941194
38	32	0.000690019
38	33	0.000961546
38	34	0.00100125
38	35	0.000687564
38	36	0.000788353
38	37	0.000745152
38	38	0.000954082
38	39	0.0006753
38	40	0.000737413
38	41	0.000889203
38	42	0.000935185
38	43	0.000710776
38	44	0.000800136
38	45	5.80329e-17
38	46	0.000705967
38	47	0.000999772
38	48	0.000705943
38	49	0.000682664
38	50	0.000717665
38	51	0.000669953
38	52	0.000781417
38	53	0.000719392
38	54	0.000866707
38	55	0.000742104
38	56	0.000962762
38	57	0.00136257
38	58	0.000785916
38	59	0.00104807
38	60	0.000758178
38	61	0.000827727
38	62	0.000668487
38	63	0.00107547
38	64	0.00100328
38	65	0.000800619
38	66	0.000744314
38	67	0.00073438
38	68	0.000873332
38	69	0.00105666
38	70	0.000684658
38	71	0.000723312
39	0	0.000708455
39	1	0.000787448
39	2	0.000813556
39	3	0.000717156
39	4	0.000561214
39	5	0.00104942
39	6	0.000445381
39	7	0.000513116
39	8	0.000812474
39	9	0.000754835
39	10	1.66808e-17
39	11	0.00106684
39	12	0.000437403
39	13	6.16438e-17
39	14	0.000453478
39	15	0.000485853
39	16	0.000516476
39	17	0.000455464
39	18	0.000749321
39	19	0.000754819
39	20	0.000452599
39	21	4.43507e-17
39	22	0.000598029
39	23	0.000434537
39	24	0.000866274
39	25	0.000477434
39	26	0.000765951
39	27	0.107502
39	28	5.17779e-17
39	29	0.000541
39	30	0.000476815
39	31	0.000706953
39	32	4.84513e-18
39	33	0.000727306
39	34	0.000767006
39	35	0.000453324
39	36	0.000554113
39	37	0.000510912
39	38	0.000719842
39	39	0.00044106
39	40	0.000503172
39	41	0.000654962
39	42	0.000700945
39	43	0.000476536
39	44	0.000565896
39	45	6.77232e-17
39	46	0.000471727
39	47	0.000765532
39	48	0.000471702
39	49	0.000448424
39	50	0.000483424
39	51	3.17961e-17
39	52	0.000547177
39	53	0.000485152
39	54	0.000632467
39	55	0.000507863
39	56	0.000728522
39	57	0.00112833
39	58	0.000551675
39	59	0.000813829
39	60	0.000523938
39	61	0.000593487
39	62	0.000434247
39	63	0.000841234
39	64	0.000769042
39	65	0.000566379
39	66	0.000510073
39	67	0.000500139
39	68	0.000639091
39	69	0.000822416
39	70	0.000450418
39	71	0.000489072
40	0	0.000577313
40	1	0.000656306
40	2	0.000682414
40	3	0.000586014
40	4	0.000430072
40	5	0.000918277
40	6	8.42454e-18
40	7	0.000381975
40	8	0.000681332
40	9	0.000623694
40	10	4.22192e-17
40	11	0.000935696
40	12	0.000306261
40	13	0.000299961
40	14	0.000322336
40	15	0.000354712
40	16	0.000385335
40	17	0.000324323
40	18	0.000618179
40	19	0.000623677
40	20	0.000321458
40	21	0.000306599
40	22	0.000466888
40	23	0.000303395
40	24	0.000735133
40	25	0.000346292
40	26	0.000634809
40	27	0.107371
40	28	0.000460667
40	29	0.000409858
40	30	0.000345673
40	31	0.000575812
40	32	0.000324637
40	33	0.000596164
40	34	0.000635864
40	35	0.000322183
40	36	0.000422971
40	37	0.00037977
40	38	0.000588701
40	39	0.000309918
40	40	0.000372031
40	41	0.000523821
40	42	0.000569803
40	43	0.000345395
40	44	0.000434754
40	45	0.000334592
40	46	0.000340585
40	47	0.00063439
40	48	0.000340561
40	49	0.000317282
40	50	0.000352283
40	51	0.000304571
40	52	0.000416035
40	53	0.00035401
40	54	0.000501325
40	55	0.000376722
40	56	0.00059738
40	57	0.000997185
40	58	0.000420534
40	59	0.000682687
40	60	0.000392796
40	61	0.000462345
40	62	0.000303105
40	63	0.000710093
40	64	0.000637901
40	65	0.000435237
40	66	0.000378932
40	67	0.000368998
40	68	0.00050795
40	69	0.000691274
40	70	0.000319276
40	71	0.00035793
41	0	0.000928745
41	1	0.00100774
41	2	0.00103385
41	3	0.000937446
41	4	0.000781504
41	5	0.00126971
41	6	5.52028e-17
41	7	0.000733407
41	8	0.00103276
41	9	0.000975126
41	10	4.5734e-18
41	11	0.00128713
41	12	0.000657693
41	13	0.000651393
41	14	0.000673768
41	15	0.000706144
41	16	0.000736766
41	17	0.000675754
41	18	0.000969611
41	19	0.000975109
41	20	0.00067289
41	21	0.000658031
41	22	0.000818319
41	23	0.000654827
41	24	0.00108656
41	25	0.000697724
41	26	0.000986241
41	27	0.107722
41	28	0.000812099
41	29	0.00076129
41	30	0.000697105
41	31	0.000927244
41	32	0.000676069
41	33	0.000947596
41	34	0.000987296
41	35	0.000673614
41	36	0.000774403
41	37	0.000731202
41	38	0.000940132
41	39	0.00066135
41	40	0.000723463
41	41	0.000875253
41	42	0.000921235
41	43	0.000696826
41	44	0.000786186
41	45	3.63327e-17
41	46	0.000692017
41	47	0.000985822
41	48	0.000691993
41	49	0.000668714
41	50	0.000703715
41	51	0.000656003
41	52	0.000767467
41	53	0.000705442
41	54	0.000852757
41	55	0.000728153
41	56	0.000948812
41	57	0.00134862
41	58	0.000771966
41	59	0.00103412
41	60	0.000744228
41	61	0.000813777
41	62	0.000654537
41	63	0.00106152
41	64	0.000989333
41	65	0.000786669
41	66	0.000730364
41	67	0.000720429
41	68	0.000859381
41	69	0.00104271
41	70	0.000670708
41	71	0.000709362
42	0	0.00114722
42	1	0.00122622
42	2	0.00125232
42	3	0.00115592
42	4	0.000999982
42	5	0.00148819
42	6	5.25794e-17
42	7	0.000951885
42	8	0.00125124
42	9	0.0011936
42	10	0.000895717
42	11	0.00150561
42	12	0.000876171
42	13	0.000869872
42	14	0.000892247
42	15	0.000924622
42	16	0.000955245
42	17	0.000894233
42	18	0.00118809
42	19	0.00119359
42	20	0.000891368
42	21	0.000876509
42	22	0.0010368
42	23	0.000873306
42	24	0.00130504
42	25	0.000916202
42	26	0.00120472
42	27	0.107941
42	28	0.00103058
42	29	0.000979769
42	30	0.000915583
42	31	0.00114572
42	32	0.000894547
42	33	0.00116607
42	34	0.00120577
42	35	0.000892093
42	36	0.000992882
42	37	0.000949681
42	38	0.00115861
42	39	0.000879828
42	40	0.000941941
42	41	0.00109373
42	42	0.00113971
42	43	0.000915305
42	44	0.00100466
42	45	1.01236e-17
42	46	0.000910496
42	47	0.0012043
42	48	0.000910471
42	49	8.63014e-18
42	50	0.000922193
42	51	1.537e-17
42	52	0.000985946
42	53	0.00092392
42	54	0.00107124
42	55	0.000946632
42	56	0.00116729
42	57	0.00156709
42	58	0.000990444
42	59	0.0012526
42	60	0.000962707
42	61	0.00103226
42	62	8.11669e-17
42	63	0.00128
42	64	0.00120781
42	65	0.00100515
42	66	0.000948842
42	67	0.000938908
42	68	0.00107786
42	69	0.00126118
42	70	0.000889186
42	71	0.00092784
43	0	0.000586895
43	1	0.000665889
43	2	0.000691996
43	3	0.000595596
43	4	0.000439654
43	5	0.000927859
43	6	2.72798e-17
43	7	0.000391557
43	8	0.000690915
43	9	0.000633276
43	10	0.000335389
43	11	0.000945278
43	12	0.000315843
43	13	0.000309544
43	14	0.000331918
43	15	0.000364294
43	16	0.000394917
43	17	0.000333905
43	18	0.000627761
43	19	0.00063326
43	20	0.00033104
43	21	0.000316181
43	22	0.00047647
43	23	4.23893e-17
43	24	0.000744715
43	25	0.000355874
43	26	0.000644391
43	27	0.10738
43	28	0.000470249
43	29	0.000419441
43	30	0.000355255
43	31	0.000585394
43	32	0.000334219
43	33	0.000605747
43	34	0.000645446
43	35	0.000331765
43	36	0.000432553
43	37	0.000389353
43	38	0.000598283
43	39	0.0003195
43	40	0.000381613
43	41	0.000533403
43	42	0.000579385
43	43	0.000354977
43	44	0.000444337
43	45	1.9464e-18
43	46	0.000350168
43	47	0.000643972
43	48	0.000350143
43	49	0.000326864
43	50	0.000361865
43	51	7.25139e-17
43	52	0.000425617
43	53	0.000363592
43	54	0.000510908
43	55	0.000386304
43	56	0.000606962
43	57	0.00100677
43	58	0.000430116
43	59	0.000692269
43	60	0.000402378
43	61	0.000471928
43	62	0.000312687
43	63	0.000719675
43	64	0.000647483
43	65	0.000444819
43	66	0.000388514
43	67	0.00037858
43	68	0.000517532
43	69	0.000700856
43	70	0.000328858
43	71	0.000367512
44	0	0.00104615
44	1	0.00112514
44	2	0.00115125
44	3	7.55299e-17
44	4	3.98315e-17
44	5	0.00138711
44	6	5.07775e-17
44	7	0.000850808
44	8	0.00115017
44	9	0.00109253
44	10	1.24543e-17
44	11	0.00140453
44	12	5.49112e-17
44	13	2.21006e-17
44	14	0.000791169
44	15	0.000823545
44	16	0.000854167
44	17	0.000793155
44	18	0.00108701
44	19	0.00109251
44	20	0.00079029
44	21	0.000775431
44	22	0.00093572
44	23	5.35668e-17
44	24	0.00120397
44	25	0.000815125
44	26	0.00110364
44	27	0.10784
44	28	8.13622e-17
44	29	0.000878691
44	30	0.000814506
44	31	0.00104464
44	32	2.08605e-18
44	33	0.001065
44	34	0.0011047
44	35	0.000791015
44	36	0.000891804
44	37	0.000848603
44	38	0.00105753
44	39	0.000778751
44	40	7.74953e-17
44	41	0.000992654
44	42	0.00103864
44	43	2.43687e-17
44	44	0.000903587
44	45	5.77576e-17
44	46	8.39767e-18
44	47	0.00110322
44	48	0.000809394
44	49	5.95193e-17
44	50	0.000821115
44	51	6.11387e-17
44	52	0.000884868
44	53	0.000822843
44	54	0.000970158
44	55	0.000845554
44	56	0.00106621
44	57	0.00146602
44	58	0.000889367
44	59	0.00115152
44	60	0.000861629
44	61	4.03711e-17
44	62	1.63469e-17
44	63	0.00117893
44	64	0.00110673
44	65	0.00090407
44	66	0.000847765
44	67	0.00083783
44	68	0.000976782
44	69	0.00116011
44	70	0.000788109
44	71	0.000826763
45	0	0.00169618
45	1	0.00177517
45	2	0.00180128
45	3	0.00170488
45	4	8.22377e-18
45	5	4.56411e-17
45	6	6.18214e-17
45	7	3.84154e-17
45	8	0.0018002
45	9	0.00174256
45	10	0.00144467
45	11	0.00205456
45	12	0.00142513
45	13	4.05044e-18
45	14	0.0014412
45	15	1.44584e-17
45	16	0.0015042
45	17	0.00144319
45	18	0.00173705
45	19	0.00174255
45	20	0.00144033
45	21	4.00803e-17
45	22	0.00158576
45	23	1.23699e-17
45	24	0.001854
45	25	5.72776e-17
45	26	0.00175368
45	27	0.10849
45	28	6.49375e-17
45	29	0.00152873
45	30	1.46139e-17
45	31	0.00169468
45	32	0.00144351
45	33	0.00171503
45	34	0.00175473
45	35	2.68216e-17
45	36	0.00154184
45	37	7.98986e-17
45	38	0.00170757
45	39	2.9567e-18
45	40	0.0014909
45	41	0.00164269
45	42	0.00168867
45	43	0.00146426
45	44	0.00155362
45	45	0.00145346
45	46	4.83029e-17
45	47	0.00175326
45	48	0.00145943
45	49	7.46729e-17
45	50	0.00147115
45	51	1.65538e-17
45	52	0.0015349
45	53	0.00147288
45	54	0.00162019
45	55	0.00149559
45	56	0.00171625
45	57	0.00211605
45	58	0.0015394
45	59	0.00180156
45	60	0.00151166
45	61	0.00158121
45	62	4.25591e-18
45	63	0.00182896
45	64	0.00175677
45	65	0.0015541
45	66	0.0014978
45	67	0.00148787
45	68	0.00162682
45	69	0.00181014
45	70	0.00143814
45	71	5.08575e-17
46	0	0.00106331
46	1	0.00114231
46	2	0.00116841
46	3	0.00107201
46	4	0.000916072
46	5	0.00140428
46	6	4.96065e-17
46	7	0.000867974
46	8	0.00116733
46	9	0.00110969
46	10	6.87119e-17
46	11	0.0014217
46	12	0.000792261
46	13	4.72278e-17
46	14	0.000808336
46	15	0.000840711
46	16	0.000871334
46	17	0.000810322
46	18	0.00110418
46	19	0.00110968
46	20	0.000807457
46	21	0.000792598
46	22	0.000952887
46	23	4.33049e-17
46	24	0.00122113
46	25	4.63067e-17
46	26	0.00112081
46	27	0.107857
46	28	0.000946667
46	29	0.000895858
46	30	0.000831672
46	31	0.00106181
46	32	0.000810637
46	33	0.00108216
46	34	0.00112186
46	35	0.000808182
46	36	0.000908971
46	37	0.00086577
46	38	0.0010747
46	39	0.000795917
46	40	0.00085803
46	41	0.00100982
46	42	0.0010558
46	43	0.000831394
46	44	0.000920754
46	45	3.85405e-17
46	46	0.000826585
46	47	0.00112039
46	48	0.00082656
46	49	2.32916e-17
46	50	0.000838282
46	51	6.90702e-17
46	52	0.000902035
46	53	0.00084001
46	54	0.000987325
46	55	0.000862721
46	56	0.00108338
46	57	0.00148318
46	58	0.000906533
46	59	0.00116869
46	60	0.000878796
46	61	0.000948345
46	62	5.80176e-17
46	63	0.00119609
46	64	0.0011239
46	65	0.000921237
46	66	0.000864931
46	67	0.000854997
46	68	0.000993949
46	69	0.00117727
46	70	0.000805276
46	71	0.00084393
47	0	0.00116787
47	1	0.00124687
47	2	0.00127297
47	3	0.00117657
47	4	3.38972e-17
47	5	0.00150884
47	6	8.06271e-17
47	7	0.000972536
47	8	0.00127189
47	9	0.00121425
47	10	8.15162e-17
47	11	0.00152626
47	12	0.000896822
47	13	5.39367e-17
47	14	0.000912897
47	15	0.000945273
47	16	0.000975895
47	17	0.000914883
47	18	0.00120874
47	19	0.00121424
47	20	0.000912018
47	21	0.000897159
47	22	0.00105745
47	23	0.000893956
47	24	0.00132569
47	25	0.000936853
47	26	0.00122537
47	27	0.107961
47	28	0.00105123
47	29	0.00100042
47	30	0.000936234
47	31	0.00116637
47	32	0.000915198
47	33	0.00118673
47	34	0.00122642
47	35	0.000912743
47	36	0.00101353
47	37	0.000970331
47	38	0.00117926
47	39	0.000900479
47	40	0.000962592
47	41	0.00111438
47	42	0.00116036
47	43	0.000935955
47	44	3.26678e-17
47	45	6.03679e-17
47	46	0.000931146
47	47	0.00122495
47	48	0.000931122
47	49	0.000907843
47	50	0.000942843
47	51	5.48726e-17
47	52	0.0010066
47	53	0.000944571
47	54	0.00109189
47	55	0.000967282
47	56	0.00118794
47	57	0.00158775
47	58	0.00101109
47	59	0.00127325
47	60	0.000983357
47	61	0.00105291
47	62	0.000893666
47	63	0.00130065
47	64	0.00122846
47	65	0.0010258
47	66	0.000969493
47	67	0.000959558
47	68	0.00109851
47	69	0.00128183
47	70	0.000909837
47	71	0.000948491
48	0	0.00108011
48	1	0.0011591
48	2	0.00118521
48	3	0.00108881
48	4	4.86305e-18
48	5	0.00142107
48	6	6.18157e-17
48	7	0.000884768
48	8	0.00118413
48	9	0.00112649
48	10	4.31255e-17
48	11	0.00143849
48	12	0.000809055
48	13	7.94701e-18
48	14	0.00082513
48	15	0.000857505
48	16	0.000888128
48	17	0.000827116
48	18	0.00112097
48	19	0.00112647
48	20	0.000824251
48	21	0.000809392
48	22	0.000969681
48	23	8.19552e-17
48	24	0.00123793
48	25	1.84393e-17
48	26	0.0011376
48	27	0.107874
48	28	0.000963461
48	29	0.000912652
48	30	0.000848466
48	31	0.00107861
48	32	0.000827431
48	33	0.00109896
48	34	0.00113866
48	35	0.000824976
48	36	0.000925765
48	37	0.000882564
48	38	0.00109149
48	39	2.14099e-18
48	40	0.000874824
48	41	0.00102661
48	42	0.0010726
48	43	0.000848188
48	44	0.000937548
48	45	5.84789e-18
48	46	7.2826e-18
48	47	0.00113718
48	48	0.000843354
48	49	6.91698e-17
48	50	0.000855076
48	51	6.46369e-17
48	52	0.000918829
48	53	0.000856804
48	54	0.00100412
48	55	0.000879515
48	56	0.00110017
48	57	0.00149998
48	58	0.000923327
48	59	0.00118548
48	60	0.00089559
48	61	0.000965139
48	62	4.09673e-17
48	63	0.00121289
48	64	0.00114069
48	65	0.000938031
48	66	0.000881725
48	67	0.000871791
48	68	0.00101074
48	69	0.00119407
48	70	0.00082207
48	71	0.000860724
49	0	0.000802952
49	1	0.000881945
49	2	0.000908053
49	3	6.10587e-17
49	4	5.07171e-17
49	5	3.02655e-17
49	6	1.42288e-17
49	7	0.000607614
49	8	0.000906971
49	9	0.000849333
49	10	0.000551445
49	11	0.00116133
49	12	0.0005319
49	13	1.01292e-17
49	14	0.000547975
49	15	0.000580351
49	16	0.000610973
49	17	0.000549961
49	18	0.000843818
49	19	0.000849316
49	20	0.000547097
49	21	6.91064e-17
49	22	0.000692526
49	23	0.000529034
49	24	0.000960772
49	25	0.000571931
49	26	0.000860448
49	27	0.107596
49	28	7.10004e-18
49	29	0.000635497
49	30	0.000571312
49	31	0.000801451
49	32	0.000550276
49	33	0.000821803
49	34	0.000861503
49	35	0.000547821
49	36	0.00064861
49	37	0.000605409
49	38	0.000814339
49	39	5.09883e-17
49	40	0.00059767
49	41	0.00074946
49	42	0.000795442
49	43	0.000571033
49	44	0.000660393
49	45	6.95276e-17
49	46	6.89016e-17
49	47	0.000860029
49	48	3.98319e-17
49	49	0.000542921
49	50	0.000577922
49	51	4.92131e-17
49	52	0.000641674
49	53	0.000579649
49	54	0.000726964
49	55	0.00060236
49	56	0.000823019
49	57	0.00122282
49	58	0.000646173
49	59	0.000908326
49	60	0.000618435
49	61	0.000687984
49	62	0.000528744
49	63	0.000935731
49	64	0.00086354
49	65	0.000660876
49	66	0.000604571
49	67	0.000594636
49	68	0.000733588
49	69	0.000916913
49	70	1.80546e-17
49	71	0.000583569
50	0	0.000995554
50	1	0.00107455
50	2	0.00110065
50	3	0.00100425
50	4	0.000848313
50	5	0.00133652
50	6	4.87837e-17
50	7	0.000800215
50	8	0.00109957
50	9	0.00104193
50	10	0.000744047
50	11	0.00135394
50	12	0.000724502
50	13	0.000718202
50	14	0.000740577
50	15	0.000772952
50	16	0.000803575
50	17	0.000742563
50	18	0.00103642
50	19	0.00104192
50	20	0.000739698
50	21	6.3343e-17
50	22	0.000885128
50	23	0.000721636
50	24	0.00115337
50	25	0.000764532
50	26	0.00105305
50	27	0.107789
50	28	0.000878908
50	29	0.000828099
50	30	0.000763913
50	31	0.000994052
50	32	3.99094e-17
50	33	0.0010144
50	34	0.0010541
50	35	0.000740423
50	36	0.000841212
50	37	0.000798011
50	38	0.00100694
50	39	0.000728158
50	40	0.000790271
50	41	0.000942061
50	42	0.000988044
50	43	0.000763635
50	44	0.000852995
50	45	8.12287e-17
50	46	0.000758826
50	47	0.00105263
50	48	0.000758801
50	49	0.000735523
50	50	0.000770523
50	51	0.000722812
50	52	0.000834276
50	53	0.000772251
50	54	0.000919566
50	55	0.000794962
50	56	0.00101562
50	57	0.00141543
50	58	0.000838774
50	59	0.00110093
50	60	0.000811037
50	61	0.000880586
50	62	0.000721346
50	63	0.00112833
50	64	0.00105614
50	65	0.000853478
50	66	0.000797172
50	67	0.000787238
50	68	0.00092619
50	69	0.00110951
50	70	0.000737517
50	71	0.000776171
51	0	0.00047742
51	1	0.000556413
51	2	0.000582521
51	3	5.53481e-18
51	4	3.34393e-17
51	5	7.93392e-17
51	6	6.77379e-17
51	7	0.000282082
51	8	0.000581439
51	9	0.000523801
51	10	3.8069e-17
51	11	0.000835803
51	12	5.36576e-17
51	13	7.3638e-17
51	14	0.000222443
51	15	0.000254819
51	16	0.000285441
51	17	0.000224429
51	18	0.000518286
51	19	0.000523784
51	20	0.000221565
51	21	5.81073e-18
51	22	0.000366994
51	23	0.000203502
51	24	0.00063524
51	25	7.20705e-17
51	26	0.000534916
51	27	0.107271
51	28	1.18958e-17
51	29	0.000309965
51	30	0.00024578
51	31	0.000475919
51	32	9.33409e-18
51	33	5.3485e-17
51	34	0.000535971
51	35	1.8752e-17
51	36	0.000323078
51	37	0.000279877
51	38	0.000488807
51	39	0.000210025
51	40	2.11097e-17
51	41	0.000423928
51	42	0.00046991
51	43	0.000245501
51	44	3.12194e-18
51	45	6.36347e-17
51	46	6.61901e-17
51	47	0.000534497
51	48	1.16571e-18
51	49	0.000217389
51	50	0.00025239
51	51	0.000204678
51	52	0.000316142
51	53	0.000254117
51	54	0.000401432
51	55	0.000276828
51	56	4.85534e-17
51	57	0.000897291
51	58	0.000320641
51	59	0.000582794
51	60	0.000292903
51	61	5.84256e-17
51	62	0.000203212
51	63	4.78089e-17
51	64	0.000538008
51	65	0.000335344
51	66	6.87324e-17
51	67	0.000269104
51	68	6.89472e-17
51	69	0.000591381
51	70	0.000219383
51	71	2.51094e-17
52	0	0.000795135
52	1	0.000874129
52	2	0.000900236
52	3	0.000803836
52	4	0.000647895
52	5	0.0011361
52	6	4.32463e-17
52	7	0.000599797
52	8	0.000899155
52	9	0.000841516
52	10	8.30711e-17
52	11	0.00115352
52	12	0.000524083
52	13	0.000517784
52	14	0.000540159
52	15	0.000572534
52	16	0.000603157
52	17	0.000542145
52	18	0.000836001
52	19	0.0008415
52	20	0.00053928
52	21	0.000524421
52	22	0.00068471
52	23	5.96844e-17
52	24	0.000952955
52	25	0.000564114
52	26	0.000852632
52	27	0.107589
52	28	0.00067849
52	29	0.000627681
52	30	0.000563495
52	31	0.000793634
52	32	0.000542459
52	33	0.000813987
52	34	0.000853686
52	35	0.000540005
52	36	0.000640794
52	37	0.000597593
52	38	0.000806523
52	39	0.00052774
52	40	0.000589853
52	41	0.000741643
52	42	0.000787625
52	43	0.000563217
52	44	0.000652577
52	45	0.000552414
52	46	0.000558408
52	47	0.000852212
52	48	0.000558383
52	49	0.000535104
52	50	0.000570105
52	51	0.000522393
52	52	0.000633858
52	53	0.000571833
52	54	0.000719148
52	55	0.000594544
52	56	0.000815202
52	57	0.00121501
52	58	0.000638356
52	59	0.00090051
52	60	0.000610619
52	61	0.000680168
52	62	0.000520927
52	63	0.000927915
52	64	0.000855723
52	65	0.000653059
52	66	0.000596754
52	67	0.00058682
52	68	0.000725772
52	69	0.000909096
52	70	0.000537098
52	71	0.000575753
53	0	0.00105928
53	1	0.00113828
53	2	0.00116439
53	3	0.00106799
53	4	0.000912044
53	5	0.00140025
53	6	4.0261e-17
53	7	0.000863947
53	8	0.0011633
53	9	0.00110567
53	10	0.000807778
53	11	0.00141767
53	12	0.000788233
53	13	0.000781933
53	14	0.000804308
53	15	0.000836683
53	16	0.000867306
53	17	0.000806294
53	18	0.00110015
53	19	0.00110565
53	20	0.000803429
53	21	0.00078857
53	22	0.000948859
53	23	0.000785367
53	24	0.0012171
53	25	0.000828264
53	26	0.00111678
53	27	0.107853
53	28	0.000942639
53	29	0.00089183
53	30	0.000827645
53	31	0.00105778
53	32	0.000806609
53	33	0.00107814
53	34	0.00111784
53	35	0.000804154
53	36	0.000904943
53	37	0.000861742
53	38	0.00107067
53	39	0.00079189
53	40	0.000854002
53	41	0.00100579
53	42	0.00105177
53	43	0.000827366
53	44	0.000916726
53	45	4.2397e-18
53	46	0.000822557
53	47	0.00111636
53	48	0.000822532
53	49	0.000799254
53	50	0.000834254
53	51	0.000786543
53	52	0.000898007
53	53	0.000835982
53	54	0.000983297
53	55	0.000858693
53	56	0.00107935
53	57	0.00147916
53	58	0.000902506
53	59	0.00116466
53	60	0.000874768
53	61	0.000944317
53	62	0.000785077
53	63	0.00119206
53	64	0.00111987
53	65	0.000917209
53	66	0.000860904
53	67	0.000850969
53	68	0.000989921
53	69	0.00117325
53	70	0.000801248
53	71	0.000839902
54	0	0.000854521
54	1	0.000933514
54	2	0.000959622
54	3	0.000863221
54	4	0.00070728
54	5	0.00119548
54	6	3.11895e-17
54	7	0.000659182
54	8	0.00095854
54	9	0.000900901
54	10	0.000603014
54	11	0.0012129
54	12	0.000583469
54	13	4.17536e-17
54	14	0.000599544
54	15	0.000631919
54	16	0.000662542
54	17	0.00060153
54	18	0.000895386
54	19	0.000900885
54	20	0.000598665
54	21	0.000583806
54	22	0.000744095
54	23	5.42691e-17
54	24	0.00101234
54	25	0.000623499
54	26	0.000912017
54	27	0.107648
54	28	0.000737875
54	29	0.000687066
54	30	0.00062288
54	31	0.000853019
54	32	0.000601845
54	33	0.000873372
54	34	0.000913071
54	35	0.00059939
54	36	0.000700179
54	37	0.000656978
54	38	0.000865908
54	39	0.000587125
54	40	0.000649238
54	41	0.000801028
54	42	0.000847011
54	43	0.000622602
54	44	0.000711962
54	45	4.71931e-17
54	46	0.000617793
54	47	0.000911597
54	48	0.000617768
54	49	0.00059449
54	50	0.00062949
54	51	4.21813e-17
54	52	0.000693243
54	53	0.000631218
54	54	0.000778533
54	55	0.000653929
54	56	0.000874588
54	57	0.00127439
54	58	0.000697741
54	59	0.000959895
54	60	0.000670004
54	61	0.000739553
54	62	7.18178e-17
54	63	0.0009873
54	64	0.000915108
54	65	0.000712445
54	66	0.000656139
54	67	0.000646205
54	68	0.000785157
54	69	0.000968482
54	70	0.000596484
54	71	0.000635138
55	0	0.000832611
55	1	0.000911605
55	2	0.000937712
55	3	0.000841312
55	4	0.00068537
55	5	0.00117357
55	6	5.4753e-17
55	7	0.000637273
55	8	0.00093663
55	9	0.000878992
55	10	0.000581104
55	11	0.00119099
55	12	0.000561559
55	13	0.000555259
55	14	0.000577634
55	15	0.00061001
55	16	0.000640633
55	17	0.000579621
55	18	0.000873477
55	19	0.000878976
55	20	0.000576756
55	21	0.000561897
55	22	0.000722186
55	23	2.20494e-17
55	24	0.000990431
55	25	0.00060159
55	26	0.000890107
55	27	0.107626
55	28	0.000715965
55	29	0.000665157
55	30	0.000600971
55	31	0.00083111
55	32	1.94e-17
55	33	0.000851462
55	34	0.000891162
55	35	7.29851e-17
55	36	0.000678269
55	37	0.000635069
55	38	0.000843999
55	39	0.000565216
55	40	0.000627329
55	41	0.000779119
55	42	0.000825101
55	43	0.000600693
55	44	0.000690052
55	45	6.1876e-17
55	46	0.000595883
55	47	0.000889688
55	48	0.000595859
55	49	0.00057258
55	50	0.000607581
55	51	1.09246e-17
55	52	0.000671333
55	53	0.000609308
55	54	0.000756623
55	55	0.00063202
55	56	0.000852678
55	57	0.00125248
55	58	0.000675832
55	59	0.000937985
55	60	0.000648094
55	61	0.000717644
55	62	5.2137e-17
55	63	0.000965391
55	64	0.000893199
55	65	0.000690535
55	66	0.00063423
55	67	0.000624296
55	68	0.000763248
55	69	0.000946572
55	70	0.000574574
55	71	0.000613228
56	0	0.00092967
56	1	0.00100866
56	2	0.00103477
56	3	0.000938371
56	4	8.30204e-17
56	5	0.00127063
56	6	3.44649e-17
56	7	0.000734332
56	8	0.00103369
56	9	0.000976051
56	10	2.0544e-17
56	11	0.00128805
56	12	0.000658618
56	13	0.000652318
56	14	0.000674693
56	15	0.000707069
56	16	0.000737691
56	17	0.000676679
56	18	0.000970536
56	19	0.000976034
56	20	0.000673815
56	21	0.000658956
56	22	0.000819244
56	23	0.000655752
56	24	0.00108749
56	25	0.000698649
56	26	0.000987166
56	27	0.107723
56	28	0.000813024
56	29	0.000762215
56	30	0.00069803
56	31	0.000928169
56	32	0.000676994
56	33	0.000948521
56	34	0.000988221
56	35	0.000674539
56	36	0.000775328
56	37	0.000732127
56	38	0.000941057
56	39	0.000662275
56	40	0.000724388
56	41	0.000876178
56	42	0.00092216
56	43	0.000697751
56	44	0.000787111
56	45	8.19862e-17
56	46	0.000692942
56	47	0.000986747
56	48	0.000692918
56	49	6.652e-17
56	50	0.00070464
56	51	1.72662e-17
56	52	0.000768392
56	53	0.000706367
56	54	0.000853682
56	55	0.000729078
56	56	0.000949737
56	57	0.00134954
56	58	0.000772891
56	59	0.00103504
56	60	0.000745153
56	61	0.000814702
56	62	7.18032e-19
56	63	0.00106245
56	64	0.000990258
56	65	0.000787594
56	66	0.000731289
56	67	0.000721354
56	68	0.000860306
56	69	0.00104363
56	70	0.000671633
56	71	0.000710287
57	0	0.00173444
57	1	0.00181343
57	2	0.00183954
57	3	0.00174314
57	4	0.0015872
57	5	0.0020754
57	6	2.86943e-17
57	7	0.0015391
57	8	0.00183846
57	9	0.00178082
57	10	0.00148293
57	11	0.00209282
57	12	0.00146339
57	13	0.00145709
57	14	0.00147946
57	15	0.00151184
57	16	0.00154246
57	17	0.00148145
57	18	0.0017753
57	19	0.0017808
57	20	0.00147858
57	21	0.00146372
57	22	0.00162401
57	23	5.87313e-17
57	24	0.00189226
57	25	2.45512e-17
57	26	0.00179194
57	27	0.108528
57	28	0.00161779
57	29	0.00156698
57	30	0.0015028
57	31	0.00173294
57	32	0.00148176
57	33	0.00175329
57	34	0.00179299
57	35	0.00147931
57	36	0.0015801
57	37	0.0015369
57	38	0.00174583
57	39	0.00146704
57	40	0.00152916
57	41	0.00168095
57	42	0.00172693
57	43	0.00150252
57	44	0.00159188
57	45	0.00149172
57	46	0.00149771
57	47	0.00179152
57	48	0.00149769
57	49	0.00147441
57	50	0.00150941
57	51	1.69982e-17
57	52	0.00157316
57	53	0.00151114
57	54	0.00165845
57	55	0.00153385
57	56	0.00175451
57	57	0.00215431
57	58	0.00157766
57	59	0.00183981
57	60	0.00154992
57	61	0.00161947
57	62	0.00146023
57	63	0.00186722
57	64	0.00179503
57	65	0.00159236
57	66	0.00153606
57	67	0.00152612
57	68	0.00166508
57	69	0.0018484
57	70	0.0014764
57	71	0.00151506
58	0	0.000700254
58	1	0.000779247
58	2	0.000805355
58	3	0.000708955
58	4	1.95531e-17
58	5	0.00104122
58	6	5.31917e-17
58	7	0.000504916
58	8	0.000804273
58	9	0.000746635
58	10	3.71087e-17
58	11	0.00105864
58	12	0.000429202
58	13	2.86159e-18
58	14	0.000445277
58	15	0.000477653
58	16	0.000508275
58	17	0.000447263
58	18	0.00074112
58	19	0.000746618
58	20	0.000444399
58	21	0.00042954
58	22	0.000589829
58	23	0.000426336
58	24	0.000858074
58	25	0.000469233
58	26	0.00075775
58	27	0.107494
58	28	3.36784e-17
58	29	0.000532799
58	30	0.000468614
58	31	0.000698753
58	32	0.000447578
58	33	0.000719105
58	34	0.000758805
58	35	0.000445123
58	36	0.000545912
58	37	0.000502711
58	38	0.000711641
58	39	0.000432859
58	40	0.000494972
58	41	0.000646762
58	42	0.000692744
58	43	0.000468335
58	44	0.000557695
58	45	3.76359e-17
58	46	0.000463526
58	47	0.000757331
58	48	0.000463502
58	49	6.86045e-17
58	50	0.000475224
58	51	7.5418e-17
58	52	0.000538976
58	53	0.000476951
58	54	0.000624266
58	55	0.000499662
58	56	0.000720321
58	57	0.00112013
58	58	0.000543475
58	59	0.000805628
58	60	0.000515737
58	61	0.000585286
58	62	7.53736e-17
58	63	0.000833033
58	64	0.000760842
58	65	0.000558178
58	66	0.000501873
58	67	0.000491938
58	68	0.00063089
58	69	0.000814215
58	70	0.000442217
58	71	0.000480871
59	0	0.00137203
59	1	0.00145102
59	2	0.00147713
59	3	0.00138073
59	4	0.00122479
59	5	0.00171299
59	6	4.08092e-17
59	7	0.00117669
59	8	0.00147605
59	9	0.00141841
59	10	6.25349e-17
59	11	0.00173041
59	12	0.00110098
59	13	1.63941e-17
59	14	0.00111705
59	15	0.00114943
59	16	0.00118005
59	17	0.00111904
59	18	0.0014129
59	19	0.00141839
59	20	0.00111617
59	21	0.00110131
59	22	0.0012616
59	23	0.00109811
59	24	0.00152985
59	25	0.00114101
59	26	0.00142953
59	27	0.108165
59	28	0.00125538
59	29	0.00120457
59	30	0.00114039
59	31	0.00137053
59	32	0.00111935
59	33	0.00139088
59	34	0.00143058
59	35	0.0011169
59	36	0.00121769
59	37	0.00117449
59	38	0.00138342
59	39	0.00110463
59	40	0.00116675
59	41	0.00131854
59	42	0.00136452
59	43	0.00114011
59	44	5.21535e-18
59	45	1.9753e-17
59	46	0.0011353
59	47	0.00142911
59	48	0.00113528
59	49	0.001112
59	50	0.001147
59	51	2.76441e-17
59	52	0.00121075
59	53	0.00114873
59	54	0.00129604
59	55	0.00117144
59	56	0.0013921
59	57	0.0017919
59	58	0.00121525
59	59	0.0014774
59	60	0.00118751
59	61	0.00125706
59	62	4.83502e-17
59	63	0.00150481
59	64	0.00143262
59	65	0.00122995
59	66	0.00117365
59	67	0.00116371
59	68	0.00130267
59	69	0.00148599
59	70	0.00111399
59	71	0.00115265
60	0	0.000896495
60	1	0.000975488
60	2	0.0010016
60	3	0.000905196
60	4	0.000749254
60	5	0.00123746
60	6	3.6356e-17
60	7	0.000701157
60	8	0.00100051
60	9	0.000942876
60	10	6.25256e-17
60	11	0.00125488
60	12	0.000625443
60	13	7.73183e-17
60	14	0.000641518
60	15	0.000673894
60	16	0.000704516
60	17	0.000643504
60	18	0.000937361
60	19	0.000942859
60	20	0.00064064
60	21	0.000625781
60	22	0.000786069
60	23	1.53097e-18
60	24	0.00105431
60	25	0.000665474
60	26	0.000953991
60	27	0.10769
60	28	0.000779849
60	29	0.00072904
60	30	0.000664855
60	31	0.000894994
60	32	0.000643819
60	33	0.000915346
60	34	0.000955046
60	35	0.000641364
60	36	0.000742153
60	37	0.000698952
60	38	0.000907882
60	39	0.0006291
60	40	0.000691213
60	41	0.000843003
60	42	0.000888985
60	43	0.000664576
60	44	0.000753936
60	45	6.987e-17
60	46	0.000659767
60	47	0.000953572
60	48	0.000659743
60	49	0.000636464
60	50	0.000671465
60	51	6.90868e-17
60	52	0.000735217
60	53	0.000673192
60	54	0.000820507
60	55	0.000695903
60	56	0.000916562
60	57	0.00131637
60	58	0.000739716
60	59	0.00100187
60	60	0.000711978
60	61	0.000781527
60	62	0.000622287
60	63	0.00102927
60	64	0.000957083
60	65	0.000754419
60	66	0.000698114
60	67	0.000688179
60	68	0.000827131
60	69	0.00101046
60	70	0.000638458
60	71	0.000677112
61	0	0.00121571
61	1	0.00129471
61	2	0.00132081
61	3	0.00122441
61	4	0.00106847
61	5	0.00155668
61	6	4.59888e-17
61	7	0.00102037
61	8	0.00131973
61	9	0.00126209
61	10	7.73285e-17
61	11	0.00157409
61	12	0.00094466
61	13	0.00093836
61	14	0.000960735
61	15	0.000993111
61	16	0.00102373
61	17	0.000962721
61	18	0.00125658
61	19	0.00126208
61	20	0.000959857
61	21	0.000944998
61	22	0.00110529
61	23	1.8068e-17
61	24	0.00137353
61	25	0.000984691
61	26	0.00127321
61	27	0.108009
61	28	0.00109907
61	29	0.00104826
61	30	0.000984072
61	31	0.00121421
61	32	0.000963036
61	33	0.00123456
61	34	0.00127426
61	35	0.000960581
61	36	0.00106137
61	37	0.00101817
61	38	0.0012271
61	39	0.000948317
61	40	0.00101043
61	41	0.00116222
61	42	0.0012082
61	43	0.000983793
61	44	0.00107315
61	45	5.11866e-17
61	46	0.000978984
61	47	0.00127279
61	48	0.00097896
61	49	6.72233e-17
61	50	0.000990682
61	51	8.04894e-17
61	52	0.00105443
61	53	0.000992409
61	54	0.00113972
61	55	0.00101512
61	56	0.00123578
61	57	0.00163558
61	58	0.00105893
61	59	0.00132109
61	60	0.0010312
61	61	0.00110074
61	62	0.000941504
61	63	0.00134849
61	64	0.0012763
61	65	0.00107364
61	66	0.00101733
61	67	0.0010074
61	68	0.00114635
61	69	0.00132967
61	70	0.000957675
61	71	0.000996329
62	0	0.000567649
62	1	0.000646642
62	2	0.00067275
62	3	7.19629e-18
62	4	0.000420408
62	5	0.000908612
62	6	7.38374e-17
62	7	0.00037231
62	8	0.000671668
62	9	0.000614029
62	10	0.000316142
62	11	0.000926031
62	12	0.000296597
62	13	7.44484e-17
62	14	0.000312672
62	15	0.000345047
62	16	0.00037567
62	17	0.000314658
62	18	0.000608514
62	19	0.000614013
62	20	0.000311793
62	21	8.73591e-18
62	22	0.000457223
62	23	0.000293731
62	24	0.000725468
62	25	0.000336627
62	26	0.000625145
62	27	0.107361
62	28	1.28952e-17
62	29	0.000400194
62	30	0.000336008
62	31	0.000566147
62	32	3.06567e-17
62	33	0.0005865
62	34	0.000626199
62	35	0.000312518
62	36	0.000413307
62	37	0.000370106
62	38	0.000579036
62	39	0.000300253
62	40	0.000362366
62	41	0.000514156
62	42	0.000560139
62	43	0.00033573
62	44	0.00042509
62	45	5.99041e-17
62	46	3.48982e-17
62	47	0.000624725
62	48	0.000330896
62	49	0.000307618
62	50	0.000342618
62	51	0.000294907
62	52	0.000406371
62	53	0.000344346
62	54	0.000491661
62	55	0.000367057
62	56	0.000587716
62	57	0.00098752
62	58	0.000410869
62	59	0.000673023
62	60	2.40444e-17
62	61	6.14012e-17
62	62	0.000293441
62	63	0.000700428
62	64	0.000628236
62	65	0.000425573
62	66	0.000369267
62	67	0.000359333
62	68	0.000498285
62	69	0.00068161
62	70	8.27315e-17
62	71	0.000348266
63	0	0.000926383
63	1	0.00100538
63	2	0.00103148
63	3	0.000935084
63	4	0.000779142
63	5	0.00126735
63	6	3.4543e-17
63	7	0.000731045
63	8	0.0010304
63	9	0.000972764
63	10	0.000674876
63	11	0.00128477
63	12	0.000655331
63	13	0.000649031
63	14	0.000671406
63	15	0.000703782
63	16	0.000734405
63	17	0.000673393
63	18	0.000967249
63	19	0.000972748
63	20	0.000670528
63	21	0.000655669
63	22	0.000815958
63	23	0.000652465
63	24	0.0010842
63	25	0.000695362
63	26	0.000983879
63	27	0.10772
63	28	0.000809737
63	29	0.000758928
63	30	0.000694743
63	31	0.000924882
63	32	0.000673707
63	33	0.000945234
63	34	0.000984934
63	35	0.000671253
63	36	0.000772041
63	37	0.00072884
63	38	0.000937771
63	39	0.000658988
63	40	0.000721101
63	41	0.000872891
63	42	0.000918873
63	43	0.000694465
63	44	0.000783824
63	45	4.93662e-17
63	46	0.000689655
63	47	0.00098346
63	48	0.000689631
63	49	0.000666352
63	50	0.000701353
63	51	6.41074e-17
63	52	0.000765105
63	53	0.00070308
63	54	0.000850395
63	55	0.000725792
63	56	0.00094645
63	57	0.00134625
63	58	0.000769604
63	59	0.00103176
63	60	0.000741866
63	61	0.000811416
63	62	2.93951e-17
63	63	0.00105916
63	64	0.000986971
63	65	0.000784307
63	66	0.000728002
63	67	0.000718068
63	68	0.00085702
63	69	0.00104034
63	70	0.000668346
63	71	0.000707
64	0	0.00117256
64	1	0.00125155
64	2	0.00127766
64	3	0.00118126
64	4	0.00102532
64	5	0.00151352
64	6	8.26369e-17
64	7	0.000977222
64	8	0.00127658
64	9	0.00121894
64	10	6.09127e-17
64	11	0.00153094
64	12	0.000901509
64	13	0.000895209
64	14	0.000917584
64	15	0.000949959
64	16	0.000980582
64	17	0.00091957
64	18	0.00121343
64	19	0.00121892
64	20	0.000916705
64	21	0.000901846
64	22	0.00106213
64	23	7.21483e-17
64	24	0.00133038
64	25	7.98672e-17
64	26	0.00123006
64	27	0.107966
64	28	0.00105591
64	29	0.00100511
64	30	0.00094092
64	31	0.00117106
64	32	0.000919885
64	33	0.00119141
64	34	0.00123111
64	35	0.00091743
64	36	0.00101822
64	37	0.000975018
64	38	0.00118395
64	39	0.000905165
64	40	0.000967278
64	41	0.00111907
64	42	0.00116505
64	43	0.000940642
64	44	0.00103
64	45	0.000929839
64	46	0.000935833
64	47	0.00122964
64	48	0.000935808
64	49	0.00091253
64	50	0.00094753
64	51	7.74926e-17
64	52	0.00101128
64	53	0.000949258
64	54	0.00109657
64	55	0.000971969
64	56	0.00119263
64	57	0.00159243
64	58	0.00101578
64	59	0.00127793
64	60	0.000988044
64	61	0.00105759
64	62	0.000898353
64	63	0.00130534
64	64	0.00123315
64	65	0.00103048
64	66	0.000974179
64	67	0.000964245
64	68	0.0011032
64	69	0.00128652
64	70	0.000914523
64	71	0.000953178
65	0	0.000822022
65	1	0.000901016
65	2	0.000927123
65	3	0.000830723
65	4	0.000674781
65	5	0.00116299
65	6	3.32859e-17
65	7	0.000626684
65	8	0.000926041
65	9	0.000868403
65	10	0.000570515
65	11	0.00118041
65	12	0.00055097
65	13	0.00054467
65	14	0.000567045
65	15	0.000599421
65	16	0.000630044
65	17	0.000569032
65	18	0.000862888
65	19	0.000868387
65	20	0.000566167
65	21	0.000551308
65	22	0.000711597
65	23	0.000548105
65	24	0.000979842
65	25	0.000591001
65	26	0.000879518
65	27	0.107615
65	28	0.000705376
65	29	0.000654568
65	30	0.000590382
65	31	0.000820521
65	32	0.000569346
65	33	0.000840873
65	34	0.000880573
65	35	0.000566892
65	36	0.00066768
65	37	0.00062448
65	38	0.00083341
65	39	0.000554627
65	40	0.00061674
65	41	0.00076853
65	42	0.000814512
65	43	0.000590104
65	44	6.08142e-17
65	45	0.000579301
65	46	0.000585294
65	47	0.000879099
65	48	0.00058527
65	49	0.000561991
65	50	0.000596992
65	51	3.1874e-17
65	52	0.000660744
65	53	0.000598719
65	54	0.000746034
65	55	0.000621431
65	56	0.000842089
65	57	0.00124189
65	58	0.000665243
65	59	0.000927396
65	60	0.000637505
65	61	0.000707055
65	62	0.000547814
65	63	0.000954802
65	64	0.00088261
65	65	0.000679946
65	66	0.000623641
65	67	0.000613707
65	68	0.000752659
65	69	0.000935983
65	70	0.000563985
65	71	0.000602639
66	0	0.00051968
66	1	0.000598673
66	2	0.000624781
66	3	0.000528381
66	4	0.000372439
66	5	0.000860643
66	6	4.5136e-17
66	7	0.000324342
66	8	0.000623699
66	9	0.000566061
66	10	0.000268173
66	11	0.000878063
66	12	0.000248628
66	13	0.000242328
66	14	0.000264703
66	15	0.000297079
66	16	0.000327701
66	17	0.000266689
66	18	0.000560546
66	19	0.000566044
66	20	0.000263824
66	21	0.000248965
66	22	0.000409254
66	23	1.73827e-17
66	24	0.000677499
66	25	0.000288659
66	26	0.000577176
66	27	0.107313
66	28	0.000403034
66	29	0.000352225
66	30	0.00028804
66	31	0.000518178
66	32	7.21499e-17
66	33	0.000538531
66	34	0.000578231
66	35	0.000264549
66	36	0.000365338
66	37	0.000322137
66	38	0.000531067
66	39	0.000252285
66	40	0.000314397
66	41	0.000466187
66	42	0.00051217
66	43	0.000287761
66	44	0.000377121
66	45	0.000276959
66	46	0.000282952
66	47	0.000576757
66	48	0.000282927
66	49	0.000259649
66	50	0.000294649
66	51	3.57197e-17
66	52	0.000358402
66	53	0.000296377
66	54	0.000443692
66	55	0.000319088
66	56	0.000539747
66	57	0.000939551
66	58	0.000362901
66	59	0.000625054
66	60	0.000335163
66	61	0.000404712
66	62	0.000245472
66	63	0.000652459
66	64	0.000580268
66	65	0.000377604
66	66	0.000321299
66	67	0.000311364
66	68	0.000450316
66	69	0.000633641
66	70	0.000261643
66	71	0.000300297
67	0	0.000966475
67	1	0.00104547
67	2	0.00107158
67	3	0.000975176
67	4	0.000819234
67	5	0.00130744
67	6	0.000703402
67	7	0.000771137
67	8	0.00107049
67	9	0.00101286
67	10	0.000714968
67	11	0.00132486
67	12	0.000695423
67	13	0.000689123
67	14	0.000711498
67	15	0.000743874
67	16	0.000774496
67	17	0.000713484
67	18	0.00100734
67	19	0.00101284
67	20	0.00071062
67	21	7.06568e-17
67	22	0.00085605
67	23	0.000692557
67	24	0.00112429
67	25	0.000735454
67	26	0.00102397
67	27	0.10776
67	28	0.000849829
67	29	0.00079902
67	30	0.000734835
67	31	0.000964974
67	32	0.000713799
67	33	0.000985326
67	34	0.00102503
67	35	0.000711344
67	36	0.000812133
67	37	0.000768932
67	38	0.000977862
67	39	0.00069908
67	40	0.000761193
67	41	0.000912983
67	42	0.000958965
67	43	0.000734556
67	44	0.000823916
67	45	2.1915e-17
67	46	0.000729747
67	47	0.00102355
67	48	0.000729723
67	49	0.000706444
67	50	0.000741445
67	51	2.26288e-17
67	52	0.000805197
67	53	0.000743172
67	54	0.000890487
67	55	0.000765884
67	56	0.000986542
67	57	0.00138635
67	58	0.000809696
67	59	0.00107185
67	60	0.000781958
67	61	0.000851507
67	62	0.000692267
67	63	0.00109925
67	64	0.00102706
67	65	0.000824399
67	66	0.000768094
67	67	0.00075816
67	68	0.000897112
67	69	0.00108044
67	70	0.000708438
67	71	0.000747092
68	0	0.00113068
68	1	0.00120968
68	2	0.00123578
68	3	0.00113938
68	4	0.000983443
68	5	0.00147165
68	6	5.7588e-18
68	7	0.000935345
68	8	0.0012347
68	9	0.00117706
68	10	0.000879177
68	11	0.00148907
68	12	0.000859632
68	13	0.000853332
68	14	0.000875707
68	15	0.000908082
68	16	0.000938705
68	17	0.000877693
68	18	0.00117155
68	19	0.00117705
68	20	0.000874828
68	21	0.000859969
68	22	0.00102026
68	23	0.000856766
68	24	0.0012885
68	25	0.000899662
68	26	0.00118818
68	27	0.107924
68	28	0.00101404
68	29	0.000963229
68	30	0.000899043
68	31	0.00112918
68	32	0.000878008
68	33	0.00114953
68	34	0.00118923
68	35	0.000875553
68	36	0.000976342
68	37	0.000933141
68	38	0.00114207
68	39	0.000863288
68	40	0.000925401
68	41	0.00107719
68	42	0.00112317
68	43	0.000898765
68	44	0.000988125
68	45	0.000887962
68	46	0.000893956
68	47	0.00118776
68	48	0.000893931
68	49	0.000870653
68	50	0.000905653
68	51	0.000857942
68	52	0.000969406
68	53	0.000907381
68	54	0.0010547
68	55	0.000930092
68	56	0.00115075
68	57	0.00155056
68	58	0.000973904
68	59	0.00123606
68	60	0.000946167
68	61	0.00101572
68	62	0.000856476
68	63	0.00126346
68	64	0.00119127
68	65	0.000988608
68	66	0.000932302
68	67	0.000922368
68	68	0.00106132
68	69	0.00124464
68	70	0.000872647
68	71	0.000911301
69	0	0.00163555
69	1	0.00171455
69	2	0.00174066
69	3	0.00164426
69	4	0.00148831
69	5	0.00197652
69	6	3.08131e-17
69	7	0.00144022
69	8	0.00173957
69	9	0.00168193
69	10	0.00138405
69	11	0.00199394
69	12	0.0013645
69	13	7.03882e-17
69	14	0.00138058
69	15	0.00141295
69	16	0.00144358
69	17	0.00138256
69	18	0.00167642
69	19	0.00168192
69	20	0.0013797
69	21	0.00136484
69	22	0.00152513
69	23	5.56733e-17
69	24	0.00179337
69	25	0.00140453
69	26	0.00169305
69	27	0.108429
69	28	0.00151891
69	29	0.0014681
69	30	0.00140391
69	31	0.00163405
69	32	0.00138288
69	33	0.00165441
69	34	0.0016941
69	35	0.00138042
69	36	0.00148121
69	37	0.00143801
69	38	0.00164694
69	39	0.00136816
69	40	0.00143027
69	41	0.00158206
69	42	0.00162804
69	43	0.00140364
69	44	0.001493
69	45	4.84045e-17
69	46	8.23024e-17
69	47	0.00169263
69	48	0.0013988
69	49	0.00137552
69	50	0.00141052
69	51	8.04524e-17
69	52	0.00147428
69	53	0.00141225
69	54	0.00155957
69	55	0.00143496
69	56	0.00165562
69	57	0.00205543
69	58	0.00147877
69	59	0.00174093
69	60	0.00145104
69	61	0.00152059
69	62	7.99771e-17
69	63	0.00176833
69	64	0.00169614
69	65	0.00149348
69	66	0.00143717
69	67	0.00142724
69	68	0.00156619
69	69	0.00174952
69	70	0.00137752
69	71	0.00141617
70	0	0.00102316
70	1	0.00110215
70	2	0.00112826
70	3	0.00103186
70	4	0.000875921
70	5	0.00136413
70	6	1.83261e-17
70	7	0.000827823
70	8	0.00112718
70	9	0.00106954
70	10	5.42547e-17
70	11	0.00138154
70	12	0.00075211
70	13	6.86849e-17
70	14	0.000768185
70	15	0.00080056
70	16	0.000831183
70	17	0.000770171
70	18	0.00106403
70	19	0.00106953
70	20	0.000767306
70	21	0.000752447
70	22	0.000912736
70	23	5.37437e-17
70	24	0.00118098
70	25	8.18128e-17
70	26	0.00108066
70	27	0.107817
70	28	0.000906516
70	29	0.000855707
70	30	0.000791522
70	31	0.00102166
70	32	0.000770486
70	33	0.00104201
70	34	0.00108171
70	35	0.000768031
70	36	0.00086882
70	37	0.000825619
70	38	0.00103455
70	39	0.000755767
70	40	0.000817879
70	41	0.000969669
70	42	0.00101565
70	43	0.000791243
70	44	2.37029e-17
70	45	1.62961e-17
70	46	0.000786434
70	47	0.00108024
70	48	0.000786409
70	49	0.000763131
70	50	0.000798131
70	51	0.00075042
70	52	0.000861884
70	53	0.000799859
70	54	0.000947174
70	55	0.00082257
70	56	0.00104323
70	57	0.00144303
70	58	0.000866382
70	59	0.00112854
70	60	0.000838645
70	61	0.000908194
70	62	5.24857e-18
70	63	0.00115594
70	64	0.00108375
70	65	0.000881086
70	66	0.00082478
70	67	0.000814846
70	68	0.000953798
70	69	0.00113712
70	70	0.000765125
70	71	0.000803779
71	0	0.000711613
71	1	0.000790607
71	2	0.000816714
71	3	0.000720314
71	4	0.000564372
71	5	0.00105258
71	6	4.6951e-17
71	7	0.000516275
71	8	0.000815632
71	9	0.000757994
71	10	2.36917e-17
71	11	0.00107
71	12	0.000440561
71	13	5.21873e-17
71	14	0.000456636
71	15	0.000489012
71	16	0.000519635
71	17	0.000458623
71	18	0.000752479
71	19	0.000757978
71	20	0.000455758
71	21	0.000440899
71	22	0.000601188
71	23	2.32211e-17
71	24	0.000869433
71	25	1.36567e-17
71	26	0.000769109
71	27	0.107505
71	28	0.000594967
71	29	0.000544159
71	30	0.000479973
71	31	0.000710112
71	32	0.000458937
71	33	0.000730464
71	34	0.000770164
71	35	0.000456483
71	36	0.000557271
71	37	0.000514071
71	38	0.000723001
71	39	0.000444218
71	40	0.000506331
71	41	0.000658121
71	42	0.000704103
71	43	0.000479695
71	44	7.14956e-17
71	45	3.72568e-17
71	46	0.000474885
71	47	0.00076869
71	48	0.000474861
71	49	1.22903e-17
71	50	0.000486583
71	51	6.41675e-17
71	52	0.000550335
71	53	0.00048831
71	54	0.000635625
71	55	0.000511022
71	56	0.00073168
71	57	0.00113148
71	58	0.000554834
71	59	0.000816987
71	60	0.000527096
71	61	0.000596646
71	62	0.000437405
71	63	0.000844393
71	64	0.000772201
71	65	0.000569537
71	66	0.000513232
71	67	0.000503298
71	68	0.00064225
71	69	0.000825574
71	70	0.000453576
71	71	0.00049223
