0	0	6.75558e-06
0	1	6.94424e-06
0	2	8.98438e-06
0	3	1.48263e-16
0	4	1.17491e-16
0	5	8.1778e-06
0	6	9.1998e-06
0	7	6.91858e-06
0	8	7.65724e-06
0	9	6.80888e-06
0	10	1.13188e-05
0	11	8.14655e-06
0	12	7.89237e-06
0	13	8.6991e-06
0	14	1.60121e-15
0	15	7.67355e-06
0	16	6.13693e-16
0	17	6.75136e-06
0	18	4.18015e-16
0	19	1.55321e-15
0	20	2.95876e-16
0	21	9.26629e-06
0	22	6.71676e-06
0	23	7.53979e-06
0	24	8.14696e-06
0	25	9.6555e-17
0	26	1.46312e-15
0	27	7.89626e-06
0	28	3.01181e-16
0	29	7.21372e-16
0	30	6.83121e-06
0	31	8.3863e-06
0	32	8.51737e-16
0	33	1.1988e-05
0	34	8.46558e-16
0	35	6.15907e-16
0	36	2.5148e-05
0	37	9.1936e-16
0	38	6.8877e-06
0	39	1.10324e-05
0	40	9.07061e-16
0	41	7.09533e-06
0	42	7.62542e-06
0	43	6.71641e-06
0	44	5.43262e-16
0	45	1.53207e-15
0	46	6.81622e-06
0	47	6.84615e-06
0	48	8.1498e-16
0	49	0.132454
0	50	9.55497e-16
0	51	6.76579e-06
0	52	6.7847e-06
0	53	7.14108e-06
0	54	6.84514e-06
0	55	8.19918e-06
0	56	6.74834e-06
0	57	1.00803e-05
0	58	1.46737e-15
0	59	7.52901e-06
0	60	7.09721e-06
0	61	9.43929e-06
0	62	5.84174e-17
0	63	6.98334e-06
0	64	6.84103e-06
0	65	2.15968e-17
0	66	8.38533e-16
0	67	1.46744e-15
0	68	1.60558e-15
0	69	6.93603e-06
0	70	2.53541e-18
1	0	4.69863e-06
1	1	4.88729e-06
1	2	6.92743e-06
1	3	4.6593e-06
1	4	4.65936e-06
1	5	6.12084e-06
1	6	7.14284e-06
1	7	4.86163e-06
1	8	5.60028e-06
1	9	4.75193e-06
1	10	9.26183e-06
1	11	6.0896e-06
1	12	5.83542e-06
1	13	6.64214e-06
1	14	4.87347e-06
1	15	5.61659e-06
1	16	4.68678e-06
1	17	4.6944e-06
1	18	4.66294e-06
1	19	4.6728e-06
1	20	4.66125e-06
1	21	7.20934e-06
1	22	4.65981e-06
1	23	5.48284e-06
1	24	6.09e-06
1	25	4.70257e-06
1	26	5.73151e-06
1	27	5.83931e-06
1	28	3.03341e-16
1	29	4.65943e-06
1	30	4.77425e-06
1	31	6.32935e-06
1	32	5.0218e-06
1	33	9.93104e-06
1	34	4.67587e-06
1	35	1.08432e-15
1	36	2.30911e-05
1	37	1.23524e-16
1	38	4.83075e-06
1	39	8.97547e-06
1	40	5.15454e-06
1	41	5.03837e-06
1	42	5.56846e-06
1	43	4.65946e-06
1	44	1.22636e-15
1	45	4.65928e-06
1	46	4.75927e-06
1	47	4.78919e-06
1	48	1.32508e-15
1	49	0.132452
1	50	5.20168e-06
1	51	4.70884e-06
1	52	4.72775e-06
1	53	5.08412e-06
1	54	4.78818e-06
1	55	6.14223e-06
1	56	4.69139e-06
1	57	8.02337e-06
1	58	4.65921e-06
1	59	5.47206e-06
1	60	5.04025e-06
1	61	7.38233e-06
1	62	4.72334e-06
1	63	4.92639e-06
1	64	4.78408e-06
1	65	5.26e-06
1	66	4.66653e-06
1	67	4.67353e-06
1	68	4.73918e-06
1	69	4.87907e-06
1	70	1.63296e-15
2	0	2.01317e-16
2	1	1.05626e-05
2	2	1.26028e-05
2	3	1.03346e-05
2	4	1.28422e-15
2	5	1.17962e-05
2	6	1.28182e-05
2	7	1.0537e-05
2	8	1.12756e-05
2	9	1.04273e-05
2	10	1.49372e-05
2	11	1.17649e-05
2	12	1.15108e-05
2	13	1.23175e-05
2	14	1.05488e-05
2	15	1.12919e-05
2	16	1.03621e-05
2	17	1.03697e-05
2	18	9.04174e-16
2	19	1.03481e-05
2	20	1.03366e-05
2	21	1.28847e-05
2	22	1.03351e-05
2	23	1.11582e-05
2	24	1.17653e-05
2	25	1.03779e-05
2	26	1.14068e-05
2	27	1.15146e-05
2	28	1.3225e-15
2	29	1.38277e-15
2	30	1.04496e-05
2	31	1.20047e-05
2	32	1.06971e-05
2	33	1.56064e-05
2	34	1.03512e-05
2	35	1.3084e-15
2	36	2.87664e-05
2	37	1.03367e-05
2	38	1.05061e-05
2	39	1.46508e-05
2	40	1.08299e-05
2	41	1.07137e-05
2	42	1.12438e-05
2	43	1.03348e-05
2	44	1.04318e-05
2	45	1.46625e-15
2	46	1.04346e-05
2	47	1.04645e-05
2	48	1.03039e-16
2	49	0.132458
2	50	1.0877e-05
2	51	1.03842e-05
2	52	1.04031e-05
2	53	1.07595e-05
2	54	1.04635e-05
2	55	1.18176e-05
2	56	1.03667e-05
2	57	1.36987e-05
2	58	6.77575e-16
2	59	1.11474e-05
2	60	1.07156e-05
2	61	1.30577e-05
2	62	1.25948e-15
2	63	1.06017e-05
2	64	1.04594e-05
2	65	1.09353e-05
2	66	1.42199e-15
2	67	1.03489e-05
2	68	1.04145e-05
2	69	1.05544e-05
2	70	1.03501e-05
3	0	4.38021e-08
3	1	2.32463e-07
3	2	2.2726e-06
3	3	4.47328e-09
3	4	4.53075e-09
3	5	1.46602e-06
3	6	2.48802e-06
3	7	2.068e-07
3	8	9.45455e-07
3	9	9.71006e-08
3	10	4.607e-06
3	11	1.43477e-06
3	12	1.18059e-06
3	13	1.98731e-06
3	14	6.52767e-16
3	15	9.61767e-07
3	16	3.19533e-08
3	17	1.31189e-15
3	18	8.11069e-09
3	19	1.57579e-16
3	20	1.29374e-15
3	21	2.55451e-06
3	22	4.9792e-09
3	23	8.28013e-07
3	24	1.43518e-06
3	25	6.60749e-16
3	26	1.07668e-06
3	27	1.18448e-06
3	28	4.44332e-09
3	29	1.16423e-16
3	30	1.19425e-07
3	31	1.67452e-06
3	32	3.6697e-07
3	33	5.27621e-06
3	34	1.242e-15
3	35	4.50585e-09
3	36	4.17175e-16
3	37	6.52559e-09
3	38	1.75918e-07
3	39	4.32065e-06
3	40	4.9971e-07
3	41	3.83546e-07
3	42	9.13636e-07
3	43	4.63028e-09
3	44	1.01609e-07
3	45	1.05687e-15
3	46	1.04441e-07
3	47	1.34366e-07
3	48	1.17862e-15
3	49	1.45374e-15
3	50	5.46854e-07
3	51	5.40099e-08
3	52	4.64599e-16
3	53	4.29296e-07
3	54	1.02712e-15
3	55	1.4874e-06
3	56	3.65605e-08
3	57	3.36854e-06
3	58	4.38033e-09
3	59	8.17231e-07
3	60	3.85426e-07
3	61	2.7275e-06
3	62	7.7443e-16
3	63	2.71562e-07
3	64	1.29252e-07
3	65	6.05168e-07
3	66	1.17024e-08
3	67	1.87063e-08
3	68	1.7523e-15
3	69	2.24245e-07
3	70	1.73273e-15
4	0	9.17735e-16
4	1	2.33019e-07
4	2	2.27315e-06
4	3	5.02984e-09
4	4	5.0873e-09
4	5	1.46657e-06
4	6	2.48857e-06
4	7	2.07357e-07
4	8	9.46012e-07
4	9	9.76571e-08
4	10	4.60756e-06
4	11	1.43533e-06
4	12	1.18115e-06
4	13	1.98787e-06
4	14	2.19204e-07
4	15	9.62323e-07
4	16	7.0367e-16
4	17	9.0696e-16
4	18	8.66725e-09
4	19	4.78406e-16
4	20	1.59045e-15
4	21	2.55507e-06
4	22	9.7891e-16
4	23	8.2857e-07
4	24	1.43573e-06
4	25	1.37174e-15
4	26	1.07724e-06
4	27	1.18504e-06
4	28	4.99988e-09
4	29	3.15498e-16
4	30	1.19982e-07
4	31	1.67508e-06
4	32	3.67526e-07
4	33	5.27677e-06
4	34	5.26174e-17
4	35	5.06241e-09
4	36	1.84368e-05
4	37	7.08215e-09
4	38	1.76475e-07
4	39	4.3212e-06
4	40	1.30759e-15
4	41	3.84102e-07
4	42	6.78615e-16
4	43	3.15995e-16
4	44	6.48441e-17
4	45	2.4796e-16
4	46	1.04997e-07
4	47	1.34922e-07
4	48	3.836e-16
4	49	1.90519e-16
4	50	5.47411e-07
4	51	5.45664e-08
4	52	7.91387e-16
4	53	4.29853e-07
4	54	1.33912e-07
4	55	1.48796e-06
4	56	3.7117e-08
4	57	3.3691e-06
4	58	4.93689e-09
4	59	8.17788e-07
4	60	3.85983e-07
4	61	2.72806e-06
4	62	1.4091e-16
4	63	2.72119e-07
4	64	1.29808e-07
4	65	1.41868e-16
4	66	6.14803e-17
4	67	5.78562e-16
4	68	3.52009e-16
4	69	3.78763e-16
4	70	2.04549e-08
5	0	1.25359e-15
5	1	7.01364e-06
5	2	9.05377e-06
5	3	6.78565e-06
5	4	8.17806e-17
5	5	8.24719e-06
5	6	9.26919e-06
5	7	6.98798e-06
5	8	7.72663e-06
5	9	6.87828e-06
5	10	1.13882e-05
5	11	8.21595e-06
5	12	7.96176e-06
5	13	8.76849e-06
5	14	6.99982e-06
5	15	7.74294e-06
5	16	6.81313e-06
5	17	6.82075e-06
5	18	6.78929e-06
5	19	6.79915e-06
5	20	6.78759e-06
5	21	9.33569e-06
5	22	6.78616e-06
5	23	7.60919e-06
5	24	8.21635e-06
5	25	6.82892e-06
5	26	7.85786e-06
5	27	7.96566e-06
5	28	6.78562e-06
5	29	6.78578e-06
5	30	6.9006e-06
5	31	8.4557e-06
5	32	7.14815e-06
5	33	1.20574e-05
5	34	6.80222e-06
5	35	1.0147e-15
5	36	2.52174e-05
5	37	6.7877e-06
5	38	6.95709e-06
5	39	1.11018e-05
5	40	7.28089e-06
5	41	7.16472e-06
5	42	7.69481e-06
5	43	6.78581e-06
5	44	6.88278e-06
5	45	4.09595e-16
5	46	6.88562e-06
5	47	6.91554e-06
5	48	7.50562e-16
5	49	0.132454
5	50	7.32803e-06
5	51	6.83519e-06
5	52	6.8541e-06
5	53	7.21047e-06
5	54	6.91453e-06
5	55	8.26858e-06
5	56	6.81774e-06
5	57	1.01497e-05
5	58	6.78556e-06
5	59	7.59841e-06
5	60	7.1666e-06
5	61	9.50868e-06
5	62	6.84969e-06
5	63	7.05274e-06
5	64	6.91043e-06
5	65	7.38634e-06
5	66	6.79288e-06
5	67	6.79988e-06
5	68	6.86553e-06
5	69	7.00542e-06
5	70	6.80107e-06
6	0	8.34682e-06
6	1	8.53548e-06
6	2	1.05756e-05
6	3	8.30749e-06
6	4	8.30754e-06
6	5	9.76903e-06
6	6	1.0791e-05
6	7	8.50981e-06
6	8	9.24847e-06
6	9	8.40011e-06
6	10	1.291e-05
6	11	9.73779e-06
6	12	9.4836e-06
6	13	1.02903e-05
6	14	8.52166e-06
6	15	9.26478e-06
6	16	8.33497e-06
6	17	8.34259e-06
6	18	8.31112e-06
6	19	1.35361e-15
6	20	8.30943e-06
6	21	1.08575e-05
6	22	8.30799e-06
6	23	9.13103e-06
6	24	9.73819e-06
6	25	8.35076e-06
6	26	9.3797e-06
6	27	9.4875e-06
6	28	8.30746e-06
6	29	8.30761e-06
6	30	8.42244e-06
6	31	9.97753e-06
6	32	8.66998e-06
6	33	1.35792e-05
6	34	8.32406e-06
6	35	1.42682e-15
6	36	2.67393e-05
6	37	9.34535e-16
6	38	8.47893e-06
6	39	1.26237e-05
6	40	8.80272e-06
6	41	8.68656e-06
6	42	9.21665e-06
6	43	8.30764e-06
6	44	8.40462e-06
6	45	1.68433e-16
6	46	8.40745e-06
6	47	8.43738e-06
6	48	3.56294e-16
6	49	0.132456
6	50	8.84987e-06
6	51	8.35702e-06
6	52	4.47089e-16
6	53	8.73231e-06
6	54	8.43637e-06
6	55	9.79041e-06
6	56	8.33957e-06
6	57	1.16716e-05
6	58	8.30739e-06
6	59	9.12024e-06
6	60	8.68844e-06
6	61	1.10305e-05
6	62	5.03211e-16
6	63	8.57458e-06
6	64	8.43227e-06
6	65	8.90818e-06
6	66	8.31472e-06
6	67	8.32172e-06
6	68	9.20702e-16
6	69	8.52726e-06
6	70	9.66077e-16
7	0	3.01766e-06
7	1	3.20632e-06
7	2	5.24646e-06
7	3	2.97833e-06
7	4	2.97839e-06
7	5	4.43987e-06
7	6	5.46187e-06
7	7	3.18066e-06
7	8	3.91931e-06
7	9	3.07096e-06
7	10	7.58086e-06
7	11	4.40863e-06
7	12	4.15445e-06
7	13	4.96117e-06
7	14	3.1925e-06
7	15	3.93562e-06
7	16	3.00581e-06
7	17	3.01343e-06
7	18	2.98197e-06
7	19	3.35405e-16
7	20	2.98028e-06
7	21	5.52837e-06
7	22	2.97884e-06
7	23	3.80187e-06
7	24	4.40903e-06
7	25	9.75149e-16
7	26	4.05054e-06
7	27	4.15834e-06
7	28	2.9783e-06
7	29	1.15673e-16
7	30	3.09328e-06
7	31	4.64838e-06
7	32	3.34083e-06
7	33	8.25007e-06
7	34	2.9949e-06
7	35	2.97836e-06
7	36	2.14101e-05
7	37	1.6668e-15
7	38	3.14978e-06
7	39	7.2945e-06
7	40	3.47357e-06
7	41	3.3574e-06
7	42	3.88749e-06
7	43	2.97849e-06
7	44	1.41569e-15
7	45	1.22482e-15
7	46	3.0783e-06
7	47	3.10822e-06
7	48	6.19535e-16
7	49	0.13245
7	50	3.52071e-06
7	51	3.02787e-06
7	52	3.04678e-06
7	53	3.40315e-06
7	54	3.10721e-06
7	55	4.46126e-06
7	56	3.01042e-06
7	57	6.3424e-06
7	58	2.97824e-06
7	59	3.79109e-06
7	60	3.35928e-06
7	61	5.70136e-06
7	62	3.04237e-06
7	63	3.24542e-06
7	64	3.10311e-06
7	65	3.57903e-06
7	66	2.98556e-06
7	67	2.99256e-06
7	68	1.01696e-15
7	69	3.1981e-06
7	70	9.83889e-17
8	0	6.05337e-16
8	1	4.54366e-06
8	2	6.5838e-06
8	3	4.31568e-06
8	4	4.31573e-06
8	5	5.77722e-06
8	6	6.79922e-06
8	7	4.518e-06
8	8	5.25666e-06
8	9	4.4083e-06
8	10	8.9182e-06
8	11	5.74597e-06
8	12	5.49179e-06
8	13	6.29852e-06
8	14	4.52985e-06
8	15	5.27297e-06
8	16	4.34316e-06
8	17	4.35078e-06
8	18	4.31931e-06
8	19	4.32918e-06
8	20	4.31762e-06
8	21	6.86571e-06
8	22	4.31618e-06
8	23	5.13922e-06
8	24	5.74638e-06
8	25	4.35895e-06
8	26	5.38788e-06
8	27	5.49568e-06
8	28	4.31565e-06
8	29	4.3158e-06
8	30	4.43063e-06
8	31	5.98572e-06
8	32	4.67817e-06
8	33	9.58741e-06
8	34	4.33225e-06
8	35	9.57587e-16
8	36	2.27475e-05
8	37	4.31773e-06
8	38	4.48712e-06
8	39	8.63185e-06
8	40	4.81091e-06
8	41	4.69475e-06
8	42	5.22484e-06
8	43	4.31583e-06
8	44	4.41281e-06
8	45	8.54183e-16
8	46	4.41564e-06
8	47	4.44557e-06
8	48	1.0734e-15
8	49	0.132452
8	50	4.85806e-06
8	51	4.36521e-06
8	52	4.38413e-06
8	53	4.7405e-06
8	54	4.44456e-06
8	55	5.7986e-06
8	56	4.34776e-06
8	57	7.67975e-06
8	58	4.31558e-06
8	59	5.12843e-06
8	60	4.69663e-06
8	61	7.03871e-06
8	62	4.37971e-06
8	63	4.58276e-06
8	64	4.44045e-06
8	65	4.91637e-06
8	66	1.74733e-15
8	67	4.32991e-06
8	68	1.25684e-15
8	69	4.53545e-06
8	70	6.75533e-16
9	0	3.45508e-06
9	1	3.64374e-06
9	2	5.68387e-06
9	3	1.14478e-16
9	4	3.41581e-06
9	5	4.87729e-06
9	6	5.89929e-06
9	7	3.61807e-06
9	8	4.35673e-06
9	9	3.50838e-06
9	10	8.01828e-06
9	11	4.84605e-06
9	12	4.59186e-06
9	13	5.39859e-06
9	14	3.62992e-06
9	15	4.37304e-06
9	16	1.44663e-15
9	17	3.45085e-06
9	18	3.41939e-06
9	19	2.20447e-16
9	20	3.41769e-06
9	21	5.96578e-06
9	22	3.41625e-06
9	23	4.23929e-06
9	24	4.84645e-06
9	25	1.71099e-15
9	26	4.48796e-06
9	27	4.59576e-06
9	28	5.52636e-16
9	29	3.41588e-06
9	30	3.5307e-06
9	31	5.0858e-06
9	32	3.77824e-06
9	33	8.68749e-06
9	34	3.43232e-06
9	35	1.19287e-15
9	36	2.18475e-05
9	37	6.85336e-16
9	38	3.58719e-06
9	39	7.73192e-06
9	40	3.91098e-06
9	41	3.79482e-06
9	42	4.32491e-06
9	43	3.4159e-06
9	44	2.49403e-16
9	45	2.1405e-17
9	46	3.51572e-06
9	47	3.54564e-06
9	48	3.64436e-16
9	49	0.132451
9	50	3.95813e-06
9	51	3.46528e-06
9	52	1.21409e-15
9	53	3.84057e-06
9	54	3.54463e-06
9	55	4.89867e-06
9	56	3.44784e-06
9	57	6.77982e-06
9	58	3.41565e-06
9	59	4.22851e-06
9	60	3.7967e-06
9	61	6.13878e-06
9	62	6.02308e-16
9	63	3.68284e-06
9	64	3.54053e-06
9	65	4.01644e-06
9	66	2.10443e-16
9	67	3.42998e-06
9	68	3.49563e-06
9	69	3.63552e-06
9	70	1.67931e-15
10	0	1.60762e-15
10	1	7.91122e-17
10	2	2.65073e-05
10	3	2.42391e-05
10	4	9.13864e-16
10	5	2.57007e-05
10	6	2.67227e-05
10	7	2.44415e-05
10	8	2.51801e-05
10	9	2.43318e-05
10	10	2.88417e-05
10	11	2.56694e-05
10	12	2.54153e-05
10	13	2.6222e-05
10	14	2.44533e-05
10	15	2.51964e-05
10	16	3.31529e-16
10	17	2.42742e-05
10	18	7.24896e-17
10	19	2.42526e-05
10	20	1.22631e-16
10	21	2.67892e-05
10	22	2.42396e-05
10	23	2.50627e-05
10	24	2.56698e-05
10	25	1.09321e-16
10	26	2.53113e-05
10	27	2.54191e-05
10	28	3.1018e-16
10	29	3.49539e-16
10	30	2.43541e-05
10	31	2.59092e-05
10	32	2.46016e-05
10	33	2.95109e-05
10	34	9.82932e-17
10	35	9.67101e-16
10	36	4.26709e-05
10	37	1.43255e-15
10	38	2.44106e-05
10	39	2.85553e-05
10	40	2.47344e-05
10	41	2.46182e-05
10	42	2.51483e-05
10	43	2.42393e-05
10	44	7.92648e-16
10	45	1.62225e-15
10	46	2.43391e-05
10	47	2.4369e-05
10	48	2.99499e-16
10	49	0.132472
10	50	2.27736e-16
10	51	2.42887e-05
10	52	9.54433e-16
10	53	2.4664e-05
10	54	2.10612e-16
10	55	2.57221e-05
10	56	2.42712e-05
10	57	2.76032e-05
10	58	5.79049e-16
10	59	2.50519e-05
10	60	2.46201e-05
10	61	2.69622e-05
10	62	5.27559e-17
10	63	2.45062e-05
10	64	1.38246e-15
10	65	2.48398e-05
10	66	1.30731e-15
10	67	2.42534e-05
10	68	4.75483e-16
10	69	2.44589e-05
10	70	1.21122e-15
11	0	1.22071e-15
11	1	6.36577e-06
11	2	8.40591e-06
11	3	6.13778e-06
11	4	6.13784e-06
11	5	7.59933e-06
11	6	8.62133e-06
11	7	6.34011e-06
11	8	7.07877e-06
11	9	6.23041e-06
11	10	1.07403e-05
11	11	7.56808e-06
11	12	7.3139e-06
11	13	8.12063e-06
11	14	6.35196e-06
11	15	7.09508e-06
11	16	6.16526e-06
11	17	6.17289e-06
11	18	1.68026e-15
11	19	6.15129e-06
11	20	6.13973e-06
11	21	8.68782e-06
11	22	6.13829e-06
11	23	6.96132e-06
11	24	7.56849e-06
11	25	3.97408e-16
11	26	7.20999e-06
11	27	7.31779e-06
11	28	6.13775e-06
11	29	2.8672e-16
11	30	6.25274e-06
11	31	7.80783e-06
11	32	6.50028e-06
11	33	1.14095e-05
11	34	6.15436e-06
11	35	8.71746e-16
11	36	2.45696e-05
11	37	6.13984e-06
11	38	6.30923e-06
11	39	1.0454e-05
11	40	6.63302e-06
11	41	6.51686e-06
11	42	7.04695e-06
11	43	6.13794e-06
11	44	2.98348e-16
11	45	1.44701e-15
11	46	6.23775e-06
11	47	6.26768e-06
11	48	1.1224e-15
11	49	0.132453
11	50	6.68016e-06
11	51	6.18732e-06
11	52	6.20623e-06
11	53	6.56261e-06
11	54	6.26667e-06
11	55	7.62071e-06
11	56	6.16987e-06
11	57	9.50186e-06
11	58	6.72548e-16
11	59	6.95054e-06
11	60	6.51874e-06
11	61	8.86081e-06
11	62	8.01712e-17
11	63	6.40487e-06
11	64	6.26256e-06
11	65	6.73848e-06
11	66	1.70636e-15
11	67	6.15202e-06
11	68	6.49724e-16
11	69	6.35756e-06
11	70	6.15321e-06
12	0	1.28799e-15
12	1	9.26596e-06
12	2	1.13061e-05
12	3	9.03797e-06
12	4	4.9104e-18
12	5	1.04995e-05
12	6	1.15215e-05
12	7	9.2403e-06
12	8	9.97896e-06
12	9	9.1306e-06
12	10	1.36405e-05
12	11	1.04683e-05
12	12	1.02141e-05
12	13	1.10208e-05
12	14	9.25215e-06
12	15	9.99527e-06
12	16	9.06545e-06
12	17	9.07307e-06
12	18	9.04161e-06
12	19	1.08259e-15
12	20	9.03992e-06
12	21	1.1588e-05
12	22	9.03848e-06
12	23	9.86151e-06
12	24	1.04687e-05
12	25	3.07222e-16
12	26	1.01102e-05
12	27	1.0218e-05
12	28	9.03794e-06
12	29	3.5904e-16
12	30	9.15293e-06
12	31	1.0708e-05
12	32	9.40047e-06
12	33	1.43097e-05
12	34	9.05455e-06
12	35	9.03801e-06
12	36	2.74698e-05
12	37	1.14571e-15
12	38	9.20942e-06
12	39	1.33541e-05
12	40	9.53321e-06
12	41	9.41705e-06
12	42	9.94714e-06
12	43	9.03813e-06
12	44	5.19562e-16
12	45	1.07226e-15
12	46	9.13794e-06
12	47	9.16787e-06
12	48	3.96237e-16
12	49	0.132456
12	50	9.58035e-06
12	51	9.08751e-06
12	52	7.47498e-16
12	53	9.4628e-06
12	54	9.16686e-06
12	55	1.05209e-05
12	56	9.07006e-06
12	57	1.2402e-05
12	58	9.03788e-06
12	59	9.85073e-06
12	60	9.41893e-06
12	61	1.1761e-05
12	62	5.57723e-16
12	63	9.30506e-06
12	64	9.16275e-06
12	65	9.63867e-06
12	66	1.34681e-15
12	67	9.05221e-06
12	68	1.61809e-15
12	69	9.25775e-06
12	70	4.41671e-16
13	0	8.53998e-06
13	1	8.72864e-06
13	2	1.07688e-05
13	3	8.50065e-06
13	4	8.50071e-06
13	5	9.9622e-06
13	6	1.09842e-05
13	7	8.70298e-06
13	8	9.44163e-06
13	9	8.59328e-06
13	10	1.31032e-05
13	11	9.93095e-06
13	12	9.67677e-06
13	13	1.04835e-05
13	14	8.71483e-06
13	15	9.45795e-06
13	16	1.52795e-15
13	17	8.53575e-06
13	18	8.50429e-06
13	19	8.51415e-06
13	20	8.5026e-06
13	21	1.10507e-05
13	22	8.50116e-06
13	23	9.32419e-06
13	24	9.93136e-06
13	25	1.55659e-15
13	26	9.57286e-06
13	27	9.68066e-06
13	28	1.32451e-16
13	29	4.58351e-16
13	30	8.6156e-06
13	31	1.01707e-05
13	32	8.86315e-06
13	33	1.37724e-05
13	34	3.43964e-16
13	35	8.90308e-16
13	36	2.69324e-05
13	37	1.32305e-15
13	38	8.6721e-06
13	39	1.28168e-05
13	40	8.99589e-06
13	41	8.87973e-06
13	42	9.40982e-06
13	43	8.50081e-06
13	44	8.59779e-06
13	45	1.51135e-15
13	46	8.60062e-06
13	47	8.63054e-06
13	48	8.27362e-17
13	49	0.132456
13	50	9.04303e-06
13	51	8.55019e-06
13	52	1.20861e-15
13	53	8.92548e-06
13	54	8.62954e-06
13	55	9.98358e-06
13	56	8.53274e-06
13	57	1.18647e-05
13	58	1.25051e-16
13	59	9.31341e-06
13	60	8.88161e-06
13	61	1.12237e-05
13	62	2.06636e-16
13	63	8.76774e-06
13	64	8.62543e-06
13	65	9.10135e-06
13	66	1.37244e-15
13	67	8.51489e-06
13	68	1.20613e-15
13	69	8.72042e-06
13	70	5.99014e-16
14	0	9.38749e-17
14	1	4.21375e-06
14	2	6.25389e-06
14	3	3.98576e-06
14	4	3.98582e-06
14	5	5.44731e-06
14	6	6.46931e-06
14	7	4.18809e-06
14	8	4.92674e-06
14	9	4.07839e-06
14	10	8.58829e-06
14	11	5.41606e-06
14	12	5.16188e-06
14	13	5.9686e-06
14	14	4.19994e-06
14	15	4.94306e-06
14	16	1.21441e-15
14	17	4.02086e-06
14	18	3.9894e-06
14	19	3.99926e-06
14	20	6.00003e-16
14	21	6.5358e-06
14	22	3.98627e-06
14	23	4.8093e-06
14	24	5.41647e-06
14	25	1.62978e-16
14	26	5.05797e-06
14	27	5.16577e-06
14	28	3.98573e-06
14	29	1.27319e-15
14	30	4.10071e-06
14	31	5.65581e-06
14	32	4.34826e-06
14	33	9.2575e-06
14	34	4.00234e-06
14	35	7.90703e-16
14	36	2.24175e-05
14	37	3.98781e-06
14	38	4.15721e-06
14	39	8.30193e-06
14	40	4.481e-06
14	41	4.36483e-06
14	42	4.89492e-06
14	43	3.98592e-06
14	44	4.0829e-06
14	45	2.48638e-16
14	46	4.08573e-06
14	47	4.11565e-06
14	48	6.76276e-16
14	49	0.132451
14	50	4.52814e-06
14	51	4.0353e-06
14	52	4.05421e-06
14	53	4.41058e-06
14	54	4.11464e-06
14	55	5.46869e-06
14	56	4.01785e-06
14	57	7.34983e-06
14	58	3.98567e-06
14	59	4.79852e-06
14	60	4.36671e-06
14	61	6.70879e-06
14	62	1.61213e-15
14	63	4.25285e-06
14	64	4.11054e-06
14	65	4.58646e-06
14	66	3.99299e-06
14	67	4e-06
14	68	1.16392e-15
14	69	4.20553e-06
14	70	5.58958e-16
15	0	6.77692e-06
15	1	6.96559e-06
15	2	9.00572e-06
15	3	6.7376e-06
15	4	6.73765e-06
15	5	8.19914e-06
15	6	9.22114e-06
15	7	6.93992e-06
15	8	7.67858e-06
15	9	6.83022e-06
15	10	1.13401e-05
15	11	8.16789e-06
15	12	7.91371e-06
15	13	8.72044e-06
15	14	6.95177e-06
15	15	7.69489e-06
15	16	6.76508e-06
15	17	6.7727e-06
15	18	6.74123e-06
15	19	6.7511e-06
15	20	6.73954e-06
15	21	9.28763e-06
15	22	6.7381e-06
15	23	7.56114e-06
15	24	8.1683e-06
15	25	7.45517e-16
15	26	7.8098e-06
15	27	7.9176e-06
15	28	6.14356e-16
15	29	3.41497e-16
15	30	6.85255e-06
15	31	8.40764e-06
15	32	7.10009e-06
15	33	1.20093e-05
15	34	6.75417e-06
15	35	1.19862e-15
15	36	2.51694e-05
15	37	6.73965e-06
15	38	6.90904e-06
15	39	1.10538e-05
15	40	7.23283e-06
15	41	7.11667e-06
15	42	7.64676e-06
15	43	6.73775e-06
15	44	6.83473e-06
15	45	1.3546e-15
15	46	6.83756e-06
15	47	6.86749e-06
15	48	9.79586e-16
15	49	0.132454
15	50	7.27998e-06
15	51	6.78713e-06
15	52	6.80605e-06
15	53	7.16242e-06
15	54	6.86648e-06
15	55	8.22052e-06
15	56	6.76968e-06
15	57	1.01017e-05
15	58	6.7375e-06
15	59	7.55035e-06
15	60	7.11855e-06
15	61	9.46063e-06
15	62	1.53663e-15
15	63	7.00468e-06
15	64	6.86237e-06
15	65	7.33829e-06
15	66	6.74482e-06
15	67	6.75183e-06
15	68	6.81748e-06
15	69	6.95737e-06
15	70	6.75302e-06
16	0	7.10532e-16
16	1	4.89704e-06
16	2	6.93718e-06
16	3	4.66905e-06
16	4	1.41617e-15
16	5	6.1306e-06
16	6	7.1526e-06
16	7	4.87138e-06
16	8	5.61004e-06
16	9	4.76168e-06
16	10	9.27158e-06
16	11	6.09935e-06
16	12	5.84517e-06
16	13	6.65189e-06
16	14	8.24673e-16
16	15	5.62635e-06
16	16	4.69653e-06
16	17	4.70415e-06
16	18	4.67269e-06
16	19	1.5852e-15
16	20	4.671e-06
16	21	7.21909e-06
16	22	4.66956e-06
16	23	5.49259e-06
16	24	6.09976e-06
16	25	4.71232e-06
16	26	5.74126e-06
16	27	5.84906e-06
16	28	4.66902e-06
16	29	2.31726e-16
16	30	4.78401e-06
16	31	6.3391e-06
16	32	5.03155e-06
16	33	9.94079e-06
16	34	4.68563e-06
16	35	8.76993e-16
16	36	2.31008e-05
16	37	9.91186e-16
16	38	4.8405e-06
16	39	8.98522e-06
16	40	5.16429e-06
16	41	5.04813e-06
16	42	5.57822e-06
16	43	4.66921e-06
16	44	4.53021e-16
16	45	1.31496e-15
16	46	4.76902e-06
16	47	4.79895e-06
16	48	1.06565e-15
16	49	0.132452
16	50	5.21143e-06
16	51	4.71859e-06
16	52	1.66112e-15
16	53	5.09388e-06
16	54	4.79794e-06
16	55	6.15198e-06
16	56	4.70114e-06
16	57	8.03312e-06
16	58	4.66896e-06
16	59	5.48181e-06
16	60	5.05001e-06
16	61	7.39208e-06
16	62	1.62965e-15
16	63	4.93614e-06
16	64	4.79383e-06
16	65	5.26975e-06
16	66	4.67628e-06
16	67	4.68329e-06
16	68	3.61365e-16
16	69	4.88882e-06
16	70	5.56517e-16
17	0	4.26138e-06
17	1	4.45004e-06
17	2	6.49017e-06
17	3	3.09891e-16
17	4	1.67858e-15
17	5	5.68359e-06
17	6	6.70559e-06
17	7	4.42437e-06
17	8	5.16303e-06
17	9	4.31468e-06
17	10	8.82458e-06
17	11	5.65235e-06
17	12	5.39816e-06
17	13	6.20489e-06
17	14	4.43622e-06
17	15	5.17934e-06
17	16	1.87124e-16
17	17	4.25715e-06
17	18	1.55258e-15
17	19	1.71232e-15
17	20	4.22399e-06
17	21	6.77208e-06
17	22	4.22255e-06
17	23	5.04559e-06
17	24	5.65275e-06
17	25	6.03039e-16
17	26	4.4465e-16
17	27	5.40206e-06
17	28	5.17729e-16
17	29	8.6372e-16
17	30	4.337e-06
17	31	5.89209e-06
17	32	1.04792e-15
17	33	9.49379e-06
17	34	2.16298e-16
17	35	4.41269e-16
17	36	2.26538e-05
17	37	1.82496e-16
17	38	4.39349e-06
17	39	8.53822e-06
17	40	4.71728e-06
17	41	4.60112e-06
17	42	5.13121e-06
17	43	4.2222e-06
17	44	4.92658e-16
17	45	1.43134e-15
17	46	4.32202e-06
17	47	1.22503e-15
17	48	1.48091e-15
17	49	0.132452
17	50	1.68626e-15
17	51	4.27158e-06
17	52	1.06799e-15
17	53	4.64687e-06
17	54	4.35093e-06
17	55	5.70497e-06
17	56	4.25413e-06
17	57	7.58612e-06
17	58	1.13986e-16
17	59	5.03481e-06
17	60	4.603e-06
17	61	6.94508e-06
17	62	1.17579e-16
17	63	4.48914e-06
17	64	4.34683e-06
17	65	4.82274e-06
17	66	1.4316e-15
17	67	4.23628e-06
17	68	4.30193e-06
17	69	4.44182e-06
17	70	6.78188e-16
18	0	7.92373e-16
18	1	3.79991e-06
18	2	5.84005e-06
18	3	3.57192e-06
18	4	7.03034e-16
18	5	5.03347e-06
18	6	6.05547e-06
18	7	3.77425e-06
18	8	4.5129e-06
18	9	3.66455e-06
18	10	8.17445e-06
18	11	5.00222e-06
18	12	4.74804e-06
18	13	4.76657e-16
18	14	3.7861e-06
18	15	4.52922e-06
18	16	4.58217e-16
18	17	3.60702e-06
18	18	3.57556e-06
18	19	2.7942e-17
18	20	1.06205e-16
18	21	6.12196e-06
18	22	3.57243e-06
18	23	4.39546e-06
18	24	5.00263e-06
18	25	4.0547e-16
18	26	4.64413e-06
18	27	4.75193e-06
18	28	3.57189e-06
18	29	9.52064e-16
18	30	3.68687e-06
18	31	5.24197e-06
18	32	3.93442e-06
18	33	8.84366e-06
18	34	8.66347e-16
18	35	5.38625e-16
18	36	1.06354e-15
18	37	3.57397e-06
18	38	3.74337e-06
18	39	7.88809e-06
18	40	4.06716e-06
18	41	3.95099e-06
18	42	4.48109e-06
18	43	4.93344e-17
18	44	3.66906e-06
18	45	3.87331e-16
18	46	3.67189e-06
18	47	3.70181e-06
18	48	1.9641e-16
18	49	0.132451
18	50	4.1143e-06
18	51	3.62146e-06
18	52	9.09709e-16
18	53	3.99675e-06
18	54	5.93877e-16
18	55	5.05485e-06
18	56	3.60401e-06
18	57	6.93599e-06
18	58	1.34918e-15
18	59	4.38468e-06
18	60	3.95288e-06
18	61	6.29495e-06
18	62	5.80476e-16
18	63	3.83901e-06
18	64	3.6967e-06
18	65	4.17262e-06
18	66	3.57915e-06
18	67	3.58616e-06
18	68	1.52319e-15
18	69	3.79169e-06
18	70	8.7357e-16
19	0	1.65062e-15
19	1	1.4898e-06
19	2	3.52994e-06
19	3	1.26181e-06
19	4	1.26187e-06
19	5	2.72336e-06
19	6	3.74536e-06
19	7	1.46414e-06
19	8	2.20279e-06
19	9	1.35444e-06
19	10	5.86434e-06
19	11	2.69211e-06
19	12	2.43793e-06
19	13	3.24465e-06
19	14	1.47599e-06
19	15	2.21911e-06
19	16	6.26522e-16
19	17	1.29691e-06
19	18	1.26545e-06
19	19	1.27531e-06
19	20	1.14238e-16
19	21	3.81185e-06
19	22	1.26232e-06
19	23	2.08535e-06
19	24	2.69252e-06
19	25	1.76481e-15
19	26	2.33402e-06
19	27	2.44182e-06
19	28	1.26178e-06
19	29	8.97076e-17
19	30	1.37676e-06
19	31	2.93186e-06
19	32	1.62431e-06
19	33	6.53355e-06
19	34	1.27839e-06
19	35	1.7827e-15
19	36	1.96936e-05
19	37	1.3471e-15
19	38	1.43326e-06
19	39	5.57798e-06
19	40	1.75705e-06
19	41	1.64088e-06
19	42	2.17097e-06
19	43	1.26197e-06
19	44	1.35895e-06
19	45	1.29385e-15
19	46	1.36178e-06
19	47	1.3917e-06
19	48	3.51219e-16
19	49	0.132449
19	50	1.80419e-06
19	51	1.31135e-06
19	52	1.61141e-15
19	53	1.68663e-06
19	54	1.39069e-06
19	55	2.74474e-06
19	56	1.2939e-06
19	57	4.62588e-06
19	58	1.26172e-06
19	59	2.07457e-06
19	60	1.64276e-06
19	61	3.98484e-06
19	62	1.32585e-06
19	63	1.5289e-06
19	64	1.38659e-06
19	65	1.86251e-06
19	66	1.18876e-15
19	67	1.27604e-06
19	68	1.5093e-15
19	69	1.48158e-06
19	70	1.77907e-15
20	0	1.16067e-15
20	1	2.32696e-07
20	2	2.27283e-06
20	3	6.03349e-16
20	4	6.25531e-16
20	5	1.46625e-06
20	6	2.48825e-06
20	7	2.07034e-07
20	8	9.45689e-07
20	9	9.73345e-08
20	10	4.60723e-06
20	11	1.43501e-06
20	12	1.18082e-06
20	13	1.98755e-06
20	14	2.18881e-07
20	15	9.62001e-07
20	16	5.77033e-16
20	17	3.98084e-08
20	18	1.18201e-15
20	19	1.73513e-15
20	20	6.65187e-09
20	21	2.55474e-06
20	22	5.21307e-09
20	23	8.28247e-07
20	24	1.66316e-15
20	25	4.79767e-08
20	26	1.07692e-06
20	27	1.18472e-06
20	28	1.38461e-15
20	29	4.83436e-09
20	30	1.19659e-07
20	31	1.67475e-06
20	32	3.67203e-07
20	33	5.27645e-06
20	34	2.12805e-08
20	35	1.56552e-15
20	36	2.97849e-16
20	37	1.75367e-16
20	38	1.76152e-07
20	39	4.32088e-06
20	40	4.99944e-07
20	41	3.83779e-07
20	42	9.1387e-07
20	43	4.86415e-09
20	44	1.17673e-15
20	45	4.68591e-09
20	46	1.04675e-07
20	47	1.34599e-07
20	48	1.62908e-16
20	49	1.39999e-15
20	50	5.47088e-07
20	51	5.42437e-08
20	52	7.31572e-08
20	53	4.2953e-07
20	54	1.3359e-07
20	55	1.48763e-06
20	56	3.67944e-08
20	57	3.36878e-06
20	58	9.16546e-17
20	59	8.17465e-07
20	60	3.8566e-07
20	61	2.72774e-06
20	62	8.43391e-16
20	63	6.88934e-16
20	64	1.29486e-07
20	65	6.05402e-07
20	66	4.32703e-16
20	67	1.89402e-08
20	68	8.45888e-08
20	69	2.24479e-07
20	70	1.13172e-15
21	0	9.76655e-06
21	1	9.95521e-06
21	2	1.19953e-05
21	3	9.72722e-06
21	4	9.72728e-06
21	5	1.11888e-05
21	6	1.22108e-05
21	7	9.92954e-06
21	8	1.06682e-05
21	9	9.81985e-06
21	10	1.43297e-05
21	11	1.11575e-05
21	12	1.09033e-05
21	13	1.17101e-05
21	14	9.94139e-06
21	15	1.06845e-05
21	16	9.7547e-06
21	17	9.76232e-06
21	18	9.73086e-06
21	19	9.74072e-06
21	20	9.72916e-06
21	21	1.22773e-05
21	22	9.72772e-06
21	23	1.05508e-05
21	24	1.11579e-05
21	25	9.77049e-06
21	26	1.07994e-05
21	27	1.09072e-05
21	28	9.72719e-06
21	29	9.72735e-06
21	30	9.84217e-06
21	31	1.13973e-05
21	32	1.00897e-05
21	33	1.4999e-05
21	34	9.74379e-06
21	35	1.74072e-15
21	36	2.8159e-05
21	37	1.64261e-15
21	38	9.89866e-06
21	39	1.40434e-05
21	40	1.02225e-05
21	41	1.01063e-05
21	42	1.06364e-05
21	43	9.72738e-06
21	44	9.2149e-16
21	45	9.7272e-06
21	46	9.82719e-06
21	47	9.85711e-06
21	48	1.26084e-15
21	49	0.132457
21	50	1.02696e-05
21	51	9.77675e-06
21	52	1.44144e-15
21	53	1.0152e-05
21	54	9.8561e-06
21	55	1.12101e-05
21	56	9.75931e-06
21	57	1.30913e-05
21	58	9.72713e-06
21	59	1.054e-05
21	60	1.01082e-05
21	61	1.24502e-05
21	62	9.54919e-16
21	63	9.99431e-06
21	64	9.852e-06
21	65	1.03279e-05
21	66	9.73445e-06
21	67	9.74145e-06
21	68	1.30289e-15
21	69	9.94699e-06
21	70	9.74264e-06
22	0	4.76198e-08
22	1	2.3628e-07
22	2	2.27642e-06
22	3	8.29097e-09
22	4	1.57951e-16
22	5	1.46983e-06
22	6	2.49183e-06
22	7	2.10618e-07
22	8	9.49273e-07
22	9	1.00918e-07
22	10	4.61082e-06
22	11	1.43859e-06
22	12	1.18441e-06
22	13	1.99113e-06
22	14	2.22465e-07
22	15	9.65585e-07
22	16	9.7328e-16
22	17	4.33922e-08
22	18	1.42158e-15
22	19	1.77416e-16
22	20	1.02357e-08
22	21	2.55833e-06
22	22	8.7969e-09
22	23	8.31831e-07
22	24	1.43899e-06
22	25	5.15606e-08
22	26	1.0805e-06
22	27	1.1883e-06
22	28	8.25009e-16
22	29	8.41819e-09
22	30	1.23243e-07
22	31	1.67834e-06
22	32	3.70787e-07
22	33	5.28003e-06
22	34	1.47654e-15
22	35	1.17879e-15
22	36	1.1307e-15
22	37	7.78705e-16
22	38	1.79736e-07
22	39	4.32446e-06
22	40	5.03528e-07
22	41	3.87363e-07
22	42	9.17454e-07
22	43	8.44798e-09
22	44	1.0396e-15
22	45	1.73416e-16
22	46	1.08259e-07
22	47	1.38183e-07
22	48	1.09972e-15
22	49	9.47253e-16
22	50	5.50672e-07
22	51	5.78276e-08
22	52	7.6741e-08
22	53	4.33114e-07
22	54	1.37173e-07
22	55	1.49122e-06
22	56	4.03782e-08
22	57	3.37236e-06
22	58	4.39904e-16
22	59	8.21049e-07
22	60	3.89244e-07
22	61	2.73132e-06
22	62	1.05169e-15
22	63	2.7538e-07
22	64	1.3307e-07
22	65	6.08986e-07
22	66	9.17116e-16
22	67	2.2524e-08
22	68	1.02612e-15
22	69	2.28062e-07
22	70	2.3716e-08
23	0	8.0175e-16
23	1	4.77576e-06
23	2	6.8159e-06
23	3	4.54777e-06
23	4	4.54783e-06
23	5	6.00932e-06
23	6	7.03132e-06
23	7	4.7501e-06
23	8	5.48875e-06
23	9	4.6404e-06
23	10	9.1503e-06
23	11	5.97807e-06
23	12	5.72389e-06
23	13	6.53061e-06
23	14	4.76195e-06
23	15	5.50507e-06
23	16	4.57525e-06
23	17	4.58287e-06
23	18	4.55141e-06
23	19	4.56127e-06
23	20	4.54972e-06
23	21	7.09781e-06
23	22	4.54828e-06
23	23	5.37131e-06
23	24	5.97848e-06
23	25	1.58145e-15
23	26	5.61998e-06
23	27	5.72778e-06
23	28	1.75298e-15
23	29	7.78926e-16
23	30	4.66272e-06
23	31	6.21782e-06
23	32	4.91027e-06
23	33	9.81951e-06
23	34	4.56435e-06
23	35	1.37281e-15
23	36	2.29796e-05
23	37	4.54982e-06
23	38	4.71922e-06
23	39	8.86394e-06
23	40	5.04301e-06
23	41	4.92684e-06
23	42	5.45694e-06
23	43	4.54793e-06
23	44	1.53157e-15
23	45	1.07768e-16
23	46	4.64774e-06
23	47	4.67766e-06
23	48	2.41882e-17
23	49	0.132452
23	50	5.09015e-06
23	51	4.59731e-06
23	52	5.26651e-16
23	53	4.9726e-06
23	54	4.67666e-06
23	55	6.0307e-06
23	56	4.57986e-06
23	57	7.91184e-06
23	58	4.54768e-06
23	59	5.36053e-06
23	60	4.92873e-06
23	61	7.2708e-06
23	62	1.27923e-15
23	63	4.81486e-06
23	64	4.67255e-06
23	65	5.14847e-06
23	66	1.49675e-15
23	67	4.56201e-06
23	68	1.17265e-15
23	69	4.76754e-06
23	70	4.49578e-16
24	0	1.43362e-05
24	1	1.45248e-05
24	2	1.6565e-05
24	3	1.42968e-05
24	4	1.41045e-15
24	5	1.57584e-05
24	6	1.67804e-05
24	7	1.44992e-05
24	8	1.52378e-05
24	9	1.43895e-05
24	10	1.88994e-05
24	11	1.57271e-05
24	12	1.5473e-05
24	13	1.62797e-05
24	14	1.4511e-05
24	15	1.52541e-05
24	16	1.43243e-05
24	17	1.43319e-05
24	18	1.64776e-15
24	19	1.43103e-05
24	20	1.42988e-05
24	21	1.68469e-05
24	22	1.42973e-05
24	23	1.51204e-05
24	24	1.57275e-05
24	25	1.43401e-05
24	26	1.5369e-05
24	27	1.54768e-05
24	28	2.67849e-16
24	29	1.4297e-05
24	30	1.44118e-05
24	31	1.59669e-05
24	32	1.46593e-05
24	33	1.95686e-05
24	34	1.43134e-05
24	35	1.42969e-05
24	36	3.27286e-05
24	37	1.73873e-15
24	38	1.44683e-05
24	39	1.8613e-05
24	40	1.47921e-05
24	41	1.46759e-05
24	42	1.5206e-05
24	43	1.4297e-05
24	44	3.3979e-16
24	45	1.06075e-15
24	46	1.43968e-05
24	47	1.44267e-05
24	48	7.86009e-16
24	49	0.132462
24	50	1.48392e-05
24	51	1.43464e-05
24	52	1.43653e-05
24	53	1.47217e-05
24	54	1.44257e-05
24	55	1.57798e-05
24	56	1.43289e-05
24	57	1.76609e-05
24	58	1.42967e-05
24	59	1.51096e-05
24	60	1.46778e-05
24	61	1.70199e-05
24	62	1.00469e-15
24	63	1.45639e-05
24	64	1.44216e-05
24	65	1.48975e-05
24	66	1.43041e-05
24	67	1.43111e-05
24	68	1.43767e-05
24	69	1.45166e-05
24	70	9.62322e-16
25	0	3.70554e-16
25	1	3.54397e-06
25	2	5.58411e-06
25	3	1.0814e-15
25	4	7.97498e-17
25	5	4.77752e-06
25	6	5.79952e-06
25	7	3.51831e-06
25	8	4.25696e-06
25	9	3.40861e-06
25	10	7.91851e-06
25	11	4.74628e-06
25	12	4.4921e-06
25	13	5.29882e-06
25	14	3.53016e-06
25	15	4.27327e-06
25	16	5.66721e-16
25	17	1.4636e-15
25	18	3.31962e-06
25	19	6.41989e-16
25	20	3.31793e-06
25	21	5.86602e-06
25	22	3.31649e-06
25	23	4.13952e-06
25	24	4.74669e-06
25	25	3.35925e-06
25	26	4.38819e-06
25	27	4.49599e-06
25	28	1.58062e-15
25	29	3.31611e-06
25	30	3.43093e-06
25	31	4.98603e-06
25	32	3.67848e-06
25	33	8.58772e-06
25	34	3.33255e-06
25	35	7.31993e-16
25	36	2.17478e-05
25	37	1.4701e-15
25	38	3.48743e-06
25	39	7.63215e-06
25	40	8.94054e-16
25	41	3.69505e-06
25	42	4.22514e-06
25	43	3.31614e-06
25	44	9.35053e-17
25	45	3.31596e-06
25	46	3.41595e-06
25	47	3.44587e-06
25	48	1.20145e-15
25	49	0.132451
25	50	3.85836e-06
25	51	1.50041e-15
25	52	3.38443e-06
25	53	3.7408e-06
25	54	3.44486e-06
25	55	4.79891e-06
25	56	3.34807e-06
25	57	6.68005e-06
25	58	1.63218e-16
25	59	4.12874e-06
25	60	3.69693e-06
25	61	6.03901e-06
25	62	8.67693e-16
25	63	3.58307e-06
25	64	3.44076e-06
25	65	3.91668e-06
25	66	1.14599e-15
25	67	3.33021e-06
25	68	1.03166e-15
25	69	3.53575e-06
25	70	3.33141e-06
26	0	2.69157e-16
26	1	6.73744e-06
26	2	8.77757e-06
26	3	6.50945e-06
26	4	6.50951e-06
26	5	7.97099e-06
26	6	8.99299e-06
26	7	6.71177e-06
26	8	7.45043e-06
26	9	6.60208e-06
26	10	1.1112e-05
26	11	7.93975e-06
26	12	7.68556e-06
26	13	8.49229e-06
26	14	6.72362e-06
26	15	7.46674e-06
26	16	6.53693e-06
26	17	6.54455e-06
26	18	6.51309e-06
26	19	8.96796e-16
26	20	1.78678e-15
26	21	9.05948e-06
26	22	6.50995e-06
26	23	7.33299e-06
26	24	7.94015e-06
26	25	4.94631e-16
26	26	7.58166e-06
26	27	7.68946e-06
26	28	4.04854e-16
26	29	1.16026e-15
26	30	6.6244e-06
26	31	8.17949e-06
26	32	6.87194e-06
26	33	1.17812e-05
26	34	6.52602e-06
26	35	8.06606e-16
26	36	2.49412e-05
26	37	6.5115e-06
26	38	6.68089e-06
26	39	1.08256e-05
26	40	7.00468e-06
26	41	6.88852e-06
26	42	7.41861e-06
26	43	6.5096e-06
26	44	6.60658e-06
26	45	1.32602e-15
26	46	6.60942e-06
26	47	6.63934e-06
26	48	6.15577e-16
26	49	0.132454
26	50	7.05183e-06
26	51	6.55898e-06
26	52	8.64749e-16
26	53	6.93427e-06
26	54	6.63833e-06
26	55	7.99237e-06
26	56	6.54153e-06
26	57	9.87352e-06
26	58	6.50935e-06
26	59	7.32221e-06
26	60	6.8904e-06
26	61	9.23248e-06
26	62	6.57349e-06
26	63	6.77654e-06
26	64	6.63423e-06
26	65	7.11014e-06
26	66	6.51668e-06
26	67	6.52368e-06
26	68	6.58933e-06
26	69	6.72922e-06
26	70	6.52487e-06
27	0	1.00887e-15
27	1	5.19569e-06
27	2	7.23582e-06
27	3	4.9677e-06
27	4	4.96775e-06
27	5	6.42924e-06
27	6	7.45124e-06
27	7	5.17002e-06
27	8	5.90868e-06
27	9	5.06032e-06
27	10	9.57022e-06
27	11	6.398e-06
27	12	6.14381e-06
27	13	6.95054e-06
27	14	5.18187e-06
27	15	5.92499e-06
27	16	4.99518e-06
27	17	5.0028e-06
27	18	4.97133e-06
27	19	4.9812e-06
27	20	4.96964e-06
27	21	7.51773e-06
27	22	4.9682e-06
27	23	5.79124e-06
27	24	6.3984e-06
27	25	9.42052e-16
27	26	6.0399e-06
27	27	6.1477e-06
27	28	4.96767e-06
27	29	1.21372e-15
27	30	5.08265e-06
27	31	6.63774e-06
27	32	5.33019e-06
27	33	1.02394e-05
27	34	4.98427e-06
27	35	1.13057e-15
27	36	2.33995e-05
27	37	4.96975e-06
27	38	5.13914e-06
27	39	9.28387e-06
27	40	5.46293e-06
27	41	5.34677e-06
27	42	5.87686e-06
27	43	4.96785e-06
27	44	5.06483e-06
27	45	1.6924e-15
27	46	5.06766e-06
27	47	5.09759e-06
27	48	9.40348e-16
27	49	0.132452
27	50	5.51008e-06
27	51	5.01723e-06
27	52	5.03615e-06
27	53	5.39252e-06
27	54	5.09658e-06
27	55	6.45062e-06
27	56	4.99978e-06
27	57	8.33177e-06
27	58	4.9676e-06
27	59	5.78045e-06
27	60	5.34865e-06
27	61	7.69073e-06
27	62	5.03173e-06
27	63	5.23479e-06
27	64	5.09247e-06
27	65	5.56839e-06
27	66	4.97493e-06
27	67	4.98193e-06
27	68	5.04758e-06
27	69	5.18747e-06
27	70	4.98312e-06
28	0	2.44223e-16
28	1	1.035e-15
28	2	1.68383e-15
28	3	6.07507e-09
28	4	5.07895e-16
28	5	1.23687e-15
28	6	2.48962e-06
28	7	2.08402e-07
28	8	9.47057e-07
28	9	4.71139e-16
28	10	1.03974e-15
28	11	1.6675e-15
28	12	9.21291e-16
28	13	1.55894e-15
28	14	2.20249e-07
28	15	9.63369e-07
28	16	4.51059e-16
28	17	7.06829e-16
28	18	9.71249e-09
28	19	1.67538e-15
28	20	8.0198e-09
28	21	2.55611e-06
28	22	6.581e-09
28	23	1.23906e-15
28	24	5.74054e-17
28	25	2.34727e-16
28	26	1.07828e-06
28	27	6.77642e-16
28	28	6.04511e-09
28	29	1.47578e-16
28	30	8.4668e-16
28	31	1.67612e-06
28	32	3.68571e-07
28	33	5.27781e-06
28	34	2.12853e-16
28	35	1.09547e-15
28	36	1.55302e-15
28	37	2.27662e-16
28	38	1.7752e-07
28	39	4.32225e-06
28	40	5.01312e-07
28	41	3.85147e-07
28	42	9.15238e-07
28	43	3.88169e-17
28	44	1.03211e-07
28	45	9.04507e-17
28	46	1.06043e-07
28	47	1.35967e-07
28	48	1.26041e-15
28	49	8.08979e-16
28	50	9.12809e-17
28	51	5.56117e-08
28	52	3.14784e-16
28	53	4.30898e-07
28	54	1.46633e-15
28	55	1.489e-06
28	56	3.81623e-08
28	57	3.37015e-06
28	58	1.31926e-16
28	59	1.21002e-15
28	60	3.87028e-07
28	61	1.6686e-15
28	62	6.91137e-16
28	63	2.73164e-07
28	64	8.93836e-16
28	65	1.60286e-15
28	66	1.33042e-08
28	67	1.14774e-15
28	68	7.57658e-16
28	69	6.00076e-16
28	70	5.57757e-16
29	0	1.20139e-15
29	1	2.31448e-07
29	2	2.10159e-16
29	3	2.45861e-16
29	4	1.58102e-15
29	5	1.465e-06
29	6	2.487e-06
29	7	6.45808e-17
29	8	9.44441e-07
29	9	8.52771e-16
29	10	6.77171e-16
29	11	4.77577e-17
29	12	1.17957e-06
29	13	8.24004e-18
29	14	1.34919e-15
29	15	9.60752e-07
29	16	1.12308e-15
29	17	1.6884e-15
29	18	1.45418e-16
29	19	1.37713e-15
29	20	5.40336e-09
29	21	4.73421e-16
29	22	3.96457e-09
29	23	3.86583e-17
29	24	7.4155e-16
29	25	4.67282e-08
29	26	7.92213e-16
29	27	1.70551e-15
29	28	7.36146e-16
29	29	3.58585e-09
29	30	1.18411e-07
29	31	4.66743e-16
29	32	1.13181e-15
29	33	5.2752e-06
29	34	7.02295e-16
29	35	6.69914e-16
29	36	7.17988e-16
29	37	1.25286e-15
29	38	3.49231e-17
29	39	4.31963e-06
29	40	4.98696e-07
29	41	3.82531e-07
29	42	9.53773e-16
29	43	3.61564e-09
29	44	9.92862e-17
29	45	1.33318e-15
29	46	5.77503e-16
29	47	1.33351e-07
29	48	6.26127e-16
29	49	1.11999e-15
29	50	3.46864e-16
29	51	5.12193e-16
29	52	1.15073e-15
29	53	2.75727e-16
29	54	1.32341e-07
29	55	1.23712e-15
29	56	3.55459e-08
29	57	1.52035e-15
29	58	1.27676e-15
29	59	1.14789e-15
29	60	1.71302e-15
29	61	1.70282e-15
29	62	8.04665e-16
29	63	8.46039e-16
29	64	1.43731e-15
29	65	1.17974e-15
29	66	1.01186e-15
29	67	1.74859e-15
29	68	1.06631e-15
29	69	3.7776e-16
29	70	1.73106e-15
30	0	3.1861e-06
30	1	3.37476e-06
30	2	5.4149e-06
30	3	3.14677e-06
30	4	3.14683e-06
30	5	4.60832e-06
30	6	5.63032e-06
30	7	3.3491e-06
30	8	4.08775e-06
30	9	3.2394e-06
30	10	7.7493e-06
30	11	4.57707e-06
30	12	4.32289e-06
30	13	5.12961e-06
30	14	3.36095e-06
30	15	4.10407e-06
30	16	3.17425e-06
30	17	3.18187e-06
30	18	3.15041e-06
30	19	3.16027e-06
30	20	3.14872e-06
30	21	5.69681e-06
30	22	3.14728e-06
30	23	3.97031e-06
30	24	4.57748e-06
30	25	1.08933e-15
30	26	4.21898e-06
30	27	4.32678e-06
30	28	3.14674e-06
30	29	3.1469e-06
30	30	3.26172e-06
30	31	4.81682e-06
30	32	3.50927e-06
30	33	8.41851e-06
30	34	3.16335e-06
30	35	3.14681e-06
30	36	2.15786e-05
30	37	3.14883e-06
30	38	3.31822e-06
30	39	7.46294e-06
30	40	3.64201e-06
30	41	3.52585e-06
30	42	4.05594e-06
30	43	3.14693e-06
30	44	3.24391e-06
30	45	9.3999e-16
30	46	3.24674e-06
30	47	3.27667e-06
30	48	5.42939e-16
30	49	0.13245
30	50	3.68915e-06
30	51	3.19631e-06
30	52	3.21522e-06
30	53	3.5716e-06
30	54	3.27566e-06
30	55	4.6297e-06
30	56	3.17886e-06
30	57	6.51084e-06
30	58	3.14668e-06
30	59	3.95953e-06
30	60	3.52773e-06
30	61	5.8698e-06
30	62	4.13725e-16
30	63	3.41386e-06
30	64	3.27155e-06
30	65	3.74747e-06
30	66	3.154e-06
30	67	3.16101e-06
30	68	3.22665e-06
30	69	3.36654e-06
30	70	1.55933e-15
31	0	1.67684e-15
31	1	7.4094e-06
31	2	9.44954e-06
31	3	7.18142e-06
31	4	1.32419e-15
31	5	8.64296e-06
31	6	9.66496e-06
31	7	7.38374e-06
31	8	8.1224e-06
31	9	7.27404e-06
31	10	1.17839e-05
31	11	8.61171e-06
31	12	8.35753e-06
31	13	9.16426e-06
31	14	7.39559e-06
31	15	8.13871e-06
31	16	7.2089e-06
31	17	7.21652e-06
31	18	7.90724e-16
31	19	1.29423e-15
31	20	7.18336e-06
31	21	9.73145e-06
31	22	7.18192e-06
31	23	8.00496e-06
31	24	8.61212e-06
31	25	7.22469e-06
31	26	8.25362e-06
31	27	8.36142e-06
31	28	7.18139e-06
31	29	4.15401e-16
31	30	7.29637e-06
31	31	8.85146e-06
31	32	7.54391e-06
31	33	1.24532e-05
31	34	7.19799e-06
31	35	8.86048e-16
31	36	2.56132e-05
31	37	1.05356e-15
31	38	7.35286e-06
31	39	1.14976e-05
31	40	7.67665e-06
31	41	7.56049e-06
31	42	8.09058e-06
31	43	7.18157e-06
31	44	7.27855e-06
31	45	1.43382e-15
31	46	7.28138e-06
31	47	7.31131e-06
31	48	1.09365e-15
31	49	0.132454
31	50	7.7238e-06
31	51	7.23095e-06
31	52	7.24987e-06
31	53	7.60624e-06
31	54	7.3103e-06
31	55	8.66434e-06
31	56	7.2135e-06
31	57	1.05455e-05
31	58	5.13558e-16
31	59	7.99417e-06
31	60	7.56237e-06
31	61	9.90445e-06
31	62	1.1772e-15
31	63	7.4485e-06
31	64	7.30619e-06
31	65	7.78211e-06
31	66	3.67915e-16
31	67	7.19565e-06
31	68	7.2613e-06
31	69	7.40119e-06
31	70	1.08047e-15
32	0	1.32244e-15
32	1	3.40083e-06
32	2	5.44096e-06
32	3	3.17284e-06
32	4	3.1729e-06
32	5	4.63438e-06
32	6	5.65638e-06
32	7	3.37516e-06
32	8	4.11382e-06
32	9	3.26547e-06
32	10	7.77537e-06
32	11	4.60314e-06
32	12	4.34895e-06
32	13	5.15568e-06
32	14	3.38701e-06
32	15	4.13013e-06
32	16	3.20032e-06
32	17	3.20794e-06
32	18	3.17648e-06
32	19	3.18634e-06
32	20	3.17478e-06
32	21	5.72287e-06
32	22	3.17334e-06
32	23	3.99638e-06
32	24	4.60354e-06
32	25	5.66224e-17
32	26	4.24505e-06
32	27	4.35285e-06
32	28	3.57095e-16
32	29	8.71877e-16
32	30	3.28779e-06
32	31	4.84288e-06
32	32	3.53533e-06
32	33	8.44458e-06
32	34	3.18941e-06
32	35	1.43587e-15
32	36	2.16046e-05
32	37	1.41837e-15
32	38	3.34428e-06
32	39	7.48901e-06
32	40	3.66807e-06
32	41	3.55191e-06
32	42	4.082e-06
32	43	3.17299e-06
32	44	3.26997e-06
32	45	1.44546e-15
32	46	3.27281e-06
32	47	3.30273e-06
32	48	7.30979e-16
32	49	0.13245
32	50	3.71522e-06
32	51	3.22237e-06
32	52	3.24129e-06
32	53	3.59766e-06
32	54	3.30172e-06
32	55	4.65576e-06
32	56	3.20492e-06
32	57	6.53691e-06
32	58	8.15604e-16
32	59	3.9856e-06
32	60	3.55379e-06
32	61	5.89587e-06
32	62	1.11312e-15
32	63	3.43993e-06
32	64	3.29762e-06
32	65	3.77353e-06
32	66	3.18007e-06
32	67	3.18707e-06
32	68	3.25272e-06
32	69	3.39261e-06
32	70	1.26481e-16
33	0	1.99761e-05
33	1	2.01648e-05
33	2	2.22049e-05
33	3	1.99368e-05
33	4	1.99369e-05
33	5	2.13984e-05
33	6	2.24204e-05
33	7	2.01391e-05
33	8	2.08778e-05
33	9	2.00294e-05
33	10	2.45393e-05
33	11	2.13671e-05
33	12	2.11129e-05
33	13	2.19197e-05
33	14	2.0151e-05
33	15	2.08941e-05
33	16	1.99643e-05
33	17	1.99719e-05
33	18	1.99405e-05
33	19	9.5352e-17
33	20	2.50732e-16
33	21	2.24869e-05
33	22	1.99373e-05
33	23	2.07604e-05
33	24	2.13675e-05
33	25	4.79216e-16
33	26	2.1009e-05
33	27	2.11168e-05
33	28	1.44443e-15
33	29	1.99369e-05
33	30	2.00518e-05
33	31	2.16069e-05
33	32	2.02993e-05
33	33	2.52086e-05
33	34	1.99534e-05
33	35	8.3931e-16
33	36	3.83686e-05
33	37	1.99389e-05
33	38	2.01083e-05
33	39	2.4253e-05
33	40	2.04321e-05
33	41	2.03159e-05
33	42	2.0846e-05
33	43	1.9937e-05
33	44	5.89537e-17
33	45	1.15913e-15
33	46	2.00368e-05
33	47	2.00667e-05
33	48	4.17869e-16
33	49	0.132467
33	50	2.04792e-05
33	51	1.99864e-05
33	52	2.00053e-05
33	53	2.03616e-05
33	54	2.00657e-05
33	55	2.14197e-05
33	56	1.99689e-05
33	57	2.33009e-05
33	58	1.99367e-05
33	59	2.07496e-05
33	60	2.03178e-05
33	61	2.26598e-05
33	62	1.62339e-15
33	63	2.02039e-05
33	64	2.00616e-05
33	65	2.05375e-05
33	66	1.9944e-05
33	67	1.9951e-05
33	68	9.92555e-16
33	69	2.01566e-05
33	70	2.91779e-17
34	0	8.51591e-16
34	1	4.54816e-06
34	2	6.58829e-06
34	3	1.39741e-15
34	4	3.83276e-17
34	5	5.78171e-06
34	6	6.80371e-06
34	7	4.52249e-06
34	8	5.26115e-06
34	9	4.41279e-06
34	10	8.92269e-06
34	11	5.75046e-06
34	12	5.49628e-06
34	13	6.30301e-06
34	14	1.08035e-15
34	15	5.27746e-06
34	16	4.34765e-06
34	17	4.35527e-06
34	18	4.3238e-06
34	19	1.33683e-15
34	20	4.32211e-06
34	21	6.8702e-06
34	22	4.32067e-06
34	23	5.14371e-06
34	24	5.75087e-06
34	25	4.71052e-16
34	26	5.39237e-06
34	27	5.50017e-06
34	28	4.32014e-06
34	29	6.8001e-16
34	30	4.43512e-06
34	31	5.99021e-06
34	32	4.68266e-06
34	33	9.5919e-06
34	34	4.33674e-06
34	35	9.48008e-16
34	36	2.27519e-05
34	37	1.13221e-15
34	38	4.49161e-06
34	39	8.63634e-06
34	40	4.8154e-06
34	41	4.69924e-06
34	42	5.22933e-06
34	43	4.32032e-06
34	44	4.4173e-06
34	45	1.38218e-15
34	46	4.42013e-06
34	47	4.45006e-06
34	48	1.43718e-16
34	49	0.132452
34	50	4.86255e-06
34	51	4.3697e-06
34	52	7.88597e-16
34	53	4.74499e-06
34	54	4.44905e-06
34	55	5.80309e-06
34	56	4.35225e-06
34	57	7.68424e-06
34	58	1.53252e-15
34	59	5.13292e-06
34	60	4.70112e-06
34	61	7.0432e-06
34	62	1.26663e-17
34	63	4.58726e-06
34	64	4.44494e-06
34	65	4.92086e-06
34	66	4.22235e-16
34	67	4.3344e-06
34	68	4.61508e-16
34	69	4.53994e-06
34	70	1.56168e-15
35	0	9.7955e-16
35	1	2.31094e-07
35	2	1.31255e-15
35	3	3.10498e-09
35	4	3.16245e-09
35	5	1.46465e-06
35	6	5.56584e-16
35	7	2.05432e-07
35	8	9.44087e-07
35	9	4.28846e-16
35	10	9.61201e-17
35	11	1.57451e-15
35	12	9.67332e-16
35	13	9.53883e-16
35	14	8.47141e-16
35	15	9.95319e-16
35	16	1.47768e-15
35	17	5.81807e-16
35	18	2.37108e-16
35	19	1.46508e-15
35	20	7.07271e-16
35	21	2.55314e-06
35	22	1.28499e-15
35	23	9.44615e-17
35	24	7.87559e-16
35	25	1.75863e-15
35	26	1.07531e-06
35	27	4.41761e-16
35	28	1.56135e-15
35	29	3.99183e-16
35	30	6.85228e-16
35	31	2.33618e-17
35	32	1.77871e-15
35	33	5.27484e-06
35	34	2.9338e-16
35	35	3.13755e-09
35	36	1.70411e-15
35	37	5.15729e-09
35	38	1.7455e-07
35	39	4.31928e-06
35	40	3.07712e-16
35	41	3.82177e-07
35	42	1.02838e-15
35	43	4.77599e-16
35	44	1.20151e-15
35	45	3.36594e-16
35	46	1.12818e-15
35	47	2.85303e-16
35	48	1.13832e-15
35	49	1.6008e-15
35	50	1.17709e-16
35	51	5.26416e-08
35	52	3.78482e-16
35	53	4.27928e-07
35	54	1.31987e-07
35	55	1.48603e-06
35	56	3.51922e-08
35	57	7.11083e-16
35	58	3.01203e-09
35	59	4.13817e-16
35	60	3.84058e-07
35	61	8.9358e-16
35	62	1.58523e-15
35	63	1.73535e-15
35	64	1.27884e-07
35	65	1.4381e-15
35	66	3.48805e-17
35	67	1.78442e-15
35	68	8.04177e-16
35	69	2.22876e-07
35	70	1.853e-08
36	0	1.70319e-15
36	1	1.62355e-15
36	2	1.58351e-15
36	3	1.44245e-15
36	4	1.23904e-15
36	5	1.25544e-16
36	6	1.57484e-15
36	7	6.95123e-16
36	8	7.47565e-16
36	9	4.78593e-16
36	10	1.4639e-15
36	11	1.65106e-15
36	12	1.96026e-16
36	13	5.71969e-16
36	14	1.90702e-16
36	15	3.00076e-16
36	16	1.60793e-15
36	17	6.08035e-17
36	18	1.64005e-17
36	19	4.59292e-16
36	20	6.73121e-16
36	21	1.38029e-16
36	22	2.88115e-16
36	23	1.6338e-15
36	24	1.08924e-15
36	25	1.43274e-15
36	26	1.64556e-15
36	27	2.87822e-16
36	28	6.63328e-16
36	29	5.08112e-16
36	30	1.40303e-15
36	31	1.13384e-15
36	32	1.5761e-15
36	33	4.8131e-16
36	34	8.50522e-17
36	35	1.19069e-15
36	36	4.50304e-16
36	37	8.74307e-16
36	38	5.4854e-16
36	39	6.0962e-16
36	40	1.37969e-15
36	41	8.5958e-16
36	42	3.56161e-16
36	43	1.54727e-15
36	44	1.02541e-15
36	45	1.57359e-15
36	46	2.83713e-16
36	47	4.91649e-16
36	48	1.67838e-15
36	49	1.16251e-15
36	50	1.12574e-15
36	51	8.43887e-16
36	52	1.44843e-15
36	53	2.29883e-16
36	54	1.61978e-15
36	55	6.90185e-17
36	56	1.76323e-15
36	57	7.15298e-16
36	58	1.36943e-15
36	59	1.12374e-15
36	60	4.17072e-17
36	61	1.78551e-15
36	62	1.08171e-15
36	63	1.53977e-15
36	64	2.9686e-16
36	65	1.79272e-15
36	66	1.4152e-15
36	67	1.6942e-15
36	68	2.68139e-16
36	69	3.44881e-16
36	70	1.49144e-15
37	0	6.64037e-16
37	1	1.67677e-15
37	2	1.08875e-15
37	3	3.95441e-09
37	4	9.76732e-16
37	5	3.44373e-16
37	6	8.36554e-16
37	7	1.08652e-16
37	8	1.06734e-15
37	9	4.31144e-16
37	10	4.60648e-06
37	11	1.74295e-15
37	12	3.11203e-16
37	13	9.2872e-16
37	14	2.54068e-16
37	15	6.85833e-16
37	16	1.02678e-15
37	17	8.25752e-16
37	18	1.62598e-15
37	19	1.715e-15
37	20	5.24848e-16
37	21	7.32569e-17
37	22	1.31389e-15
37	23	6.71761e-16
37	24	1.00169e-15
37	25	7.99271e-16
37	26	1.30219e-15
37	27	2.41975e-16
37	28	3.92445e-09
37	29	7.81103e-16
37	30	7.87939e-16
37	31	1.674e-06
37	32	8.62368e-16
37	33	3.61935e-16
37	34	1.78256e-15
37	35	1.23611e-15
37	36	1.08763e-15
37	37	6.00672e-09
37	38	1.23307e-15
37	39	1.19738e-15
37	40	1.57325e-15
37	41	8.004e-16
37	42	4.27145e-16
37	43	3.05889e-16
37	44	5.31144e-16
37	45	1.6269e-15
37	46	5.06932e-16
37	47	2.58908e-17
37	48	1.26774e-15
37	49	8.26292e-16
37	50	7.48996e-17
37	51	5.3491e-08
37	52	1.30159e-15
37	53	4.28777e-07
37	54	1.62644e-15
37	55	1.74966e-15
37	56	1.29123e-15
37	57	9.87258e-16
37	58	3.86146e-09
37	59	8.16712e-07
37	60	3.84907e-07
37	61	9.30548e-16
37	62	1.44083e-15
37	63	1.37778e-15
37	64	4.74891e-16
37	65	5.25933e-17
37	66	1.73275e-15
37	67	3.13011e-16
37	68	6.18564e-16
37	69	7.85512e-16
37	70	2.97678e-16
38	0	5.75673e-06
38	1	5.94539e-06
38	2	7.98553e-06
38	3	5.7174e-06
38	4	1.39986e-15
38	5	7.17894e-06
38	6	8.20094e-06
38	7	5.91973e-06
38	8	6.65838e-06
38	9	5.81003e-06
38	10	1.03199e-05
38	11	7.1477e-06
38	12	6.89352e-06
38	13	7.70024e-06
38	14	5.93157e-06
38	15	6.67469e-06
38	16	5.74488e-06
38	17	5.7525e-06
38	18	5.72104e-06
38	19	9.9933e-17
38	20	5.71935e-06
38	21	8.26744e-06
38	22	5.71791e-06
38	23	6.54094e-06
38	24	7.1481e-06
38	25	5.76067e-06
38	26	6.78961e-06
38	27	6.89741e-06
38	28	5.71737e-06
38	29	5.71753e-06
38	30	5.83235e-06
38	31	7.38745e-06
38	32	6.0799e-06
38	33	1.09891e-05
38	34	5.73397e-06
38	35	1.70001e-15
38	36	2.41492e-05
38	37	9.45029e-16
38	38	5.88885e-06
38	39	1.00336e-05
38	40	6.21264e-06
38	41	6.09647e-06
38	42	6.62656e-06
38	43	5.71756e-06
38	44	5.81454e-06
38	45	1.284e-15
38	46	5.81737e-06
38	47	5.84729e-06
38	48	5.28398e-16
38	49	0.132453
38	50	6.25978e-06
38	51	5.76694e-06
38	52	5.78585e-06
38	53	6.14222e-06
38	54	5.84628e-06
38	55	7.20033e-06
38	56	5.74949e-06
38	57	9.08147e-06
38	58	5.71731e-06
38	59	6.53016e-06
38	60	6.09835e-06
38	61	8.44043e-06
38	62	5.78144e-06
38	63	5.98449e-06
38	64	5.84218e-06
38	65	6.3181e-06
38	66	8.75309e-18
38	67	5.73163e-06
38	68	5.25745e-16
38	69	5.93717e-06
38	70	6.20876e-16
39	0	8.0081e-16
39	1	1.46268e-05
39	2	1.6667e-05
39	3	1.43988e-05
39	4	1.43989e-05
39	5	1.58604e-05
39	6	1.68824e-05
39	7	1.46012e-05
39	8	1.53398e-05
39	9	1.44915e-05
39	10	1.90014e-05
39	11	1.58291e-05
39	12	1.5575e-05
39	13	1.63817e-05
39	14	1.4613e-05
39	15	1.53561e-05
39	16	1.44263e-05
39	17	1.4434e-05
39	18	1.44025e-05
39	19	1.61059e-15
39	20	1.44008e-05
39	21	1.69489e-05
39	22	1.43994e-05
39	23	1.52224e-05
39	24	1.58296e-05
39	25	7.58857e-16
39	26	1.54711e-05
39	27	1.55789e-05
39	28	1.43988e-05
39	29	1.4399e-05
39	30	1.45138e-05
39	31	1.60689e-05
39	32	1.47613e-05
39	33	1.96706e-05
39	34	1.44154e-05
39	35	1.22501e-15
39	36	3.28306e-05
39	37	1.44009e-05
39	38	1.45703e-05
39	39	1.8715e-05
39	40	1.48941e-05
39	41	1.47779e-05
39	42	1.5308e-05
39	43	1.4399e-05
39	44	1.28283e-15
39	45	1.42758e-15
39	46	1.44988e-05
39	47	1.45287e-05
39	48	1.67977e-15
39	49	0.132462
39	50	1.49412e-05
39	51	1.44484e-05
39	52	1.33377e-15
39	53	1.48237e-05
39	54	1.45277e-05
39	55	1.58818e-05
39	56	1.44309e-05
39	57	1.77629e-05
39	58	1.43988e-05
39	59	1.52116e-05
39	60	1.47798e-05
39	61	1.71219e-05
39	62	1.19306e-15
39	63	1.46659e-05
39	64	1.45236e-05
39	65	1.49995e-05
39	66	1.44061e-05
39	67	1.44131e-05
39	68	6.57078e-16
39	69	1.46186e-05
39	70	1.28611e-15
40	0	3.65975e-06
40	1	3.84841e-06
40	2	5.88855e-06
40	3	3.62042e-06
40	4	3.62048e-06
40	5	5.08197e-06
40	6	6.10397e-06
40	7	3.82275e-06
40	8	4.56141e-06
40	9	3.71305e-06
40	10	8.22295e-06
40	11	5.05072e-06
40	12	4.79654e-06
40	13	5.60326e-06
40	14	3.8346e-06
40	15	4.57772e-06
40	16	3.6479e-06
40	17	3.65552e-06
40	18	1.08162e-15
40	19	6.85732e-16
40	20	3.62237e-06
40	21	6.17046e-06
40	22	3.62093e-06
40	23	4.44396e-06
40	24	5.05113e-06
40	25	7.8423e-16
40	26	4.69263e-06
40	27	4.80043e-06
40	28	1.38499e-15
40	29	1.44095e-15
40	30	3.73538e-06
40	31	5.29047e-06
40	32	3.98292e-06
40	33	8.89216e-06
40	34	3.637e-06
40	35	1.72253e-15
40	36	2.20522e-05
40	37	1.39969e-15
40	38	3.79187e-06
40	39	7.93659e-06
40	40	4.11566e-06
40	41	3.9995e-06
40	42	4.52959e-06
40	43	3.62058e-06
40	44	3.71756e-06
40	45	1.29539e-15
40	46	3.72039e-06
40	47	3.75032e-06
40	48	3.40287e-16
40	49	0.132451
40	50	4.1628e-06
40	51	3.66996e-06
40	52	3.68887e-06
40	53	4.04525e-06
40	54	3.74931e-06
40	55	5.10335e-06
40	56	3.65251e-06
40	57	6.98449e-06
40	58	2.3294e-17
40	59	4.43318e-06
40	60	4.00138e-06
40	61	6.34345e-06
40	62	1.69843e-15
40	63	3.88751e-06
40	64	3.7452e-06
40	65	4.22112e-06
40	66	3.62765e-06
40	67	3.63466e-06
40	68	1.2993e-15
40	69	3.84019e-06
40	70	1.1043e-15
41	0	3.0363e-06
41	1	3.22496e-06
41	2	5.2651e-06
41	3	2.99697e-06
41	4	2.99703e-06
41	5	4.45851e-06
41	6	5.48052e-06
41	7	3.1993e-06
41	8	3.93795e-06
41	9	3.0896e-06
41	10	7.5995e-06
41	11	4.42727e-06
41	12	4.17309e-06
41	13	4.97981e-06
41	14	3.21115e-06
41	15	3.95427e-06
41	16	3.02445e-06
41	17	3.03207e-06
41	18	3.00061e-06
41	19	3.01047e-06
41	20	2.99892e-06
41	21	5.54701e-06
41	22	2.99748e-06
41	23	3.82051e-06
41	24	4.42768e-06
41	25	3.04024e-06
41	26	4.06918e-06
41	27	4.17698e-06
41	28	2.99694e-06
41	29	2.9971e-06
41	30	3.11192e-06
41	31	4.66702e-06
41	32	3.35947e-06
41	33	8.26871e-06
41	34	3.01354e-06
41	35	1.68433e-15
41	36	2.14288e-05
41	37	2.99902e-06
41	38	3.16842e-06
41	39	7.31314e-06
41	40	3.49221e-06
41	41	3.37604e-06
41	42	3.90613e-06
41	43	2.99713e-06
41	44	3.09411e-06
41	45	5.72185e-16
41	46	3.09694e-06
41	47	3.12686e-06
41	48	1.3995e-15
41	49	0.13245
41	50	3.53935e-06
41	51	3.04651e-06
41	52	3.06542e-06
41	53	3.42179e-06
41	54	3.12585e-06
41	55	4.4799e-06
41	56	3.02906e-06
41	57	6.36104e-06
41	58	2.99688e-06
41	59	3.80973e-06
41	60	3.37792e-06
41	61	5.72e-06
41	62	3.06101e-06
41	63	3.26406e-06
41	64	3.12175e-06
41	65	3.59767e-06
41	66	3.0042e-06
41	67	3.0112e-06
41	68	3.07685e-06
41	69	3.21674e-06
41	70	1.43635e-15
42	0	5.82181e-06
42	1	6.01047e-06
42	2	8.05061e-06
42	3	5.78248e-06
42	4	5.78254e-06
42	5	7.24403e-06
42	6	8.26603e-06
42	7	5.98481e-06
42	8	6.72346e-06
42	9	5.87511e-06
42	10	1.0385e-05
42	11	7.21278e-06
42	12	6.9586e-06
42	13	7.76532e-06
42	14	5.99666e-06
42	15	6.73978e-06
42	16	5.80996e-06
42	17	5.81758e-06
42	18	5.78612e-06
42	19	1.75336e-15
42	20	5.78443e-06
42	21	8.33252e-06
42	22	5.78299e-06
42	23	6.60602e-06
42	24	7.21319e-06
42	25	9.29423e-16
42	26	6.85469e-06
42	27	6.96249e-06
42	28	5.78245e-06
42	29	1.14999e-15
42	30	5.89743e-06
42	31	7.45253e-06
42	32	6.14498e-06
42	33	1.10542e-05
42	34	5.79906e-06
42	35	5.2227e-16
42	36	2.42143e-05
42	37	4.67481e-16
42	38	5.95393e-06
42	39	1.00987e-05
42	40	6.27772e-06
42	41	6.16155e-06
42	42	6.69164e-06
42	43	5.78264e-06
42	44	5.87962e-06
42	45	2.42933e-16
42	46	5.88245e-06
42	47	5.91237e-06
42	48	1.13451e-15
42	49	0.132453
42	50	6.32486e-06
42	51	5.83202e-06
42	52	5.85093e-06
42	53	6.20731e-06
42	54	5.91136e-06
42	55	7.26541e-06
42	56	5.81457e-06
42	57	9.14655e-06
42	58	5.78239e-06
42	59	6.59524e-06
42	60	6.16343e-06
42	61	8.50551e-06
42	62	5.84652e-06
42	63	6.04957e-06
42	64	5.90726e-06
42	65	6.38318e-06
42	66	5.04671e-16
42	67	5.79672e-06
42	68	5.86236e-06
42	69	6.00225e-06
42	70	8.92996e-16
43	0	7.52283e-16
43	1	2.32789e-07
43	2	8.97247e-18
43	3	2.07211e-16
43	4	7.09305e-16
43	5	1.46634e-06
43	6	2.48834e-06
43	7	2.07126e-07
43	8	9.08332e-16
43	9	9.74268e-08
43	10	4.60733e-06
43	11	1.4351e-06
43	12	1.18092e-06
43	13	1.98764e-06
43	14	2.18973e-07
43	15	9.62093e-07
43	16	2.18287e-16
43	17	3.99007e-08
43	18	6.20262e-16
43	19	1.72145e-15
43	20	6.74418e-09
43	21	2.55484e-06
43	22	5.30538e-09
43	23	8.28339e-07
43	24	1.55656e-17
43	25	4.8069e-08
43	26	7.35164e-16
43	27	1.18481e-06
43	28	4.76949e-09
43	29	4.92667e-09
43	30	1.19751e-07
43	31	1.67485e-06
43	32	1.31347e-15
43	33	5.27654e-06
43	34	1.39793e-15
43	35	8.10152e-16
43	36	1.74078e-15
43	37	2.86806e-16
43	38	1.76244e-07
43	39	4.32097e-06
43	40	1.45792e-15
43	41	3.83872e-07
43	42	1.46869e-15
43	43	4.95645e-09
43	44	9.24509e-16
43	45	1.04701e-15
43	46	1.04767e-07
43	47	1.34692e-07
43	48	1.77658e-15
43	49	5.89896e-16
43	50	5.4718e-07
43	51	9.77058e-16
43	52	7.32495e-08
43	53	4.29622e-07
43	54	1.77029e-16
43	55	1.48773e-06
43	56	3.68867e-08
43	57	3.36887e-06
43	58	4.70651e-09
43	59	3.62361e-16
43	60	3.85752e-07
43	61	2.72783e-06
43	62	1.88604e-17
43	63	2.71889e-07
43	64	1.29578e-07
43	65	6.05495e-07
43	66	9.15821e-16
43	67	4.54826e-16
43	68	8.46811e-08
43	69	2.24571e-07
43	70	2.04079e-16
44	0	1.52333e-15
44	1	1.99528e-06
44	2	4.03542e-06
44	3	1.76729e-06
44	4	5.96964e-16
44	5	3.22883e-06
44	6	4.25083e-06
44	7	1.96962e-06
44	8	2.70827e-06
44	9	1.85992e-06
44	10	6.36982e-06
44	11	3.19759e-06
44	12	2.94341e-06
44	13	3.75013e-06
44	14	1.98146e-06
44	15	2.72458e-06
44	16	1.79477e-06
44	17	1.80239e-06
44	18	1.77093e-06
44	19	1.73211e-15
44	20	1.76923e-06
44	21	4.31733e-06
44	22	1.7678e-06
44	23	2.59083e-06
44	24	3.19799e-06
44	25	1.00015e-15
44	26	2.8395e-06
44	27	2.9473e-06
44	28	1.76726e-06
44	29	1.76742e-06
44	30	1.88224e-06
44	31	3.43734e-06
44	32	2.12979e-06
44	33	7.03903e-06
44	34	1.78386e-06
44	35	3.26234e-17
44	36	2.01991e-05
44	37	1.5095e-15
44	38	1.93874e-06
44	39	6.08346e-06
44	40	2.26253e-06
44	41	2.14636e-06
44	42	2.67645e-06
44	43	1.76745e-06
44	44	1.86443e-06
44	45	1.44871e-15
44	46	1.86726e-06
44	47	1.89718e-06
44	48	8.5899e-16
44	49	0.132449
44	50	2.30967e-06
44	51	1.81683e-06
44	52	1.83574e-06
44	53	2.19211e-06
44	54	1.89617e-06
44	55	3.25022e-06
44	56	1.79938e-06
44	57	5.13136e-06
44	58	1.7672e-06
44	59	2.58005e-06
44	60	2.14824e-06
44	61	4.49032e-06
44	62	1.26258e-16
44	63	2.03438e-06
44	64	1.89207e-06
44	65	2.36799e-06
44	66	1.77452e-06
44	67	1.78152e-06
44	68	1.44957e-15
44	69	1.98706e-06
44	70	1.24904e-15
45	0	9.10161e-16
45	1	2.33813e-07
45	2	2.43203e-16
45	3	1.5025e-16
45	4	8.43574e-16
45	5	4.50032e-17
45	6	2.48937e-06
45	7	1.43206e-15
45	8	1.60304e-15
45	9	9.84509e-08
45	10	1.4836e-15
45	11	1.43612e-06
45	12	1.18194e-06
45	13	1.98866e-06
45	14	1.70597e-15
45	15	9.63117e-07
45	16	5.25438e-16
45	17	4.09248e-08
45	18	1.24737e-15
45	19	1.81459e-16
45	20	7.7683e-09
45	21	2.55586e-06
45	22	1.28465e-15
45	23	1.72628e-15
45	24	1.31879e-15
45	25	1.24452e-15
45	26	1.76901e-15
45	27	1.41739e-15
45	28	5.25536e-16
45	29	1.76361e-15
45	30	4.54864e-16
45	31	5.64553e-16
45	32	8.75182e-16
45	33	5.00485e-16
45	34	8.71219e-16
45	35	3.53709e-16
45	36	5.27891e-17
45	37	1.64239e-15
45	38	1.28043e-15
45	39	9.09252e-16
45	40	2.95683e-17
45	41	1.44517e-15
45	42	7.33176e-16
45	43	1.33667e-15
45	44	1.67802e-15
45	45	1.39493e-15
45	46	2.57241e-16
45	47	1.2976e-15
45	48	7.84835e-16
45	49	1.77875e-16
45	50	9.86611e-16
45	51	1.33576e-15
45	52	7.42736e-08
45	53	7.39602e-16
45	54	3.19749e-16
45	55	1.15362e-15
45	56	3.79108e-08
45	57	3.36989e-06
45	58	8.74496e-17
45	59	3.53904e-16
45	60	3.12325e-16
45	61	2.09026e-16
45	62	8.47235e-16
45	63	8.58861e-16
45	64	8.19574e-16
45	65	1.64729e-15
45	66	8.65312e-16
45	67	6.69181e-16
45	68	2.67114e-16
45	69	2.25595e-07
45	70	1.23542e-15
46	0	4.29683e-06
46	1	4.48549e-06
46	2	6.52562e-06
46	3	6.61732e-16
46	4	4.25755e-06
46	5	5.71904e-06
46	6	6.74104e-06
46	7	4.45982e-06
46	8	5.19848e-06
46	9	4.35012e-06
46	10	8.86002e-06
46	11	5.6878e-06
46	12	5.43361e-06
46	13	6.24034e-06
46	14	4.47167e-06
46	15	5.21479e-06
46	16	4.28498e-06
46	17	4.2926e-06
46	18	4.26113e-06
46	19	4.271e-06
46	20	1.04236e-15
46	21	6.80753e-06
46	22	4.258e-06
46	23	5.08104e-06
46	24	5.6882e-06
46	25	3.57571e-16
46	26	5.32971e-06
46	27	5.43751e-06
46	28	4.25747e-06
46	29	4.25762e-06
46	30	4.37245e-06
46	31	5.92754e-06
46	32	4.61999e-06
46	33	9.52924e-06
46	34	4.27407e-06
46	35	4.25753e-06
46	36	2.26893e-05
46	37	2.47371e-16
46	38	4.42894e-06
46	39	8.57367e-06
46	40	4.75273e-06
46	41	4.63657e-06
46	42	5.16666e-06
46	43	4.25765e-06
46	44	4.35463e-06
46	45	1.09814e-15
46	46	4.35746e-06
46	47	4.38739e-06
46	48	3.98339e-16
46	49	0.132452
46	50	4.79988e-06
46	51	4.30703e-06
46	52	4.32595e-06
46	53	4.68232e-06
46	54	4.38638e-06
46	55	5.74042e-06
46	56	4.28958e-06
46	57	7.62157e-06
46	58	4.2574e-06
46	59	5.07026e-06
46	60	4.63845e-06
46	61	6.98053e-06
46	62	9.84153e-16
46	63	4.52459e-06
46	64	4.38228e-06
46	65	4.85819e-06
46	66	1.95285e-16
46	67	4.27173e-06
46	68	2.24925e-16
46	69	4.47727e-06
46	70	4.27292e-06
47	0	2.84737e-06
47	1	3.03603e-06
47	2	5.07617e-06
47	3	2.80804e-06
47	4	2.8081e-06
47	5	4.26959e-06
47	6	5.29159e-06
47	7	3.01037e-06
47	8	3.74903e-06
47	9	2.90067e-06
47	10	7.41057e-06
47	11	4.23834e-06
47	12	3.98416e-06
47	13	4.79089e-06
47	14	3.02222e-06
47	15	3.76534e-06
47	16	2.83552e-06
47	17	2.84315e-06
47	18	2.81168e-06
47	19	2.82155e-06
47	20	2.80999e-06
47	21	5.35808e-06
47	22	2.80855e-06
47	23	3.63158e-06
47	24	4.23875e-06
47	25	1.508e-15
47	26	3.88025e-06
47	27	3.98805e-06
47	28	2.80801e-06
47	29	1.32426e-15
47	30	2.923e-06
47	31	4.47809e-06
47	32	3.17054e-06
47	33	8.07978e-06
47	34	2.82462e-06
47	35	1.07152e-15
47	36	2.12398e-05
47	37	1.25244e-15
47	38	2.97949e-06
47	39	7.12422e-06
47	40	3.30328e-06
47	41	3.18712e-06
47	42	3.71721e-06
47	43	2.8082e-06
47	44	1.61726e-16
47	45	2.66406e-16
47	46	2.90801e-06
47	47	2.93794e-06
47	48	1.04562e-15
47	49	0.13245
47	50	3.35043e-06
47	51	2.85758e-06
47	52	1.79521e-16
47	53	3.23287e-06
47	54	2.93693e-06
47	55	4.29097e-06
47	56	2.84013e-06
47	57	6.17212e-06
47	58	2.80795e-06
47	59	3.6208e-06
47	60	3.189e-06
47	61	5.53107e-06
47	62	2.87208e-06
47	63	3.07513e-06
47	64	2.93282e-06
47	65	3.40874e-06
47	66	2.81527e-06
47	67	2.82228e-06
47	68	6.21399e-16
47	69	3.02782e-06
47	70	1.24462e-16
48	0	1.32725e-15
48	1	2.38915e-07
48	2	1.0455e-15
48	3	1.14783e-15
48	4	1.27181e-15
48	5	7.99556e-16
48	6	2.49447e-06
48	7	2.13252e-07
48	8	6.58661e-16
48	9	1.03521e-15
48	10	4.61345e-06
48	11	9.52961e-16
48	12	9.98638e-16
48	13	1.99377e-06
48	14	9.74397e-16
48	15	9.68219e-07
48	16	3.84054e-08
48	17	1.71557e-15
48	18	1.47813e-15
48	19	1.12854e-15
48	20	7.06068e-16
48	21	2.56096e-06
48	22	2.90878e-16
48	23	1.47261e-15
48	24	1.67713e-15
48	25	4.65718e-16
48	26	1.52898e-17
48	27	1.18551e-15
48	28	8.32882e-16
48	29	2.35968e-16
48	30	1.25877e-07
48	31	1.68097e-06
48	32	3.73422e-07
48	33	9.29741e-17
48	34	7.58611e-16
48	35	4.65161e-16
48	36	1.10949e-15
48	37	1.56601e-15
48	38	1.8237e-07
48	39	4.3271e-06
48	40	1.52788e-16
48	41	3.89998e-07
48	42	5.73018e-18
48	43	5.08306e-16
48	44	1.6088e-15
48	45	3.4098e-17
48	46	1.10893e-07
48	47	1.40818e-07
48	48	1.52278e-15
48	49	1.61266e-15
48	50	7.91653e-17
48	51	2.44044e-16
48	52	1.05078e-16
48	53	4.35748e-07
48	54	1.33551e-15
48	55	7.6589e-16
48	56	8.15883e-16
48	57	3.375e-06
48	58	9.31276e-16
48	59	1.0333e-15
48	60	3.91878e-07
48	61	1.71483e-16
48	62	6.60174e-16
48	63	2.78014e-07
48	64	1.35704e-07
48	65	1.5656e-16
48	66	2.55424e-16
48	67	1.08855e-15
48	68	1.50271e-15
48	69	2.30697e-07
48	70	2.61247e-16
49	0	1.76729e-15
49	1	1.47961e-15
49	2	3.97871e-16
49	3	5.38436e-16
49	4	5.6771e-16
49	5	2.21513e-16
49	6	1.04538e-15
49	7	3.28271e-16
49	8	1.12352e-15
49	9	5.03077e-16
49	10	2.30302e-16
49	11	1.61349e-15
49	12	7.75743e-16
49	13	9.80355e-16
49	14	4.89033e-16
49	15	7.0399e-16
49	16	4.6229e-17
49	17	1.12093e-15
49	18	5.76266e-16
49	19	9.06046e-16
49	20	1.20943e-15
49	21	1.06314e-15
49	22	1.26081e-16
49	23	1.57044e-16
49	24	4.1251e-16
49	25	1.74103e-15
49	26	1.49326e-15
49	27	1.19634e-15
49	28	1.39615e-15
49	29	1.13991e-15
49	30	8.32128e-16
49	31	1.39171e-15
49	32	2.0721e-16
49	33	8.9847e-16
49	34	1.43383e-15
49	35	7.75401e-16
49	36	1.43771e-15
49	37	1.20702e-15
49	38	9.3415e-16
49	39	8.82646e-16
49	40	1.11817e-15
49	41	1.1141e-15
49	42	1.18819e-15
49	43	1.36889e-15
49	44	2.45035e-16
49	45	1.53904e-15
49	46	8.61147e-16
49	47	9.51459e-16
49	48	1.00824e-15
49	49	5.83873e-16
49	50	3.16204e-16
49	51	2.9e-16
49	52	1.31901e-15
49	53	1.09443e-15
49	54	6.5327e-16
49	55	3.06775e-16
49	56	1.88279e-16
49	57	1.77001e-15
49	58	1.14815e-15
49	59	6.93153e-16
49	60	2.49042e-16
49	61	1.08058e-15
49	62	2.18741e-16
49	63	8.14319e-16
49	64	1.25034e-16
49	65	2.0228e-16
49	66	2.6619e-16
49	67	1.05302e-15
49	68	5.90357e-16
49	69	1.23403e-15
49	70	1.48982e-15
50	0	5.89595e-16
50	1	6.7739e-06
50	2	8.81403e-06
50	3	6.54591e-06
50	4	6.54596e-06
50	5	8.00745e-06
50	6	9.02945e-06
50	7	6.74823e-06
50	8	7.48689e-06
50	9	6.63853e-06
50	10	1.11484e-05
50	11	7.97621e-06
50	12	7.72202e-06
50	13	8.52875e-06
50	14	6.76008e-06
50	15	7.5032e-06
50	16	6.57339e-06
50	17	6.58101e-06
50	18	6.54954e-06
50	19	1.31076e-15
50	20	4.07775e-16
50	21	9.09594e-06
50	22	6.54641e-06
50	23	7.36945e-06
50	24	7.97661e-06
50	25	1.68266e-16
50	26	7.61812e-06
50	27	7.72592e-06
50	28	6.54588e-06
50	29	1.06237e-15
50	30	6.66086e-06
50	31	8.21595e-06
50	32	6.9084e-06
50	33	1.18176e-05
50	34	6.56248e-06
50	35	6.54594e-06
50	36	2.49777e-05
50	37	6.54796e-06
50	38	6.71735e-06
50	39	1.08621e-05
50	40	7.04114e-06
50	41	6.92498e-06
50	42	7.45507e-06
50	43	6.54606e-06
50	44	6.64304e-06
50	45	2.0881e-16
50	46	6.64587e-06
50	47	6.6758e-06
50	48	3.89776e-16
50	49	0.132454
50	50	7.08829e-06
50	51	6.59544e-06
50	52	8.49801e-16
50	53	6.97073e-06
50	54	9.53345e-16
50	55	8.02883e-06
50	56	6.57799e-06
50	57	9.90998e-06
50	58	6.54581e-06
50	59	7.35866e-06
50	60	6.92686e-06
50	61	9.26894e-06
50	62	1.0598e-15
50	63	6.813e-06
50	64	6.67069e-06
50	65	7.1466e-06
50	66	6.55314e-06
50	67	6.56014e-06
50	68	1.71282e-16
50	69	6.76568e-06
50	70	1.39372e-15
51	0	1.37233e-15
51	1	5.00149e-06
51	2	7.04163e-06
51	3	4.7735e-06
51	4	4.77356e-06
51	5	6.23505e-06
51	6	7.25705e-06
51	7	4.97583e-06
51	8	5.71448e-06
51	9	4.86613e-06
51	10	9.37603e-06
51	11	6.2038e-06
51	12	5.94962e-06
51	13	6.75634e-06
51	14	4.98768e-06
51	15	5.7308e-06
51	16	4.80098e-06
51	17	4.8086e-06
51	18	4.77714e-06
51	19	4.787e-06
51	20	4.77545e-06
51	21	7.32354e-06
51	22	4.77401e-06
51	23	5.59704e-06
51	24	6.20421e-06
51	25	1.7421e-15
51	26	5.84571e-06
51	27	5.95351e-06
51	28	4.77347e-06
51	29	4.77363e-06
51	30	4.88845e-06
51	31	6.44355e-06
51	32	5.136e-06
51	33	1.00452e-05
51	34	4.79008e-06
51	35	4.77353e-06
51	36	2.32053e-05
51	37	4.77555e-06
51	38	4.94495e-06
51	39	9.08967e-06
51	40	5.26874e-06
51	41	5.15257e-06
51	42	5.68266e-06
51	43	4.77366e-06
51	44	4.87064e-06
51	45	1.69301e-15
51	46	4.87347e-06
51	47	4.90339e-06
51	48	7.05197e-16
51	49	0.132452
51	50	5.31588e-06
51	51	4.82304e-06
51	52	1.48927e-15
51	53	5.19832e-06
51	54	4.90238e-06
51	55	6.25643e-06
51	56	4.80559e-06
51	57	8.13757e-06
51	58	4.77341e-06
51	59	5.58626e-06
51	60	5.15445e-06
51	61	7.49653e-06
51	62	4.83754e-06
51	63	5.04059e-06
51	64	4.89828e-06
51	65	5.3742e-06
51	66	4.78073e-06
51	67	4.78773e-06
51	68	4.85338e-06
51	69	4.99327e-06
51	70	9.9919e-16
52	0	1.08903e-15
52	1	6.19126e-06
52	2	8.23139e-06
52	3	9.40156e-16
52	4	5.96333e-06
52	5	7.42481e-06
52	6	8.44681e-06
52	7	6.1656e-06
52	8	6.90425e-06
52	9	6.0559e-06
52	10	1.05658e-05
52	11	7.39357e-06
52	12	7.13939e-06
52	13	7.94611e-06
52	14	6.17744e-06
52	15	6.92056e-06
52	16	3.40498e-16
52	17	5.99837e-06
52	18	4.37755e-16
52	19	6.02654e-16
52	20	5.96521e-06
52	21	8.51331e-06
52	22	5.96378e-06
52	23	6.78681e-06
52	24	6.72862e-17
52	25	6.00654e-06
52	26	7.03548e-06
52	27	7.14328e-06
52	28	2.51411e-17
52	29	5.9634e-06
52	30	6.07822e-06
52	31	7.63332e-06
52	32	6.32577e-06
52	33	1.1235e-05
52	34	7.58488e-16
52	35	1.77279e-15
52	36	2.43951e-05
52	37	9.32596e-16
52	38	6.13471e-06
52	39	1.02794e-05
52	40	3.68501e-16
52	41	6.34234e-06
52	42	6.87243e-06
52	43	5.96343e-06
52	44	9.61807e-16
52	45	5.96325e-06
52	46	6.06324e-06
52	47	6.09316e-06
52	48	1.49124e-15
52	49	0.132453
52	50	1.88136e-16
52	51	6.01281e-06
52	52	6.03172e-06
52	53	6.38809e-06
52	54	6.09215e-06
52	55	7.4462e-06
52	56	5.99536e-06
52	57	9.32734e-06
52	58	9.33993e-16
52	59	6.77603e-06
52	60	6.34422e-06
52	61	8.6863e-06
52	62	1.79266e-15
52	63	6.23036e-06
52	64	6.08805e-06
52	65	3.09781e-16
52	66	8.78825e-17
52	67	5.9775e-06
52	68	6.04315e-06
52	69	6.18304e-06
52	70	4.70874e-16
53	0	4.91736e-06
53	1	5.10602e-06
53	2	7.14615e-06
53	3	4.87803e-06
53	4	4.87809e-06
53	5	6.33957e-06
53	6	7.36157e-06
53	7	5.08036e-06
53	8	5.81901e-06
53	9	4.97066e-06
53	10	9.48056e-06
53	11	6.30833e-06
53	12	6.05414e-06
53	13	6.86087e-06
53	14	5.0922e-06
53	15	5.83532e-06
53	16	6.24122e-16
53	17	4.91313e-06
53	18	4.88167e-06
53	19	4.89153e-06
53	20	4.87997e-06
53	21	7.42807e-06
53	22	4.87853e-06
53	23	5.70157e-06
53	24	6.30873e-06
53	25	8.72717e-16
53	26	5.95024e-06
53	27	6.05804e-06
53	28	4.878e-06
53	29	2.74283e-17
53	30	4.99298e-06
53	31	6.54808e-06
53	32	5.24052e-06
53	33	1.01498e-05
53	34	4.8946e-06
53	35	4.87806e-06
53	36	2.33098e-05
53	37	4.88008e-06
53	38	5.04947e-06
53	39	9.1942e-06
53	40	5.37327e-06
53	41	5.2571e-06
53	42	5.78719e-06
53	43	4.87819e-06
53	44	4.97516e-06
53	45	7.35109e-16
53	46	4.978e-06
53	47	5.00792e-06
53	48	1.07081e-15
53	49	0.132452
53	50	5.42041e-06
53	51	4.92757e-06
53	52	4.94648e-06
53	53	5.30285e-06
53	54	5.00691e-06
53	55	6.36096e-06
53	56	4.91012e-06
53	57	8.2421e-06
53	58	4.87794e-06
53	59	5.69079e-06
53	60	5.25898e-06
53	61	7.60106e-06
53	62	1.48713e-15
53	63	5.14512e-06
53	64	5.00281e-06
53	65	5.47872e-06
53	66	4.88526e-06
53	67	4.89226e-06
53	68	4.34444e-16
53	69	5.0978e-06
53	70	2.95603e-16
54	0	1.44606e-15
54	1	2.52954e-06
54	2	4.56968e-06
54	3	2.30156e-06
54	4	8.31815e-16
54	5	3.7631e-06
54	6	4.7851e-06
54	7	2.50388e-06
54	8	3.24254e-06
54	9	2.39418e-06
54	10	6.90408e-06
54	11	3.73185e-06
54	12	3.47767e-06
54	13	4.2844e-06
54	14	2.51573e-06
54	15	3.25885e-06
54	16	2.32904e-06
54	17	2.33666e-06
54	18	2.30519e-06
54	19	1.77877e-15
54	20	2.3035e-06
54	21	4.85159e-06
54	22	2.30206e-06
54	23	3.1251e-06
54	24	3.73226e-06
54	25	2.34483e-06
54	26	3.37376e-06
54	27	3.48156e-06
54	28	1.33229e-15
54	29	2.30168e-06
54	30	2.41651e-06
54	31	3.9716e-06
54	32	2.66405e-06
54	33	7.57329e-06
54	34	9.46695e-17
54	35	9.68414e-16
54	36	2.07333e-05
54	37	1.48477e-15
54	38	2.473e-06
54	39	6.61773e-06
54	40	4.38024e-17
54	41	2.68063e-06
54	42	3.21072e-06
54	43	2.30171e-06
54	44	3.10796e-16
54	45	5.6753e-16
54	46	2.40152e-06
54	47	2.43145e-06
54	48	7.42813e-16
54	49	0.13245
54	50	1.67484e-15
54	51	2.35109e-06
54	52	2.37001e-06
54	53	2.72638e-06
54	54	2.43044e-06
54	55	3.78448e-06
54	56	2.33364e-06
54	57	5.66563e-06
54	58	5.38197e-16
54	59	3.11431e-06
54	60	2.68251e-06
54	61	5.02459e-06
54	62	2.23762e-16
54	63	2.56864e-06
54	64	2.42633e-06
54	65	2.90225e-06
54	66	2.53934e-16
54	67	2.31579e-06
54	68	2.38144e-06
54	69	2.52133e-06
54	70	7.70987e-16
55	0	6.22794e-06
55	1	6.4166e-06
55	2	8.45674e-06
55	3	6.18861e-06
55	4	6.18867e-06
55	5	7.65015e-06
55	6	8.67215e-06
55	7	6.39094e-06
55	8	7.12959e-06
55	9	6.28124e-06
55	10	1.07911e-05
55	11	7.61891e-06
55	12	7.36473e-06
55	13	8.17145e-06
55	14	6.40278e-06
55	15	7.1459e-06
55	16	6.21609e-06
55	17	6.22371e-06
55	18	6.19225e-06
55	19	6.20211e-06
55	20	6.19056e-06
55	21	8.73865e-06
55	22	6.18912e-06
55	23	7.01215e-06
55	24	7.61931e-06
55	25	1.11692e-15
55	26	7.26082e-06
55	27	7.36862e-06
55	28	6.18858e-06
55	29	6.18874e-06
55	30	6.30356e-06
55	31	7.85866e-06
55	32	6.55111e-06
55	33	1.14603e-05
55	34	6.20518e-06
55	35	1.00003e-15
55	36	2.46204e-05
55	37	6.19066e-06
55	38	6.36006e-06
55	39	1.05048e-05
55	40	6.68385e-06
55	41	6.56768e-06
55	42	7.09777e-06
55	43	6.18877e-06
55	44	6.28575e-06
55	45	1.5487e-15
55	46	6.28858e-06
55	47	6.3185e-06
55	48	1.12021e-15
55	49	0.132453
55	50	6.73099e-06
55	51	6.23815e-06
55	52	6.25706e-06
55	53	6.61343e-06
55	54	6.31749e-06
55	55	7.67154e-06
55	56	6.2207e-06
55	57	9.55268e-06
55	58	6.18852e-06
55	59	7.00137e-06
55	60	6.56956e-06
55	61	8.91164e-06
55	62	8.2717e-16
55	63	6.4557e-06
55	64	6.31339e-06
55	65	6.78931e-06
55	66	7.49654e-16
55	67	6.20284e-06
55	68	6.26849e-06
55	69	6.40838e-06
55	70	8.20879e-16
56	0	1.56927e-06
56	1	1.75793e-06
56	2	3.79806e-06
56	3	1.52994e-06
56	4	1.14082e-15
56	5	2.99148e-06
56	6	4.01348e-06
56	7	1.73226e-06
56	8	2.47092e-06
56	9	1.62256e-06
56	10	6.13246e-06
56	11	2.96024e-06
56	12	2.70605e-06
56	13	3.51278e-06
56	14	1.74411e-06
56	15	2.48723e-06
56	16	4.18139e-16
56	17	1.56504e-06
56	18	1.53357e-06
56	19	1.54344e-06
56	20	1.53188e-06
56	21	4.07997e-06
56	22	1.53044e-06
56	23	2.35348e-06
56	24	2.96064e-06
56	25	1.57321e-06
56	26	2.60215e-06
56	27	2.70995e-06
56	28	1.58589e-15
56	29	1.53006e-06
56	30	1.64489e-06
56	31	3.19998e-06
56	32	1.89243e-06
56	33	6.80167e-06
56	34	1.54651e-06
56	35	2.3589e-16
56	36	1.99617e-05
56	37	7.62622e-16
56	38	1.70138e-06
56	39	5.84611e-06
56	40	2.02517e-06
56	41	1.90901e-06
56	42	2.4391e-06
56	43	1.53009e-06
56	44	6.69486e-16
56	45	1.09541e-15
56	46	1.6299e-06
56	47	1.65983e-06
56	48	7.48404e-17
56	49	0.132449
56	50	2.07232e-06
56	51	1.57947e-06
56	52	1.59839e-06
56	53	1.95476e-06
56	54	1.65882e-06
56	55	3.01286e-06
56	56	1.56202e-06
56	57	4.89401e-06
56	58	5.42074e-16
56	59	2.34269e-06
56	60	1.91089e-06
56	61	4.25297e-06
56	62	7.44467e-16
56	63	1.79703e-06
56	64	1.65472e-06
56	65	2.13063e-06
56	66	4.44243e-16
56	67	1.54417e-06
56	68	1.60982e-06
56	69	1.74971e-06
56	70	1.54536e-06
57	0	1.28579e-05
57	1	1.30465e-05
57	2	1.50867e-05
57	3	1.75167e-15
57	4	1.54093e-15
57	5	1.42801e-05
57	6	1.53021e-05
57	7	1.30209e-05
57	8	1.37595e-05
57	9	1.29112e-05
57	10	1.74211e-05
57	11	1.42488e-05
57	12	1.39947e-05
57	13	1.48014e-05
57	14	7.18917e-16
57	15	1.37758e-05
57	16	1.15967e-15
57	17	1.05662e-15
57	18	3.83155e-16
57	19	2.85694e-16
57	20	4.58156e-16
57	21	1.53686e-05
57	22	1.2819e-05
57	23	1.36421e-05
57	24	1.42492e-05
57	25	5.90017e-16
57	26	1.38907e-05
57	27	1.39985e-05
57	28	7.775e-16
57	29	1.1447e-15
57	30	1.29335e-05
57	31	1.44886e-05
57	32	1.3181e-05
57	33	1.80903e-05
57	34	1.43626e-15
57	35	3.37106e-16
57	36	3.12503e-05
57	37	1.28206e-05
57	38	1.299e-05
57	39	1.71347e-05
57	40	1.33138e-05
57	41	1.31976e-05
57	42	1.37277e-05
57	43	1.28187e-05
57	44	1.56161e-15
57	45	2.61839e-16
57	46	1.29185e-05
57	47	1.29484e-05
57	48	1.54274e-15
57	49	0.13246
57	50	1.33609e-05
57	51	1.28681e-05
57	52	1.41256e-15
57	53	1.32434e-05
57	54	1.29474e-05
57	55	1.43015e-05
57	56	1.28506e-05
57	57	1.61826e-05
57	58	1.78236e-16
57	59	1.36313e-05
57	60	1.31995e-05
57	61	1.55416e-05
57	62	9.80485e-16
57	63	1.30856e-05
57	64	1.29433e-05
57	65	1.34192e-05
57	66	1.21702e-15
57	67	1.28328e-05
57	68	4.65673e-16
57	69	1.30383e-05
57	70	7.91819e-16
58	0	5.67156e-16
58	1	2.31525e-07
58	2	1.25565e-16
58	3	3.53603e-09
58	4	3.5935e-09
58	5	5.8885e-17
58	6	6.11976e-18
58	7	2.05863e-07
58	8	1.84836e-16
58	9	1.26944e-15
58	10	4.60606e-06
58	11	5.30099e-16
58	12	1.17965e-06
58	13	1.57779e-15
58	14	1.26349e-15
58	15	1.84135e-16
58	16	1.76428e-16
58	17	1.36128e-16
58	18	3.44365e-16
58	19	2.85861e-16
58	20	1.49751e-17
58	21	6.81096e-16
58	22	1.74754e-15
58	23	3.74811e-16
58	24	3.46867e-16
58	25	7.03715e-16
58	26	1.52202e-15
58	27	2.98434e-16
58	28	9.49284e-16
58	29	7.48036e-16
58	30	1.18488e-07
58	31	1.2353e-15
58	32	3.74226e-16
58	33	5.27527e-06
58	34	8.7219e-16
58	35	3.5686e-09
58	36	8.64718e-16
58	37	5.58834e-09
58	38	1.74981e-07
58	39	1.62567e-15
58	40	2.80947e-16
58	41	3.82608e-07
58	42	8.70353e-16
58	43	3.69303e-09
58	44	1.14373e-15
58	45	1.05632e-15
58	46	1.03504e-07
58	47	8.48156e-16
58	48	1.49557e-15
58	49	4.29817e-17
58	50	1.67919e-15
58	51	5.30726e-08
58	52	1.13797e-15
58	53	1.43491e-16
58	54	1.394e-15
58	55	8.85311e-16
58	56	3.56232e-08
58	57	3.36761e-06
58	58	3.44308e-09
58	59	8.16294e-07
58	60	1.45407e-15
58	61	1.11578e-15
58	62	4.22236e-16
58	63	4.24398e-16
58	64	1.1485e-15
58	65	1.07365e-15
58	66	1.69418e-15
58	67	1.54693e-15
58	68	8.00997e-16
58	69	1.71893e-15
58	70	7.98315e-16
59	0	6.16529e-17
59	1	4.52019e-06
59	2	6.56032e-06
59	3	4.2922e-06
59	4	5.52462e-16
59	5	5.75374e-06
59	6	6.77574e-06
59	7	4.49452e-06
59	8	5.23318e-06
59	9	4.38482e-06
59	10	8.89472e-06
59	11	5.7225e-06
59	12	5.46831e-06
59	13	6.27504e-06
59	14	4.50637e-06
59	15	5.24949e-06
59	16	4.31968e-06
59	17	4.3273e-06
59	18	4.29583e-06
59	19	4.3057e-06
59	20	4.29414e-06
59	21	6.84223e-06
59	22	4.2927e-06
59	23	5.11574e-06
59	24	5.7229e-06
59	25	1.67994e-16
59	26	5.36441e-06
59	27	5.47221e-06
59	28	4.29217e-06
59	29	1.14536e-15
59	30	4.40715e-06
59	31	5.96224e-06
59	32	4.65469e-06
59	33	9.56394e-06
59	34	4.30877e-06
59	35	1.67616e-15
59	36	2.2724e-05
59	37	4.29425e-06
59	38	4.46364e-06
59	39	8.60837e-06
59	40	4.78743e-06
59	41	4.67127e-06
59	42	5.20136e-06
59	43	4.29235e-06
59	44	4.38933e-06
59	45	6.41214e-16
59	46	4.39216e-06
59	47	4.42209e-06
59	48	1.77655e-15
59	49	0.132452
59	50	4.83458e-06
59	51	4.34173e-06
59	52	9.98286e-16
59	53	4.71702e-06
59	54	4.42108e-06
59	55	5.77512e-06
59	56	4.32428e-06
59	57	7.65627e-06
59	58	4.2921e-06
59	59	5.10495e-06
59	60	4.67315e-06
59	61	7.01523e-06
59	62	4.35623e-06
59	63	4.55929e-06
59	64	4.41698e-06
59	65	4.89289e-06
59	66	4.29943e-06
59	67	4.30643e-06
59	68	5.04305e-17
59	69	4.51197e-06
59	70	1.60339e-15
60	0	3.54063e-06
60	1	3.72929e-06
60	2	5.76943e-06
60	3	3.5013e-06
60	4	3.50136e-06
60	5	4.96285e-06
60	6	5.98485e-06
60	7	3.70363e-06
60	8	4.44228e-06
60	9	3.59393e-06
60	10	8.10383e-06
60	11	4.9316e-06
60	12	4.67742e-06
60	13	5.48414e-06
60	14	3.71548e-06
60	15	4.4586e-06
60	16	3.52878e-06
60	17	3.5364e-06
60	18	3.50494e-06
60	19	3.5148e-06
60	20	3.50325e-06
60	21	6.05134e-06
60	22	3.50181e-06
60	23	4.32484e-06
60	24	4.93201e-06
60	25	4.49707e-16
60	26	4.57351e-06
60	27	4.68131e-06
60	28	3.50127e-06
60	29	3.50143e-06
60	30	3.61625e-06
60	31	5.17135e-06
60	32	3.8638e-06
60	33	8.77304e-06
60	34	3.51788e-06
60	35	1.34488e-15
60	36	2.19331e-05
60	37	3.50335e-06
60	38	3.67275e-06
60	39	7.81747e-06
60	40	3.99654e-06
60	41	3.88037e-06
60	42	4.41046e-06
60	43	3.50146e-06
60	44	3.59844e-06
60	45	1.0742e-15
60	46	3.60127e-06
60	47	3.63119e-06
60	48	5.35368e-16
60	49	0.132451
60	50	4.04368e-06
60	51	3.55084e-06
60	52	3.56975e-06
60	53	3.92612e-06
60	54	3.63018e-06
60	55	4.98423e-06
60	56	3.53339e-06
60	57	6.86537e-06
60	58	3.50121e-06
60	59	4.31406e-06
60	60	3.88225e-06
60	61	6.22433e-06
60	62	3.56534e-06
60	63	3.76839e-06
60	64	3.62608e-06
60	65	4.102e-06
60	66	3.50853e-06
60	67	3.51553e-06
60	68	3.58118e-06
60	69	3.72107e-06
60	70	1.34838e-15
61	0	8.46059e-06
61	1	8.64925e-06
61	2	1.06894e-05
61	3	8.42126e-06
61	4	8.42132e-06
61	5	9.88281e-06
61	6	1.09048e-05
61	7	8.62359e-06
61	8	9.36225e-06
61	9	8.51389e-06
61	10	1.30238e-05
61	11	9.85156e-06
61	12	9.59738e-06
61	13	1.04041e-05
61	14	8.63544e-06
61	15	9.37856e-06
61	16	8.44874e-06
61	17	8.45637e-06
61	18	6.71713e-16
61	19	8.43477e-06
61	20	8.42321e-06
61	21	1.09713e-05
61	22	8.42177e-06
61	23	9.2448e-06
61	24	9.85197e-06
61	25	8.46453e-06
61	26	9.49347e-06
61	27	9.60127e-06
61	28	6.21783e-16
61	29	1.40106e-15
61	30	8.53622e-06
61	31	1.00913e-05
61	32	8.78376e-06
61	33	1.3693e-05
61	34	1.50918e-15
61	35	7.51972e-16
61	36	2.6853e-05
61	37	8.42332e-06
61	38	8.59271e-06
61	39	1.27374e-05
61	40	8.9165e-06
61	41	8.80034e-06
61	42	9.33043e-06
61	43	8.42142e-06
61	44	8.5184e-06
61	45	5.54959e-16
61	46	8.52123e-06
61	47	8.55116e-06
61	48	1.5354e-15
61	49	0.132456
61	50	8.96365e-06
61	51	8.4708e-06
61	52	6.84756e-16
61	53	8.84609e-06
61	54	8.55015e-06
61	55	9.90419e-06
61	56	8.45335e-06
61	57	1.17853e-05
61	58	8.42117e-06
61	59	9.23402e-06
61	60	8.80222e-06
61	61	1.11443e-05
61	62	4.03154e-16
61	63	8.68835e-06
61	64	8.54604e-06
61	65	9.02196e-06
61	66	8.42849e-06
61	67	8.4355e-06
61	68	1.04046e-15
61	69	8.64104e-06
61	70	7.93501e-16
62	0	5.73479e-06
62	1	5.92345e-06
62	2	7.96358e-06
62	3	5.69546e-06
62	4	5.69735e-17
62	5	7.157e-06
62	6	8.179e-06
62	7	5.89778e-06
62	8	6.63644e-06
62	9	5.78809e-06
62	10	1.0298e-05
62	11	7.12576e-06
62	12	6.87157e-06
62	13	7.6783e-06
62	14	5.90963e-06
62	15	6.65275e-06
62	16	8.14954e-16
62	17	2.55389e-16
62	18	5.6991e-06
62	19	5.70896e-06
62	20	1.5954e-15
62	21	8.24549e-06
62	22	5.69596e-06
62	23	6.519e-06
62	24	7.12616e-06
62	25	1.5225e-16
62	26	6.76767e-06
62	27	6.87547e-06
62	28	4.62298e-16
62	29	7.65791e-16
62	30	5.81041e-06
62	31	7.36551e-06
62	32	6.05795e-06
62	33	1.09672e-05
62	34	1.34499e-15
62	35	1.10697e-15
62	36	2.41272e-05
62	37	6.71051e-16
62	38	5.8669e-06
62	39	1.00116e-05
62	40	1.70722e-15
62	41	6.07453e-06
62	42	6.60462e-06
62	43	5.43754e-16
62	44	5.79259e-06
62	45	1.59555e-15
62	46	5.79543e-06
62	47	1.63802e-15
62	48	1.74807e-16
62	49	0.132453
62	50	6.23784e-06
62	51	5.74499e-06
62	52	1.68162e-15
62	53	6.12028e-06
62	54	5.82434e-06
62	55	7.17838e-06
62	56	5.72755e-06
62	57	9.05953e-06
62	58	5.17856e-16
62	59	6.50822e-06
62	60	6.07641e-06
62	61	8.41849e-06
62	62	5.7595e-06
62	63	5.96255e-06
62	64	5.82024e-06
62	65	6.29615e-06
62	66	1.40621e-15
62	67	5.70969e-06
62	68	5.77534e-06
62	69	5.91523e-06
62	70	1.19205e-15
63	0	2.8294e-06
63	1	3.01806e-06
63	2	5.0582e-06
63	3	2.79007e-06
63	4	2.79013e-06
63	5	4.25162e-06
63	6	5.27362e-06
63	7	2.9924e-06
63	8	3.73106e-06
63	9	2.8827e-06
63	10	7.3926e-06
63	11	4.22037e-06
63	12	3.96619e-06
63	13	4.77292e-06
63	14	3.00425e-06
63	15	3.74737e-06
63	16	2.81755e-06
63	17	2.82518e-06
63	18	2.79371e-06
63	19	2.80358e-06
63	20	2.79202e-06
63	21	5.34011e-06
63	22	2.79058e-06
63	23	3.61361e-06
63	24	4.22078e-06
63	25	8.04665e-16
63	26	3.86228e-06
63	27	3.97008e-06
63	28	1.7537e-15
63	29	6.68597e-17
63	30	2.90503e-06
63	31	4.46012e-06
63	32	3.15257e-06
63	33	8.06181e-06
63	34	2.80665e-06
63	35	1.31893e-15
63	36	2.12219e-05
63	37	2.79213e-06
63	38	2.96152e-06
63	39	7.10625e-06
63	40	3.28531e-06
63	41	3.16915e-06
63	42	3.69924e-06
63	43	2.79023e-06
63	44	2.88721e-06
63	45	1.21825e-15
63	46	2.89004e-06
63	47	2.91997e-06
63	48	6.66684e-17
63	49	0.13245
63	50	3.33245e-06
63	51	2.83961e-06
63	52	1.32785e-15
63	53	3.2149e-06
63	54	2.91896e-06
63	55	4.273e-06
63	56	2.82216e-06
63	57	6.15415e-06
63	58	2.78998e-06
63	59	3.60283e-06
63	60	3.17103e-06
63	61	5.5131e-06
63	62	1.58833e-15
63	63	3.05716e-06
63	64	2.91485e-06
63	65	3.39077e-06
63	66	2.7973e-06
63	67	2.80431e-06
63	68	2.03564e-16
63	69	3.00985e-06
63	70	2.8055e-06
64	0	2.74766e-16
64	1	5.27986e-06
64	2	7.32e-06
64	3	9.03509e-16
64	4	5.05193e-06
64	5	6.51342e-06
64	6	7.53542e-06
64	7	5.2542e-06
64	8	5.99286e-06
64	9	5.1445e-06
64	10	9.6544e-06
64	11	6.48217e-06
64	12	6.22799e-06
64	13	7.03472e-06
64	14	5.26605e-06
64	15	6.00917e-06
64	16	5.07935e-06
64	17	5.08698e-06
64	18	5.05551e-06
64	19	5.06538e-06
64	20	5.05382e-06
64	21	7.60191e-06
64	22	5.05238e-06
64	23	5.87541e-06
64	24	6.48258e-06
64	25	1.02336e-15
64	26	6.12408e-06
64	27	6.23188e-06
64	28	1.77619e-15
64	29	5.40349e-16
64	30	5.16683e-06
64	31	6.72192e-06
64	32	5.41437e-06
64	33	1.03236e-05
64	34	5.06845e-06
64	35	8.46801e-16
64	36	2.34837e-05
64	37	5.05393e-06
64	38	5.22332e-06
64	39	9.36805e-06
64	40	5.54711e-06
64	41	5.43095e-06
64	42	5.96104e-06
64	43	5.05203e-06
64	44	5.14901e-06
64	45	1.33647e-15
64	46	5.15184e-06
64	47	5.18177e-06
64	48	1.58499e-17
64	49	0.132452
64	50	5.59426e-06
64	51	5.10141e-06
64	52	5.12032e-06
64	53	5.4767e-06
64	54	5.18076e-06
64	55	6.5348e-06
64	56	5.08396e-06
64	57	8.41595e-06
64	58	5.05178e-06
64	59	5.86463e-06
64	60	5.43283e-06
64	61	7.77491e-06
64	62	5.11591e-06
64	63	5.31896e-06
64	64	5.17665e-06
64	65	5.65257e-06
64	66	5.0591e-06
64	67	5.06611e-06
64	68	1.00987e-15
64	69	5.27165e-06
64	70	1.78256e-15
65	0	1.17545e-16
65	1	6.27782e-06
65	2	8.31795e-06
65	3	6.04983e-06
65	4	6.04988e-06
65	5	7.51137e-06
65	6	8.53337e-06
65	7	6.25215e-06
65	8	6.99081e-06
65	9	6.14245e-06
65	10	1.06524e-05
65	11	7.48013e-06
65	12	7.22594e-06
65	13	8.03267e-06
65	14	6.264e-06
65	15	7.00712e-06
65	16	6.07731e-06
65	17	6.08493e-06
65	18	6.05346e-06
65	19	6.06333e-06
65	20	1.2117e-15
65	21	8.59986e-06
65	22	6.05033e-06
65	23	6.87337e-06
65	24	7.48053e-06
65	25	6.0931e-06
65	26	7.12203e-06
65	27	7.22983e-06
65	28	6.53004e-16
65	29	9.78807e-16
65	30	6.16478e-06
65	31	7.71987e-06
65	32	6.41232e-06
65	33	1.13216e-05
65	34	6.0664e-06
65	35	5.58451e-16
65	36	2.44816e-05
65	37	6.05188e-06
65	38	6.22127e-06
65	39	1.0366e-05
65	40	6.54506e-06
65	41	6.4289e-06
65	42	6.95899e-06
65	43	6.04998e-06
65	44	6.14696e-06
65	45	1.46654e-16
65	46	6.14979e-06
65	47	6.17972e-06
65	48	1.07869e-16
65	49	0.132453
65	50	6.59221e-06
65	51	6.09936e-06
65	52	2.66602e-16
65	53	6.47465e-06
65	54	6.17871e-06
65	55	7.53275e-06
65	56	6.08191e-06
65	57	9.4139e-06
65	58	1.0275e-15
65	59	6.86258e-06
65	60	6.43078e-06
65	61	8.77286e-06
65	62	6.11386e-06
65	63	6.31692e-06
65	64	6.1746e-06
65	65	6.65052e-06
65	66	6.05706e-06
65	67	6.06406e-06
65	68	5.89482e-16
65	69	6.2696e-06
65	70	6.06525e-06
66	0	7.17967e-16
66	1	1.79062e-06
66	2	3.83075e-06
66	3	1.56263e-06
66	4	9.87859e-16
66	5	3.02417e-06
66	6	4.04617e-06
66	7	1.76496e-06
66	8	2.50361e-06
66	9	1.65526e-06
66	10	6.16516e-06
66	11	2.99293e-06
66	12	2.73875e-06
66	13	3.54547e-06
66	14	1.7768e-06
66	15	2.51992e-06
66	16	1.59011e-06
66	17	9.07907e-17
66	18	1.56627e-06
66	19	1.57613e-06
66	20	7.26112e-16
66	21	4.11267e-06
66	22	1.56314e-06
66	23	2.38617e-06
66	24	2.99333e-06
66	25	1.359e-15
66	26	2.63484e-06
66	27	2.74264e-06
66	28	1.5626e-06
66	29	4.49307e-17
66	30	1.67758e-06
66	31	3.23268e-06
66	32	1.92513e-06
66	33	6.83437e-06
66	34	1.5792e-06
66	35	1.56266e-06
66	36	1.99944e-05
66	37	1.26399e-15
66	38	1.73407e-06
66	39	5.8788e-06
66	40	2.05787e-06
66	41	1.9417e-06
66	42	2.47179e-06
66	43	1.56279e-06
66	44	1.65977e-06
66	45	6.87705e-16
66	46	1.6626e-06
66	47	1.69252e-06
66	48	9.25992e-16
66	49	0.132449
66	50	2.10501e-06
66	51	1.61217e-06
66	52	1.94863e-17
66	53	1.98745e-06
66	54	1.69151e-06
66	55	3.04556e-06
66	56	1.59472e-06
66	57	4.9267e-06
66	58	1.56254e-06
66	59	2.37539e-06
66	60	1.94358e-06
66	61	4.28566e-06
66	62	1.62667e-06
66	63	1.82972e-06
66	64	1.68741e-06
66	65	2.16333e-06
66	66	1.56986e-06
66	67	1.57686e-06
66	68	1.61997e-15
66	69	1.7824e-06
66	70	1.57806e-06
67	0	3.45214e-06
67	1	3.6408e-06
67	2	5.68094e-06
67	3	3.41281e-06
67	4	3.41287e-06
67	5	4.87436e-06
67	6	5.89636e-06
67	7	3.61514e-06
67	8	4.35379e-06
67	9	3.50544e-06
67	10	8.01534e-06
67	11	4.84311e-06
67	12	4.58893e-06
67	13	5.39565e-06
67	14	3.62699e-06
67	15	4.37011e-06
67	16	1.06013e-15
67	17	3.44791e-06
67	18	3.41645e-06
67	19	2.96886e-16
67	20	3.41476e-06
67	21	5.96285e-06
67	22	3.41332e-06
67	23	4.23635e-06
67	24	4.84352e-06
67	25	8.8743e-17
67	26	4.48502e-06
67	27	4.59282e-06
67	28	8.47472e-16
67	29	1.01713e-15
67	30	3.52776e-06
67	31	5.08286e-06
67	32	3.77531e-06
67	33	8.68455e-06
67	34	3.42939e-06
67	35	1.33017e-15
67	36	2.18446e-05
67	37	4.79249e-16
67	38	3.58426e-06
67	39	7.72898e-06
67	40	3.90805e-06
67	41	3.79188e-06
67	42	4.32198e-06
67	43	3.41297e-06
67	44	1.07408e-15
67	45	1.44449e-15
67	46	3.51278e-06
67	47	3.5427e-06
67	48	9.90093e-16
67	49	0.132451
67	50	3.95519e-06
67	51	3.46235e-06
67	52	6.81373e-16
67	53	3.83764e-06
67	54	3.54169e-06
67	55	4.89574e-06
67	56	3.4449e-06
67	57	6.77688e-06
67	58	6.33157e-16
67	59	4.22557e-06
67	60	3.79377e-06
67	61	6.13584e-06
67	62	1.35676e-15
67	63	3.6799e-06
67	64	3.53759e-06
67	65	4.01351e-06
67	66	3.42004e-06
67	67	3.42705e-06
67	68	1.48598e-15
67	69	3.63258e-06
67	70	1.62879e-15
68	0	5.3544e-06
68	1	5.54306e-06
68	2	7.5832e-06
68	3	1.63523e-15
68	4	2.12016e-16
68	5	6.77662e-06
68	6	7.79862e-06
68	7	1.04658e-15
68	8	6.25606e-06
68	9	5.4077e-06
68	10	9.9176e-06
68	11	6.74537e-06
68	12	6.49119e-06
68	13	4.22397e-16
68	14	6.17634e-16
68	15	6.27237e-06
68	16	1.31181e-15
68	17	5.35018e-06
68	18	1.46666e-15
68	19	8.50785e-16
68	20	5.31702e-06
68	21	7.86511e-06
68	22	5.31558e-06
68	23	6.13862e-06
68	24	6.74578e-06
68	25	5.56717e-16
68	26	6.38728e-06
68	27	6.49508e-06
68	28	3.99913e-16
68	29	1.55402e-15
68	30	5.43003e-06
68	31	6.98512e-06
68	32	1.08637e-15
68	33	1.05868e-05
68	34	3.46861e-16
68	35	7.72416e-16
68	36	2.37469e-05
68	37	1.57527e-15
68	38	5.48652e-06
68	39	9.63125e-06
68	40	5.81031e-06
68	41	5.69415e-06
68	42	6.22424e-06
68	43	5.31523e-06
68	44	6.46622e-16
68	45	4.42335e-16
68	46	5.41504e-06
68	47	5.44497e-06
68	48	8.09549e-17
68	49	0.132453
68	50	5.6445e-16
68	51	5.36461e-06
68	52	3.42788e-16
68	53	5.7399e-06
68	54	5.44396e-06
68	55	6.798e-06
68	56	5.34716e-06
68	57	8.67915e-06
68	58	2.01038e-16
68	59	6.12783e-06
68	60	5.69603e-06
68	61	8.03811e-06
68	62	4.66759e-16
68	63	5.58216e-06
68	64	1.41816e-15
68	65	4.61892e-16
68	66	1.84035e-17
68	67	9.50822e-16
68	68	5.39496e-06
68	69	5.53485e-06
68	70	1.57811e-15
69	0	7.41502e-17
69	1	2.32946e-06
69	2	4.36959e-06
69	3	2.10147e-06
69	4	1.0673e-15
69	5	3.56301e-06
69	6	4.58501e-06
69	7	2.3038e-06
69	8	3.04245e-06
69	9	2.1941e-06
69	10	6.704e-06
69	11	3.53177e-06
69	12	3.27759e-06
69	13	4.08431e-06
69	14	2.31564e-06
69	15	3.05876e-06
69	16	2.12895e-06
69	17	2.13657e-06
69	18	2.10511e-06
69	19	2.11497e-06
69	20	2.10341e-06
69	21	4.65151e-06
69	22	2.10198e-06
69	23	2.92501e-06
69	24	3.53217e-06
69	25	1.33869e-15
69	26	3.17368e-06
69	27	3.28148e-06
69	28	1.51441e-15
69	29	1.44112e-15
69	30	2.21642e-06
69	31	3.77152e-06
69	32	2.46397e-06
69	33	7.37321e-06
69	34	2.11804e-06
69	35	1.01376e-15
69	36	2.05333e-05
69	37	2.10352e-06
69	38	2.27291e-06
69	39	6.41764e-06
69	40	2.59671e-06
69	41	2.48054e-06
69	42	3.01063e-06
69	43	2.10163e-06
69	44	1.39536e-15
69	45	1.74717e-15
69	46	2.20144e-06
69	47	2.23136e-06
69	48	4.18654e-16
69	49	0.132449
69	50	2.64385e-06
69	51	2.15101e-06
69	52	2.16992e-06
69	53	2.52629e-06
69	54	2.23035e-06
69	55	3.5844e-06
69	56	2.13356e-06
69	57	5.46554e-06
69	58	2.10138e-06
69	59	2.91423e-06
69	60	2.48242e-06
69	61	4.8245e-06
69	62	5.86575e-16
69	63	2.36856e-06
69	64	2.22625e-06
69	65	2.70216e-06
69	66	4.04757e-16
69	67	2.1157e-06
69	68	2.18135e-06
69	69	2.32124e-06
69	70	1.31248e-15
70	0	2.80123e-06
70	1	2.98989e-06
70	2	5.03003e-06
70	3	1.35039e-15
70	4	6.65923e-16
70	5	4.22345e-06
70	6	5.24545e-06
70	7	2.96423e-06
70	8	3.70289e-06
70	9	2.85453e-06
70	10	7.36443e-06
70	11	4.1922e-06
70	12	3.93802e-06
70	13	4.74474e-06
70	14	1.1496e-15
70	15	3.7192e-06
70	16	1.31406e-15
70	17	6.02435e-16
70	18	2.76554e-06
70	19	6.72495e-16
70	20	2.76385e-06
70	21	5.31194e-06
70	22	2.76241e-06
70	23	3.58544e-06
70	24	4.19261e-06
70	25	2.80517e-06
70	26	3.83411e-06
70	27	3.94191e-06
70	28	2.08429e-16
70	29	6.47255e-18
70	30	2.87685e-06
70	31	4.43195e-06
70	32	6.22737e-16
70	33	8.03364e-06
70	34	2.77848e-06
70	35	4.4293e-16
70	36	3.07061e-16
70	37	1.12041e-15
70	38	2.93335e-06
70	39	7.07807e-06
70	40	3.25714e-06
70	41	3.14098e-06
70	42	3.67107e-06
70	43	2.76206e-06
70	44	1.77482e-15
70	45	8.78668e-17
70	46	2.86187e-06
70	47	2.8918e-06
70	48	1.48227e-15
70	49	0.13245
70	50	6.10224e-16
70	51	2.81144e-06
70	52	2.83035e-06
70	53	3.18673e-06
70	54	2.89079e-06
70	55	4.24483e-06
70	56	2.79399e-06
70	57	6.12597e-06
70	58	1.76071e-16
70	59	3.57466e-06
70	60	3.14286e-06
70	61	1.12353e-15
70	62	1.31264e-15
70	63	3.02899e-06
70	64	2.88668e-06
70	65	3.3626e-06
70	66	2.49838e-16
70	67	2.77614e-06
70	68	2.84178e-06
70	69	2.98167e-06
70	70	2.77733e-06
