0	0	9.65812e-16
0	1	7.11786e-16
0	2	4.93895e-16
0	3	0.00210223
0	4	6.33173e-17
0	5	5.43013e-16
0	6	0.00202365
0	7	3.45594e-16
0	8	3.46397e-16
0	9	0.00203243
0	10	2.25059e-16
0	11	3.75211e-17
0	12	0.00175036
0	13	8.99217e-16
0	14	8.62631e-16
0	15	0.0018238
0	16	3.30723e-16
0	17	0.00209903
0	18	2.252e-16
0	19	8.36903e-16
0	20	1.594e-16
0	21	3.60786e-16
0	22	0.00226648
0	23	8.31593e-16
0	24	6.68835e-16
0	25	5.20279e-17
0	26	0.00187947
0	27	2.97367e-16
0	28	1.62313e-16
0	29	0.00546468
0	30	7.9277e-16
0	31	5.06684e-16
0	32	4.58905e-16
0	33	8.74559e-16
0	34	4.56173e-16
0	35	3.31879e-16
0	36	0.00175095
0	37	4.95488e-16
0	38	9.48733e-16
0	39	2.60233e-16
0	40	4.88708e-16
0	41	0.00197429
0	42	0.00175048
0	43	0.00248769
0	44	0.00190427
0	45	8.25741e-16
0	46	0.110988
0	47	7.43246e-16
0	48	4.39132e-16
0	49	1.22891e-16
0	50	5.14822e-16
0	51	4.30281e-17
0	52	5.06699e-16
0	53	4.34883e-16
0	54	2.71926e-16
0	55	0.00210231
0	56	0.00236871
0	57	7.68402e-16
0	58	7.90755e-16
0	59	8.49203e-16
0	60	0.00214453
0	61	8.73891e-18
0	62	3.14758e-17
0	63	3.49648e-16
0	64	9.40183e-16
0	65	1.16358e-17
1	0	0.00069811
1	1	0.000410574
1	2	0.000500532
1	3	0.000760679
1	4	0.000444945
1	5	0.000408562
1	6	0.000682104
1	7	0.00042683
1	8	0.000407631
1	9	0.000690885
1	10	0.0004258
1	11	0.000409793
1	12	0.000408808
1	13	0.000417879
1	14	6.33438e-16
1	15	0.000482253
1	16	0.000816317
1	17	0.000757481
1	18	0.000423913
1	19	0.000421124
1	20	0.000532484
1	21	4.35559e-16
1	22	0.000924933
1	23	0.000402523
1	24	0.00050616
1	25	0.00059528
1	26	0.000537922
1	27	2.56465e-17
1	28	0.000471074
1	29	0.00412313
1	30	0.000418138
1	31	0.0004786
1	32	0.000452707
1	33	0.000441147
1	34	0.000444109
1	35	0.000638351
1	36	0.000409404
1	37	0.00040643
1	38	0.000445315
1	39	0.000452636
1	40	0.000409895
1	41	0.000632742
1	42	0.00040893
1	43	0.00114614
1	44	0.00056272
1	45	0.000414079
1	46	0.109647
1	47	0.000448986
1	48	0.000545976
1	49	0.000483221
1	50	0.00047932
1	51	0.000639789
1	52	0.000498957
1	53	0.00110796
1	54	0.000457643
1	55	0.000760759
1	56	0.00102716
1	57	0.000953797
1	58	0.000520117
1	59	0.00062308
1	60	0.000802983
1	61	0.000416475
1	62	0.000407543
1	63	0.000969698
1	64	0.00108046
1	65	0.000553853
2	0	0.000990396
2	1	0.00070286
2	2	0.000792818
2	3	0.00105297
2	4	0.000737232
2	5	0.000700849
2	6	0.00097439
2	7	0.000719116
2	8	0.000699917
2	9	0.000983171
2	10	0.000718086
2	11	0.000702079
2	12	0.000701094
2	13	0.000710165
2	14	0.000695019
2	15	0.000774539
2	16	0.0011086
2	17	0.00104977
2	18	0.0007162
2	19	0.00071341
2	20	0.000824771
2	21	0.000696363
2	22	0.00121722
2	23	0.000694809
2	24	0.000798447
2	25	0.000887566
2	26	0.000830208
2	27	0.00069617
2	28	0.00076336
2	29	0.00441542
2	30	0.000710424
2	31	0.000770887
2	32	0.000744993
2	33	0.000733433
2	34	0.000736395
2	35	0.000930637
2	36	0.000701691
2	37	0.000698716
2	38	0.000737602
2	39	0.000744922
2	40	0.000702181
2	41	0.000925029
2	42	0.000701216
2	43	0.00143842
2	44	0.000855006
2	45	0.000706365
2	46	0.109939
2	47	0.000741273
2	48	0.000838262
2	49	0.000775507
2	50	0.000771606
2	51	0.000932075
2	52	0.000791244
2	53	0.00140024
2	54	0.000749929
2	55	0.00105304
2	56	0.00131944
2	57	0.00124608
2	58	0.000812403
2	59	0.000915366
2	60	0.00109527
2	61	0.000708761
2	62	0.000699829
2	63	0.00126198
2	64	0.00137275
2	65	0.000846139
3	0	0.00175853
3	1	0.00147099
3	2	0.00156095
3	3	0.0018211
3	4	0.00150537
3	5	0.00146898
3	6	0.00174253
3	7	0.00148725
3	8	0.00146805
3	9	0.00175131
3	10	0.00148622
3	11	0.00147021
3	12	0.00146923
3	13	0.0014783
3	14	0.00146315
3	15	0.00154267
3	16	0.00187674
3	17	0.0018179
3	18	0.00148433
3	19	0.00148154
3	20	0.00159291
3	21	0.0014645
3	22	0.00198535
3	23	4.82863e-17
3	24	0.00156658
3	25	0.0016557
3	26	0.00159834
3	27	0.0014643
3	28	0.00153149
3	29	0.00518356
3	30	0.00147856
3	31	0.00153902
3	32	0.00151313
3	33	0.00150157
3	34	0.00150453
3	35	0.00169877
3	36	0.00146983
3	37	0.00146685
3	38	0.00150574
3	39	0.00151306
3	40	0.00147032
3	41	0.00169316
3	42	0.00146935
3	43	0.00220656
3	44	0.00162314
3	45	0.0014745
3	46	0.110707
3	47	0.00150941
3	48	0.0016064
3	49	0.00154364
3	50	0.00153974
3	51	0.00170021
3	52	0.00155938
3	53	0.00216838
3	54	0.00151806
3	55	0.00182118
3	56	0.00208758
3	57	0.00201422
3	58	0.00158054
3	59	0.0016835
3	60	0.0018634
3	61	0.0014769
3	62	0.00146796
3	63	0.00203012
3	64	0.00214088
3	65	0.00161427
4	0	0.0010822
4	1	0.000794666
4	2	0.000884624
4	3	0.00114477
4	4	0.000829038
4	5	0.000792655
4	6	0.0010662
4	7	0.000810922
4	8	0.000791724
4	9	0.00107498
4	10	0.000809893
4	11	0.000793885
4	12	0.000792901
4	13	0.000801972
4	14	0.000786825
4	15	0.000866345
4	16	0.00120041
4	17	0.00114157
4	18	0.000808006
4	19	0.000805216
4	20	0.000916577
4	21	0.00078817
4	22	0.00130903
4	23	1.96785e-16
4	24	0.000890253
4	25	0.000979373
4	26	0.000922015
4	27	6.61278e-16
4	28	0.000855167
4	29	0.00450723
4	30	0.00080223
4	31	0.000862693
4	32	0.0008368
4	33	0.00082524
4	34	0.000828202
4	35	0.00102244
4	36	0.000793497
4	37	0.000790522
4	38	0.000829408
4	39	0.000836729
4	40	0.000793988
4	41	0.00101684
4	42	0.000793022
4	43	0.00153023
4	44	0.000946812
4	45	0.000798172
4	46	0.110031
4	47	0.000833079
4	48	0.000930068
4	49	0.000867314
4	50	0.000863413
4	51	0.00102388
4	52	0.00088305
4	53	0.00149205
4	54	0.000841736
4	55	0.00114485
4	56	0.00141125
4	57	0.00133789
4	58	0.000904209
4	59	0.00100717
4	60	0.00118708
4	61	0.000800568
4	62	0.000791635
4	63	0.00135379
4	64	0.00146455
4	65	0.000937946
5	0	4.65958e-16
5	1	0.000659596
5	2	0.000749554
5	3	0.0010097
5	4	0.000693967
5	5	0.000657584
5	6	0.000931126
5	7	0.000675852
5	8	0.000656653
5	9	0.000939907
5	10	0.000674822
5	11	0.000658815
5	12	2.6925e-17
5	13	0.000666901
5	14	4.26622e-16
5	15	0.000731275
5	16	0.00106534
5	17	0.0010065
5	18	3.44731e-16
5	19	0.000670146
5	20	0.000781506
5	21	3.11769e-16
5	22	0.00117395
5	23	2.04128e-16
5	24	0.000755182
5	25	0.000844302
5	26	0.000786944
5	27	3.01786e-16
5	28	0.000720096
5	29	0.00437216
5	30	0.00066716
5	31	0.000727622
5	32	4.36134e-16
5	33	0.000690169
5	34	0.000693131
5	35	0.000887373
5	36	4.50908e-16
5	37	9.08461e-16
5	38	0.000694338
5	39	0.000701658
5	40	0.000658917
5	41	0.000881764
5	42	0.000657952
5	43	0.00139516
5	44	0.000811742
5	45	0.000663101
5	46	0.109896
5	47	0.000698009
5	48	0.000794998
5	49	0.000732243
5	50	0.000728342
5	51	0.000888811
5	52	0.000747979
5	53	0.00135698
5	54	0.000706665
5	55	0.00100978
5	56	0.00127618
5	57	0.00120282
5	58	0.000769139
5	59	0.000872102
5	60	0.00105201
5	61	0.000665497
5	62	0.000656565
5	63	0.00121872
5	64	0.00132948
5	65	0.000802875
6	0	0.00172225
6	1	0.00143472
6	2	0.00152468
6	3	0.00178482
6	4	0.00146909
6	5	0.00143271
6	6	0.00170625
6	7	0.00145097
6	8	0.00143177
6	9	0.00171503
6	10	0.00144994
6	11	0.00143394
6	12	0.00143295
6	13	0.00144202
6	14	0.00142688
6	15	0.0015064
6	16	0.00184046
6	17	0.00178162
6	18	0.00144806
6	19	0.00144527
6	20	0.00155663
6	21	0.00142822
6	22	0.00194908
6	23	3.92152e-16
6	24	0.0015303
6	25	0.00161942
6	26	0.00156207
6	27	3.86135e-17
6	28	0.00149522
6	29	0.00514728
6	30	0.00144228
6	31	0.00150274
6	32	0.00147685
6	33	0.00146529
6	34	0.00146825
6	35	0.00166249
6	36	0.00143355
6	37	0.00143057
6	38	0.00146946
6	39	0.00147678
6	40	0.00143404
6	41	0.00165689
6	42	0.00143307
6	43	0.00217028
6	44	0.00158686
6	45	0.00143822
6	46	0.110671
6	47	0.00147313
6	48	0.00157012
6	49	0.00150736
6	50	0.00150346
6	51	0.00166393
6	52	0.0015231
6	53	0.0021321
6	54	0.00148179
6	55	0.0017849
6	56	0.0020513
6	57	0.00197794
6	58	0.00154426
6	59	0.00164722
6	60	0.00182713
6	61	0.00144062
6	62	0.00143169
6	63	0.00199384
6	64	0.00210461
6	65	0.001578
7	0	0.00119771
7	1	0.000910178
7	2	0.00100014
7	3	0.00126028
7	4	0.00094455
7	5	0.000908167
7	6	0.00118171
7	7	0.000926434
7	8	0.000907236
7	9	0.00119049
7	10	0.000925405
7	11	0.000909397
7	12	0.000908412
7	13	0.000917484
7	14	0.000902337
7	15	0.000981857
7	16	0.00131592
7	17	0.00125709
7	18	0.000923518
7	19	0.000920728
7	20	0.00103209
7	21	0.000903682
7	22	0.00142454
7	23	5.20599e-16
7	24	0.00100576
7	25	0.00109488
7	26	0.00103753
7	27	0.000903488
7	28	0.000970679
7	29	0.00462274
7	30	0.000917742
7	31	0.000978205
7	32	0.000952311
7	33	0.000940752
7	34	0.000943714
7	35	0.00113796
7	36	0.000909009
7	37	0.000906034
7	38	0.00094492
7	39	0.00095224
7	40	0.000909499
7	41	0.00113235
7	42	0.000908534
7	43	0.00164574
7	44	0.00106232
7	45	0.000913684
7	46	0.110146
7	47	0.000948591
7	48	0.00104558
7	49	0.000982826
7	50	0.000978925
7	51	0.00113939
7	52	0.000998562
7	53	0.00160756
7	54	0.000957248
7	55	0.00126036
7	56	0.00152676
7	57	0.0014534
7	58	0.00101972
7	59	0.00112268
7	60	0.00130259
7	61	0.00091608
7	62	0.000907147
7	63	0.0014693
7	64	0.00158007
7	65	0.00105346
8	0	0.00111556
8	1	0.000828027
8	2	0.000917985
8	3	0.00117813
8	4	0.000862399
8	5	0.000826016
8	6	0.00109956
8	7	0.000844283
8	8	0.000825085
8	9	0.00110834
8	10	0.000843254
8	11	0.000827246
8	12	0.000826262
8	13	0.000835333
8	14	0.000820186
8	15	0.000899706
8	16	0.00123377
8	17	0.00117494
8	18	0.000841367
8	19	0.000838577
8	20	0.000949938
8	21	0.000821531
8	22	0.00134239
8	23	3.86041e-16
8	24	0.000923614
8	25	0.00101273
8	26	0.000955376
8	27	0.000821338
8	28	0.000888528
8	29	0.00454059
8	30	0.000835591
8	31	0.000896054
8	32	0.000870161
8	33	0.000858601
8	34	0.000861563
8	35	0.0010558
8	36	0.000826858
8	37	0.000823883
8	38	0.000862769
8	39	0.00087009
8	40	0.000827349
8	41	0.0010502
8	42	0.000826383
8	43	0.00156359
8	44	0.000980173
8	45	0.000831533
8	46	0.110064
8	47	0.00086644
8	48	0.000963429
8	49	0.000900675
8	50	0.000896774
8	51	0.00105724
8	52	0.000916411
8	53	0.00152541
8	54	0.000875097
8	55	0.00117821
8	56	0.00144461
8	57	0.00137125
8	58	0.00093757
8	59	0.00104053
8	60	0.00122044
8	61	0.000833929
8	62	0.000824996
8	63	0.00138715
8	64	0.00149792
8	65	0.000971307
9	0	0.00171479
9	1	0.00142725
9	2	0.00151721
9	3	0.00177736
9	4	0.00146162
9	5	0.00142524
9	6	0.00169878
9	7	0.00144351
9	8	0.00142431
9	9	0.00170756
9	10	0.00144248
9	11	0.00142647
9	12	0.00142549
9	13	0.00143456
9	14	5.70842e-16
9	15	0.00149893
9	16	0.00183299
9	17	0.00177416
9	18	0.00144059
9	19	0.0014378
9	20	0.00154916
9	21	2.34975e-16
9	22	0.00194161
9	23	5.16618e-16
9	24	0.00152284
9	25	0.00161196
9	26	0.0015546
9	27	9.2197e-16
9	28	0.00148775
9	29	0.00513981
9	30	0.00143482
9	31	0.00149528
9	32	0.00146938
9	33	0.00145782
9	34	0.00146079
9	35	0.00165503
9	36	0.00142608
9	37	0.00142311
9	38	0.00146199
9	39	0.00146931
9	40	0.00142657
9	41	0.00164942
9	42	0.00142561
9	43	0.00216281
9	44	0.0015794
9	45	0.00143076
9	46	0.110664
9	47	0.00146566
9	48	0.00156265
9	49	0.0014999
9	50	0.001496
9	51	0.00165647
9	52	0.00151563
9	53	0.00212464
9	54	0.00147432
9	55	0.00177744
9	56	0.00204384
9	57	0.00197047
9	58	0.00153679
9	59	0.00163976
9	60	0.00181966
9	61	0.00143315
9	62	0.00142422
9	63	0.00198638
9	64	0.00209714
9	65	0.00157053
10	0	3.26607e-17
10	1	0.00106183
10	2	0.00115179
10	3	0.00141194
10	4	0.00109621
10	5	0.00105982
10	6	0.00133336
10	7	0.00107809
10	8	0.00105889
10	9	0.00134214
10	10	0.00107706
10	11	0.00106105
10	12	0.00106007
10	13	0.00106914
10	14	6.42799e-16
10	15	0.00113351
10	16	0.00146758
10	17	0.00140874
10	18	0.00107517
10	19	0.00107238
10	20	0.00118374
10	21	8.22267e-16
10	22	0.00157619
10	23	1.34393e-16
10	24	0.00115742
10	25	0.00124654
10	26	0.00118918
10	27	1.96384e-16
10	28	0.00112233
10	29	0.00477439
10	30	0.0010694
10	31	0.00112986
10	32	0.00110397
10	33	0.00109241
10	34	0.00109537
10	35	0.00128961
10	36	3.83644e-16
10	37	0.00105769
10	38	0.00109658
10	39	0.0011039
10	40	0.00106115
10	41	0.001284
10	42	0.00106019
10	43	0.0017974
10	44	0.00121398
10	45	0.00106534
10	46	0.110298
10	47	0.00110025
10	48	0.00119724
10	49	0.00113448
10	50	0.00113058
10	51	0.00129105
10	52	0.00115022
10	53	0.00175922
10	54	0.0011089
10	55	0.00141202
10	56	0.00167842
10	57	0.00160506
10	58	1.87749e-16
10	59	0.00127434
10	60	0.00145424
10	61	0.00106773
10	62	0.0010588
10	63	0.00162096
10	64	0.00173172
10	65	0.00120511
11	0	1.78657e-16
11	1	2.54038e-17
11	2	0.000847351
11	3	0.0011075
11	4	6.60685e-17
11	5	0.000755381
11	6	0.00102892
11	7	0.000773649
11	8	3.92979e-16
11	9	5.89118e-17
11	10	0.000772619
11	11	0.000756612
11	12	0.000755627
11	13	1.88321e-16
11	14	5.46839e-16
11	15	0.000829072
11	16	0.00116314
11	17	0.0011043
11	18	5.29678e-17
11	19	0.000767943
11	20	0.000879303
11	21	7.72051e-16
11	22	0.00127175
11	23	2.92754e-16
11	24	0.000852979
11	25	0.000942099
11	26	0.000884741
11	27	6.93086e-16
11	28	0.000817893
11	29	0.00446995
11	30	0.000764957
11	31	0.000825419
11	32	1.61364e-16
11	33	0.000787966
11	34	0.000790928
11	35	0.00098517
11	36	5.14317e-16
11	37	7.73141e-16
11	38	0.000792135
11	39	0.000799455
11	40	0.000756714
11	41	0.000979561
11	42	0.000755749
11	43	0.00149296
11	44	0.000909539
11	45	0.000760898
11	46	0.109994
11	47	0.000795805
11	48	0.000892795
11	49	0.00083004
11	50	0.000826139
11	51	0.000986608
11	52	2.56191e-16
11	53	0.00145478
11	54	0.000804462
11	55	0.00110758
11	56	0.00137398
11	57	0.00130062
11	58	6.16391e-17
11	59	0.000969899
11	60	0.0011498
11	61	1.46581e-16
11	62	0.000754362
11	63	0.00131652
11	64	0.00142728
11	65	8.49854e-16
12	0	6.07481e-16
12	1	0.000515875
12	2	0.000605833
12	3	0.00086598
12	4	0.000550247
12	5	0.000513863
12	6	0.000787405
12	7	0.000532131
12	8	0.000512932
12	9	0.000796186
12	10	0.000531101
12	11	4.30517e-16
12	12	0.000514109
12	13	0.00052318
12	14	0.000508034
12	15	0.000587554
12	16	0.000921618
12	17	0.000862783
12	18	0.000529215
12	19	0.000526425
12	20	0.000637786
12	21	7.35669e-16
12	22	0.00103023
12	23	5.99787e-16
12	24	0.000611462
12	25	0.000700581
12	26	0.000643223
12	27	8.25234e-16
12	28	0.000576375
12	29	0.00422844
12	30	0.000523439
12	31	0.000583902
12	32	0.000558008
12	33	0.000546448
12	34	0.00054941
12	35	0.000743652
12	36	0.000514706
12	37	6.04974e-16
12	38	0.000550617
12	39	0.000557937
12	40	0.000515196
12	41	0.000738044
12	42	0.000514231
12	43	0.00125144
12	44	0.000668021
12	45	0.00051938
12	46	0.109752
12	47	0.000554288
12	48	0.000651277
12	49	0.000588522
12	50	0.000584621
12	51	0.00074509
12	52	0.000604259
12	53	0.00121326
12	54	0.000562944
12	55	0.00086606
12	56	0.00113246
12	57	0.0010591
12	58	0.000625418
12	59	0.000728381
12	60	0.000908285
12	61	0.000521776
12	62	0.000512844
12	63	0.001075
12	64	0.00118576
12	65	0.000659154
13	0	0.00131514
13	1	0.00102761
13	2	0.00111756
13	3	0.00137771
13	4	0.00106198
13	5	0.0010256
13	6	0.00129914
13	7	0.00104386
13	8	0.00102466
13	9	0.00130792
13	10	0.00104283
13	11	0.00102683
13	12	0.00102584
13	13	0.00103491
13	14	0.00101977
13	15	0.00109929
13	16	0.00143335
13	17	0.00137451
13	18	0.00104095
13	19	0.00103816
13	20	0.00114952
13	21	0.00102111
13	22	0.00154197
13	23	1.93454e-16
13	24	0.00112319
13	25	0.00121231
13	26	0.00115496
13	27	0.00102092
13	28	0.00108811
13	29	0.00474017
13	30	0.00103517
13	31	0.00109563
13	32	0.00106974
13	33	0.00105818
13	34	0.00106114
13	35	0.00125538
13	36	0.00102644
13	37	0.00102346
13	38	0.00106235
13	39	0.00106967
13	40	0.00102693
13	41	0.00124978
13	42	0.00102596
13	43	0.00176317
13	44	0.00117975
13	45	0.00103111
13	46	0.110264
13	47	0.00106602
13	48	0.00116301
13	49	0.00110025
13	50	0.00109635
13	51	0.00125682
13	52	0.00111599
13	53	0.00172499
13	54	0.00107468
13	55	0.00137779
13	56	0.00164419
13	57	0.00157083
13	58	0.00113715
13	59	0.00124011
13	60	0.00142002
13	61	0.00103351
13	62	0.00102458
13	63	0.00158673
13	64	0.0016975
13	65	0.00117089
14	0	4.94348e-16
14	1	0.000728559
14	2	0.000818517
14	3	0.00107866
14	4	0.00076293
14	5	0.000726547
14	6	0.00100009
14	7	0.000744815
14	8	0.000725616
14	9	0.00100887
14	10	0.000743785
14	11	0.000727778
14	12	0.000726793
14	13	0.000735864
14	14	0.000720718
14	15	0.000800238
14	16	0.0011343
14	17	0.00107547
14	18	6.40408e-16
14	19	1.49622e-16
14	20	0.000850469
14	21	0.000722062
14	22	0.00124292
14	23	2.75235e-16
14	24	0.000824145
14	25	0.000913265
14	26	0.000855907
14	27	7.13793e-17
14	28	0.000789059
14	29	0.00444112
14	30	0.000736123
14	31	0.000796585
14	32	1.06562e-16
14	33	0.000759132
14	34	0.000762094
14	35	0.000956336
14	36	0.000727389
14	37	0.000724415
14	38	0.000763301
14	39	6.44092e-16
14	40	0.00072788
14	41	0.000950727
14	42	0.000726915
14	43	0.00146412
14	44	0.000880705
14	45	0.000732064
14	46	0.109965
14	47	0.000766972
14	48	0.000863961
14	49	0.000801206
14	50	0.000797305
14	51	0.000957774
14	52	0.000816942
14	53	0.00142594
14	54	0.000775628
14	55	0.00107874
14	56	0.00134514
14	57	0.00127178
14	58	3.171e-16
14	59	0.000941065
14	60	0.00112097
14	61	0.00073446
14	62	0.000725528
14	63	0.00128768
14	64	0.00139845
14	65	7.39495e-16
15	0	0.00104433
15	1	0.000756794
15	2	0.000846752
15	3	0.0011069
15	4	0.000791165
15	5	0.000754782
15	6	0.00102832
15	7	0.00077305
15	8	0.000753851
15	9	0.0010371
15	10	0.00077202
15	11	0.000756013
15	12	0.000755028
15	13	0.000764099
15	14	7.47335e-16
15	15	0.000828473
15	16	0.00116254
15	17	0.0011037
15	18	0.000770134
15	19	0.000767344
15	20	0.000878704
15	21	3.31594e-16
15	22	0.00127115
15	23	0.000748743
15	24	0.00085238
15	25	0.0009415
15	26	0.000884142
15	27	3.40168e-16
15	28	0.000817294
15	29	0.00446935
15	30	0.000764358
15	31	0.000824821
15	32	0.000798927
15	33	0.000787367
15	34	0.000790329
15	35	0.000984571
15	36	0.000755625
15	37	0.00075265
15	38	0.000791536
15	39	0.000798856
15	40	0.000756115
15	41	0.000978962
15	42	0.00075515
15	43	0.00149236
15	44	0.00090894
15	45	0.000760299
15	46	0.109993
15	47	0.000795207
15	48	0.000892196
15	49	0.000829441
15	50	0.00082554
15	51	0.000986009
15	52	0.000845178
15	53	0.00145418
15	54	0.000803863
15	55	0.00110698
15	56	0.00137338
15	57	0.00130002
15	58	0.000866337
15	59	0.0009693
15	60	0.0011492
15	61	0.000762695
15	62	0.000753763
15	63	0.00131592
15	64	0.00142668
15	65	0.000900073
16	0	0.00200784
16	1	0.0017203
16	2	0.00181026
16	3	0.00207041
16	4	0.00175467
16	5	0.00171829
16	6	0.00199183
16	7	0.00173656
16	8	0.00171736
16	9	0.00200061
16	10	0.00173553
16	11	0.00171952
16	12	7.78712e-16
16	13	0.00172761
16	14	4.29771e-16
16	15	0.00179198
16	16	0.00212604
16	17	0.00206721
16	18	0.00173364
16	19	0.00173085
16	20	0.00184221
16	21	0.0017138
16	22	0.00223466
16	23	6.7365e-16
16	24	0.00181589
16	25	0.00190501
16	26	0.00184765
16	27	2.68639e-16
16	28	0.0017808
16	29	0.00543286
16	30	0.00172786
16	31	0.00178833
16	32	0.00176243
16	33	6.6253e-16
16	34	0.00175384
16	35	0.00194808
16	36	0.00171913
16	37	0.00171616
16	38	0.00175504
16	39	0.00176236
16	40	0.00171962
16	41	0.00194247
16	42	0.00171866
16	43	0.00245586
16	44	0.00187245
16	45	0.00172381
16	46	0.110957
16	47	0.00175871
16	48	0.0018557
16	49	0.00179295
16	50	0.00178905
16	51	0.00194952
16	52	0.00180868
16	53	0.00241768
16	54	0.00176737
16	55	0.00207049
16	56	0.00233688
16	57	0.00226352
16	58	0.00182984
16	59	0.00193281
16	60	0.00211271
16	61	0.0017262
16	62	0.00171727
16	63	0.00227942
16	64	0.00239019
16	65	0.00186358
17	0	0.00175913
17	1	0.00147159
17	2	0.00156155
17	3	0.00182169
17	4	0.00150596
17	5	0.00146958
17	6	0.00174312
17	7	0.00148785
17	8	0.00146865
17	9	0.0017519
17	10	0.00148682
17	11	0.00147081
17	12	0.00146982
17	13	0.00147889
17	14	3.82811e-16
17	15	0.00154327
17	16	0.00187733
17	17	0.0018185
17	18	0.00148493
17	19	0.00148214
17	20	0.0015935
17	21	0.00146509
17	22	0.00198595
17	23	0.00146354
17	24	0.00156718
17	25	0.0016563
17	26	0.00159894
17	27	2.05872e-16
17	28	0.00153209
17	29	0.00518415
17	30	0.00147915
17	31	0.00153962
17	32	0.00151372
17	33	0.00150216
17	34	0.00150512
17	35	0.00169937
17	36	0.00147042
17	37	0.00146745
17	38	0.00150633
17	39	0.00151365
17	40	0.00147091
17	41	0.00169376
17	42	0.00146995
17	43	0.00220715
17	44	0.00162374
17	45	0.00147509
17	46	0.110708
17	47	0.00151
17	48	0.00160699
17	49	0.00154424
17	50	0.00154034
17	51	0.0017008
17	52	0.00155997
17	53	0.00216897
17	54	0.00151866
17	55	0.00182177
17	56	0.00208817
17	57	0.00201481
17	58	0.00158113
17	59	0.0016841
17	60	0.001864
17	61	0.00147749
17	62	0.00146856
17	63	0.00203071
17	64	0.00214148
17	65	0.00161487
18	0	0.00144352
18	1	0.00115598
18	2	0.00124594
18	3	0.00150608
18	4	0.00119035
18	5	0.00115397
18	6	0.00142751
18	7	0.00117224
18	8	0.00115304
18	9	0.00143629
18	10	0.00117121
18	11	0.0011552
18	12	0.00115421
18	13	0.00116328
18	14	5.81749e-16
18	15	0.00122766
18	16	0.00156172
18	17	0.00150289
18	18	0.00116932
18	19	0.00116653
18	20	0.00127789
18	21	6.0335e-16
18	22	0.00167034
18	23	9.04618e-16
18	24	0.00125157
18	25	0.00134069
18	26	0.00128333
18	27	3.30526e-16
18	28	0.00121648
18	29	0.00486854
18	30	0.00116354
18	31	0.00122401
18	32	0.00119811
18	33	0.00118655
18	34	0.00118951
18	35	0.00138376
18	36	0.00115481
18	37	0.00115184
18	38	0.00119072
18	39	0.00119804
18	40	0.0011553
18	41	0.00137815
18	42	0.00115434
18	43	0.00189154
18	44	0.00130813
18	45	0.00115948
18	46	0.110392
18	47	0.00119439
18	48	0.00129138
18	49	0.00122863
18	50	0.00122473
18	51	0.00138519
18	52	0.00124436
18	53	0.00185336
18	54	0.00120305
18	55	0.00150616
18	56	0.00177256
18	57	0.0016992
18	58	0.00126552
18	59	0.00136849
18	60	0.00154839
18	61	0.00116188
18	62	0.00115295
18	63	0.0017151
18	64	0.00182587
18	65	0.00129926
19	0	6.60073e-16
19	1	0.00118868
19	2	0.00127864
19	3	0.00153878
19	4	0.00122305
19	5	0.00118667
19	6	0.00146021
19	7	0.00120494
19	8	0.00118574
19	9	0.00146899
19	10	0.00120391
19	11	0.0011879
19	12	0.00118691
19	13	0.00119598
19	14	8.32041e-16
19	15	0.00126036
19	16	0.00159442
19	17	0.00153559
19	18	0.00120202
19	19	0.00119923
19	20	0.00131059
19	21	0.00118218
19	22	0.00170304
19	23	3.65333e-16
19	24	0.00128427
19	25	0.00137339
19	26	0.00131603
19	27	9.05608e-16
19	28	0.00124918
19	29	0.00490124
19	30	0.00119624
19	31	0.00125671
19	32	0.00123081
19	33	0.00121925
19	34	0.00122221
19	35	0.00141646
19	36	0.00118751
19	37	0.00118454
19	38	0.00122342
19	39	0.00123074
19	40	0.001188
19	41	0.00141085
19	42	0.00118704
19	43	0.00192424
19	44	0.00134083
19	45	0.00119218
19	46	0.110425
19	47	0.00122709
19	48	0.00132408
19	49	0.00126133
19	50	0.00125743
19	51	0.00141789
19	52	0.00127706
19	53	0.00188606
19	54	0.00123575
19	55	0.00153886
19	56	0.00180526
19	57	0.0017319
19	58	0.00129822
19	59	0.00140119
19	60	0.00158109
19	61	0.00119458
19	62	0.00118565
19	63	0.0017478
19	64	0.00185857
19	65	0.00133196
20	0	0.00127672
20	1	0.000989188
20	2	0.00107915
20	3	0.00133929
20	4	0.00102356
20	5	0.000987176
20	6	0.00126072
20	7	0.00100544
20	8	0.000986245
20	9	0.0012695
20	10	0.00100441
20	11	0.000988407
20	12	0.000987422
20	13	0.000996493
20	14	0.000981347
20	15	0.00106087
20	16	0.00139493
20	17	0.0013361
20	18	0.00100253
20	19	0.000999738
20	20	0.0011111
20	21	0.000982691
20	22	0.00150355
20	23	1.07134e-16
20	24	0.00108477
20	25	0.00117389
20	26	0.00111654
20	27	0.000982498
20	28	0.00104969
20	29	0.00470175
20	30	0.000996752
20	31	0.00105721
20	32	0.00103132
20	33	0.00101976
20	34	0.00102272
20	35	0.00121697
20	36	0.000988019
20	37	0.000985044
20	38	0.00102393
20	39	0.00103125
20	40	0.000988509
20	41	0.00121136
20	42	0.000987544
20	43	0.00172475
20	44	0.00114133
20	45	0.000992693
20	46	0.110225
20	47	0.0010276
20	48	0.00112459
20	49	0.00106184
20	50	0.00105793
20	51	0.0012184
20	52	0.00107757
20	53	0.00168657
20	54	0.00103626
20	55	0.00133937
20	56	0.00160577
20	57	0.00153241
20	58	0.00109873
20	59	0.00120169
20	60	0.0013816
20	61	0.000995089
20	62	0.000986157
20	63	0.00154831
20	64	0.00165908
20	65	0.00113247
21	0	0.000968482
21	1	0.000680946
21	2	0.000770904
21	3	0.00103105
21	4	0.000715318
21	5	0.000678935
21	6	0.000952477
21	7	0.000697202
21	8	0.000678004
21	9	0.000961257
21	10	0.000696173
21	11	0.000680165
21	12	0.00067918
21	13	0.000688252
21	14	0.000673105
21	15	0.000752625
21	16	0.00108669
21	17	0.00102785
21	18	0.000694286
21	19	0.000691496
21	20	0.000802857
21	21	0.00067445
21	22	0.00119531
21	23	5.00796e-16
21	24	0.000776533
21	25	0.000865653
21	26	0.000808294
21	27	0.000674256
21	28	0.000741447
21	29	0.00439351
21	30	0.00068851
21	31	0.000748973
21	32	6.45801e-16
21	33	0.00071152
21	34	0.000714482
21	35	0.000908724
21	36	0.000679777
21	37	0.000676802
21	38	0.000715688
21	39	0.000723008
21	40	0.000680267
21	41	0.000903115
21	42	0.000679302
21	43	0.00141651
21	44	0.000833092
21	45	0.000684452
21	46	0.109917
21	47	0.000719359
21	48	0.000816348
21	49	0.000753594
21	50	0.000749693
21	51	0.000910161
21	52	0.00076933
21	53	0.00137833
21	54	0.000728016
21	55	0.00103113
21	56	0.00129753
21	57	0.00122417
21	58	0.000790489
21	59	0.000893453
21	60	0.00107336
21	61	0.000686848
21	62	0.000677915
21	63	0.00124007
21	64	0.00135083
21	65	0.000824226
22	0	0.00148512
22	1	0.00119758
22	2	0.00128754
22	3	0.00154769
22	4	0.00123195
22	5	0.00119557
22	6	0.00146911
22	7	0.00121384
22	8	0.00119464
22	9	0.00147789
22	10	0.00121281
22	11	0.0011968
22	12	0.00119582
22	13	0.00120489
22	14	9.56789e-16
22	15	0.00126926
22	16	0.00160333
22	17	0.00154449
22	18	0.00121092
22	19	0.00120813
22	20	0.00131949
22	21	0.00119109
22	22	0.00171194
22	23	4.02797e-16
22	24	0.00129317
22	25	0.00138229
22	26	0.00132493
22	27	7.89137e-16
22	28	0.00125808
22	29	0.00491014
22	30	0.00120515
22	31	0.00126561
22	32	0.00123972
22	33	0.00122816
22	34	0.00123112
22	35	0.00142536
22	36	0.00119641
22	37	0.00119344
22	38	0.00123232
22	39	0.00123965
22	40	0.0011969
22	41	0.00141975
22	42	0.00119594
22	43	0.00193315
22	44	0.00134973
22	45	0.00120109
22	46	0.110434
22	47	0.001236
22	48	0.00133298
22	49	0.00127023
22	50	0.00126633
22	51	0.0014268
22	52	0.00128597
22	53	0.00189497
22	54	0.00124465
22	55	0.00154777
22	56	0.00181417
22	57	0.00174081
22	58	0.00130713
22	59	0.00141009
22	60	0.00158999
22	61	0.00120348
22	62	0.00119455
22	63	0.00175671
22	64	0.00186747
22	65	0.00134086
23	0	3.36993e-16
23	1	0.000708612
23	2	0.00079857
23	3	0.00105872
23	4	0.000742983
23	5	0.0007066
23	6	0.000980142
23	7	0.000724868
23	8	0.000705669
23	9	0.000988923
23	10	0.000723838
23	11	8.90691e-16
23	12	0.000706846
23	13	0.000715917
23	14	7.70164e-16
23	15	4.74181e-16
23	16	0.00111436
23	17	0.00105552
23	18	0.000721951
23	19	9.5121e-17
23	20	0.000830522
23	21	6.79283e-16
23	22	0.00122297
23	23	0.000700561
23	24	0.000804198
23	25	0.000893318
23	26	0.00083596
23	27	5.01811e-16
23	28	0.000769112
23	29	0.00442117
23	30	0.000716176
23	31	0.000776638
23	32	0.000750745
23	33	4.74296e-16
23	34	0.000742147
23	35	0.000936389
23	36	1.37937e-16
23	37	2.73701e-16
23	38	0.000743353
23	39	7.68e-16
23	40	0.000707933
23	41	0.00093078
23	42	0.000706968
23	43	0.00144418
23	44	0.000860758
23	45	0.000712117
23	46	0.109945
23	47	0.000747024
23	48	0.000844014
23	49	0.000781259
23	50	0.000777358
23	51	0.000937827
23	52	0.000796995
23	53	0.001406
23	54	0.000755681
23	55	0.0010588
23	56	0.0013252
23	57	0.00125183
23	58	9.07493e-16
23	59	0.000921118
23	60	0.00110102
23	61	1.87313e-16
23	62	0.000705581
23	63	0.00126774
23	64	0.0013785
23	65	0.000851891
24	0	0.00110611
24	1	0.000818579
24	2	0.000908537
24	3	0.00116868
24	4	0.000852951
24	5	0.000816567
24	6	0.00109011
24	7	0.000834835
24	8	0.000815636
24	9	0.00109889
24	10	0.000833805
24	11	0.000817798
24	12	0.000816813
24	13	0.000825884
24	14	6.09192e-16
24	15	0.000890258
24	16	0.00122432
24	17	0.00116549
24	18	0.000831919
24	19	0.000829129
24	20	0.00094049
24	21	7.77628e-16
24	22	0.00133294
24	23	9.34596e-17
24	24	0.000914166
24	25	0.00100329
24	26	0.000945927
24	27	5.10367e-16
24	28	0.000879079
24	29	0.00453114
24	30	0.000826143
24	31	0.000886606
24	32	0.000860712
24	33	0.000849152
24	34	0.000852114
24	35	0.00104636
24	36	0.00081741
24	37	0.000814435
24	38	0.000853321
24	39	0.000860641
24	40	0.0008179
24	41	0.00104075
24	42	0.000816935
24	43	0.00155414
24	44	0.000970725
24	45	0.000822084
24	46	0.110055
24	47	0.000856992
24	48	0.000953981
24	49	0.000891226
24	50	0.000887325
24	51	0.00104779
24	52	0.000906963
24	53	0.00151596
24	54	0.000865648
24	55	0.00116876
24	56	0.00143516
24	57	0.0013618
24	58	0.000928122
24	59	0.00103109
24	60	0.00121099
24	61	0.00082448
24	62	0.000815548
24	63	0.0013777
24	64	0.00148847
24	65	0.000961858
25	0	0.00120092
25	1	0.000913384
25	2	0.00100334
25	3	0.00126349
25	4	0.000947755
25	5	0.000911372
25	6	0.00118491
25	7	0.00092964
25	8	0.000910441
25	9	0.00119369
25	10	0.00092861
25	11	0.000912603
25	12	0.000911618
25	13	0.000920689
25	14	0.000905543
25	15	0.000985063
25	16	0.00131913
25	17	0.00126029
25	18	0.000926724
25	19	0.000923934
25	20	0.00103529
25	21	0.000906887
25	22	0.00142774
25	23	5.95697e-16
25	24	0.00100897
25	25	0.00109809
25	26	0.00104073
25	27	0.000906694
25	28	0.000973884
25	29	0.00462594
25	30	0.000920948
25	31	0.00098141
25	32	0.000955517
25	33	0.000943957
25	34	0.000946919
25	35	0.00114116
25	36	0.000912214
25	37	0.00090924
25	38	0.000948126
25	39	0.000955446
25	40	0.000912705
25	41	0.00113555
25	42	0.00091174
25	43	0.00164895
25	44	0.00106553
25	45	0.000916889
25	46	0.11015
25	47	0.000951796
25	48	0.00104879
25	49	0.000986031
25	50	0.00098213
25	51	0.0011426
25	52	0.00100177
25	53	0.00161077
25	54	0.000960453
25	55	0.00126357
25	56	0.00152997
25	57	0.00145661
25	58	0.00102293
25	59	0.00112589
25	60	0.00130579
25	61	0.000919285
25	62	0.000910353
25	63	0.00147251
25	64	0.00158327
25	65	0.00105666
26	0	0.00106133
26	1	0.000773791
26	2	0.000863749
26	3	0.0011239
26	4	0.000808163
26	5	0.00077178
26	6	0.00104532
26	7	0.000790047
26	8	0.000770849
26	9	0.0010541
26	10	0.000789018
26	11	0.000773011
26	12	0.000772026
26	13	0.000781097
26	14	8.77887e-17
26	15	0.00084547
26	16	0.00117953
26	17	0.0011207
26	18	0.000787131
26	19	0.000784342
26	20	0.000895702
26	21	6.38938e-16
26	22	0.00128815
26	23	0.000765741
26	24	0.000869378
26	25	0.000958498
26	26	0.00090114
26	27	0.000767102
26	28	0.000834292
26	29	0.00448635
26	30	0.000781356
26	31	0.000841818
26	32	0.000815925
26	33	0.000804365
26	34	0.000807327
26	35	0.00100157
26	36	0.000772622
26	37	0.000769647
26	38	0.000808533
26	39	0.000815854
26	40	0.000773113
26	41	0.00099596
26	42	0.000772147
26	43	0.00150936
26	44	0.000925937
26	45	0.000777297
26	46	0.11001
26	47	0.000812204
26	48	0.000909193
26	49	0.000846439
26	50	0.000842538
26	51	0.00100301
26	52	0.000862175
26	53	0.00147118
26	54	0.000820861
26	55	0.00112398
26	56	0.00139038
26	57	0.00131701
26	58	0.000883335
26	59	0.000986298
26	60	0.0011662
26	61	0.000779693
26	62	0.00077076
26	63	0.00133292
26	64	0.00144368
26	65	0.000917071
27	0	9.8378e-17
27	1	0.000387418
27	2	0.000477376
27	3	0.000737523
27	4	0.00042179
27	5	0.000385407
27	6	0.000658949
27	7	0.000403674
27	8	0.000384476
27	9	0.000667729
27	10	0.000402644
27	11	1.20381e-16
27	12	3.45991e-16
27	13	0.000394723
27	14	0.000379577
27	15	0.000459097
27	16	0.000793162
27	17	0.000734326
27	18	0.000400758
27	19	0.000397968
27	20	0.000509329
27	21	0.000380922
27	22	0.000901777
27	23	5.51205e-16
27	24	0.000483005
27	25	0.000572124
27	26	0.000514766
27	27	0.000380728
27	28	0.000447918
27	29	0.00409998
27	30	0.000394982
27	31	0.000455445
27	32	7.57061e-16
27	33	0.000417992
27	34	4.87651e-16
27	35	0.000615196
27	36	6.16157e-17
27	37	0.000383274
27	38	0.00042216
27	39	1.23463e-17
27	40	0.000386739
27	41	0.000609587
27	42	0.000385774
27	43	0.00112298
27	44	0.000539564
27	45	6.78695e-16
27	46	0.109624
27	47	2.00006e-16
27	48	0.00052282
27	49	0.000460066
27	50	0.000456165
27	51	0.000616633
27	52	0.000475802
27	53	0.0010848
27	54	2.84228e-16
27	55	0.000737603
27	56	0.001004
27	57	0.000930641
27	58	5.41446e-16
27	59	6.17577e-16
27	60	0.000779828
27	61	5.5586e-16
27	62	0.000384387
27	63	0.000946543
27	64	0.00105731
27	65	0.000530697
28	0	0.00103073
28	1	0.000743197
28	2	0.000833155
28	3	0.0010933
28	4	0.000777568
28	5	0.000741185
28	6	0.00101473
28	7	0.000759453
28	8	0.000740254
28	9	0.00102351
28	10	0.000758423
28	11	0.000742416
28	12	0.000741431
28	13	0.000750502
28	14	0.000735356
28	15	0.000814876
28	16	0.00114894
28	17	0.0010901
28	18	0.000756536
28	19	0.000753747
28	20	0.000865107
28	21	0.0007367
28	22	0.00125756
28	23	0.000735146
28	24	0.000838783
28	25	0.000927903
28	26	0.000870545
28	27	0.000736507
28	28	0.000803697
28	29	0.00445576
28	30	0.000750761
28	31	0.000811223
28	32	0.00078533
28	33	0.00077377
28	34	0.000776732
28	35	0.000970974
28	36	0.000742027
28	37	0.000739053
28	38	0.000777938
28	39	0.000785259
28	40	0.000742518
28	41	0.000965365
28	42	0.000741553
28	43	0.00147876
28	44	0.000895343
28	45	0.000746702
28	46	0.109979
28	47	0.000781609
28	48	0.000878599
28	49	0.000815844
28	50	0.000811943
28	51	0.000972412
28	52	0.00083158
28	53	0.00144058
28	54	0.000790266
28	55	0.00109338
28	56	0.00135978
28	57	0.00128642
28	58	0.00085274
28	59	0.000955703
28	60	0.00113561
28	61	0.000749098
28	62	0.000740166
28	63	0.00130232
28	64	0.00141309
28	65	0.000886476
29	0	0.00348576
29	1	0.00319822
29	2	0.00328818
29	3	0.00354833
29	4	0.00323259
29	5	0.00319621
29	6	0.00346975
29	7	0.00321448
29	8	0.00319528
29	9	0.00347853
29	10	0.00321345
29	11	0.00319744
29	12	0.00319646
29	13	0.00320553
29	14	9.32106e-16
29	15	0.0032699
29	16	0.00360397
29	17	0.00354513
29	18	0.00321156
29	19	0.00320877
29	20	0.00332013
29	21	4.97594e-16
29	22	0.00371258
29	23	2.54759e-16
29	24	0.00329381
29	25	0.00338293
29	26	0.00332557
29	27	0.00319153
29	28	0.00325872
29	29	0.00691078
29	30	0.00320579
29	31	0.00326625
29	32	0.00324036
29	33	0.0032288
29	34	0.00323176
29	35	0.003426
29	36	0.00319705
29	37	0.00319408
29	38	0.00323296
29	39	0.00324029
29	40	0.00319754
29	41	0.00342039
29	42	0.00319658
29	43	0.00393379
29	44	0.00335037
29	45	0.00320173
29	46	0.112435
29	47	0.00323664
29	48	0.00333362
29	49	0.00327087
29	50	0.00326697
29	51	0.00342744
29	52	0.00328661
29	53	0.00389561
29	54	0.00324529
29	55	0.00354841
29	56	0.00381481
29	57	0.00374145
29	58	0.00330777
29	59	0.00341073
29	60	0.00359063
29	61	0.00320412
29	62	0.00319519
29	63	0.00375735
29	64	0.00386811
29	65	0.0033415
30	0	0.00107056
30	1	0.000783024
30	2	0.000872981
30	3	0.00113313
30	4	0.000817395
30	5	0.000781012
30	6	0.00105455
30	7	0.000799279
30	8	0.000780081
30	9	0.00106333
30	10	0.00079825
30	11	0.000782243
30	12	0.000781258
30	13	0.000790329
30	14	0.000775182
30	15	0.000854702
30	16	0.00118877
30	17	0.00112993
30	18	0.000796363
30	19	0.000793574
30	20	0.000904934
30	21	0.000776527
30	22	0.00129738
30	23	5.22859e-16
30	24	0.00087861
30	25	0.00096773
30	26	0.000910372
30	27	0.000776334
30	28	0.000843524
30	29	0.00449558
30	30	0.000790588
30	31	0.00085105
30	32	0.000825157
30	33	0.000813597
30	34	0.000816559
30	35	0.0010108
30	36	0.000781854
30	37	0.000778879
30	38	0.000817765
30	39	0.000825086
30	40	0.000782345
30	41	0.00100519
30	42	0.000781379
30	43	0.00151859
30	44	0.000935169
30	45	0.000786529
30	46	0.110019
30	47	0.000821436
30	48	0.000918425
30	49	0.000855671
30	50	0.00085177
30	51	0.00101224
30	52	0.000871407
30	53	0.00148041
30	54	0.000830093
30	55	0.00113321
30	56	0.00139961
30	57	0.00132625
30	58	0.000892567
30	59	0.00099553
30	60	0.00117543
30	61	0.000788925
30	62	0.000779992
30	63	0.00134215
30	64	0.00145291
30	65	0.000926303
31	0	0.000934891
31	1	0.000647355
31	2	0.000737313
31	3	0.00099746
31	4	0.000681726
31	5	0.000645343
31	6	0.000918885
31	7	0.000663611
31	8	0.000644412
31	9	0.000927666
31	10	0.000662581
31	11	0.000646574
31	12	0.000645589
31	13	0.00065466
31	14	1.4626e-16
31	15	0.000719034
31	16	0.0010531
31	17	0.000994263
31	18	0.000660695
31	19	0.000657905
31	20	0.000769265
31	21	5.62461e-16
31	22	0.00116171
31	23	0.000639304
31	24	0.000742941
31	25	0.000832061
31	26	0.000774703
31	27	7.27022e-16
31	28	0.000707855
31	29	0.00435992
31	30	0.000654919
31	31	0.000715381
31	32	0.000689488
31	33	0.000677928
31	34	0.00068089
31	35	0.000875132
31	36	0.000646185
31	37	0.000643211
31	38	0.000682097
31	39	0.000689417
31	40	0.000646676
31	41	0.000869523
31	42	0.000645711
31	43	0.00138292
31	44	0.000799501
31	45	0.00065086
31	46	0.109884
31	47	0.000685767
31	48	0.000782757
31	49	0.000720002
31	50	0.000716101
31	51	0.00087657
31	52	0.000735738
31	53	0.00134474
31	54	0.000694424
31	55	0.00099754
31	56	0.00126394
31	57	0.00119058
31	58	0.000756898
31	59	0.000859861
31	60	0.00103976
31	61	0.000653256
31	62	0.000644324
31	63	0.00120648
31	64	0.00131724
31	65	0.000790634
32	0	0.00109055
32	1	0.000803018
32	2	0.000892976
32	3	0.00115312
32	4	0.000837389
32	5	0.000801006
32	6	0.00107455
32	7	0.000819274
32	8	0.000800075
32	9	0.00108333
32	10	0.000818244
32	11	0.000802237
32	12	0.000801252
32	13	0.000810323
32	14	9.42052e-16
32	15	0.000874697
32	16	0.00120876
32	17	0.00114993
32	18	0.000816358
32	19	0.000813568
32	20	0.000924929
32	21	3.63293e-16
32	22	0.00131738
32	23	3.46581e-16
32	24	0.000898605
32	25	0.000987724
32	26	0.000930366
32	27	4.58001e-16
32	28	0.000863518
32	29	0.00451558
32	30	0.000810582
32	31	0.000871045
32	32	0.000845151
32	33	0.000833591
32	34	0.000836553
32	35	0.0010308
32	36	0.000801849
32	37	0.000798874
32	38	0.00083776
32	39	0.00084508
32	40	0.000802339
32	41	0.00102519
32	42	0.000801374
32	43	0.00153858
32	44	0.000955164
32	45	0.000806523
32	46	0.110039
32	47	0.000841431
32	48	0.00093842
32	49	0.000875665
32	50	0.000871764
32	51	0.00103223
32	52	0.000891402
32	53	0.0015004
32	54	0.000850087
32	55	0.0011532
32	56	0.0014196
32	57	0.00134624
32	58	0.000912561
32	59	0.00101552
32	60	0.00119543
32	61	0.000808919
32	62	0.000799987
32	63	0.00136214
32	64	0.00147291
32	65	0.000946297
33	0	0.00138281
33	1	0.00109528
33	2	0.00118523
33	3	0.00144538
33	4	0.00112965
33	5	0.00109326
33	6	0.00136681
33	7	0.00111153
33	8	0.00109233
33	9	0.00137559
33	10	0.0011105
33	11	0.00109449
33	12	0.00109351
33	13	0.00110258
33	14	2.22969e-16
33	15	0.00116695
33	16	0.00150102
33	17	0.00144218
33	18	0.00110862
33	19	0.00110583
33	20	0.00121719
33	21	0.00108878
33	22	0.00160963
33	23	0.00108723
33	24	0.00119086
33	25	0.00127998
33	26	0.00122262
33	27	0.00108859
33	28	0.00115578
33	29	0.00480784
33	30	0.00110284
33	31	0.0011633
33	32	0.00113741
33	33	0.00112585
33	34	0.00112881
33	35	0.00132305
33	36	0.00109411
33	37	0.00109113
33	38	0.00113002
33	39	0.00113734
33	40	0.0010946
33	41	0.00131744
33	42	0.00109363
33	43	0.00183084
33	44	0.00124742
33	45	0.00109878
33	46	0.110332
33	47	0.00113369
33	48	0.00123068
33	49	0.00116792
33	50	0.00116402
33	51	0.00132449
33	52	0.00118366
33	53	0.00179266
33	54	0.00114234
33	55	0.00144546
33	56	0.00171186
33	57	0.0016385
33	58	0.00120482
33	59	0.00130778
33	60	0.00148769
33	61	0.00110118
33	62	0.00109224
33	63	0.0016544
33	64	0.00176516
33	65	0.00123855
34	0	1.50663e-16
34	1	0.000745489
34	2	0.000835447
34	3	0.00109559
34	4	0.000779861
34	5	0.000743478
34	6	0.00101702
34	7	0.000761745
34	8	0.000742547
34	9	0.0010258
34	10	0.000760716
34	11	0.000744708
34	12	0.000743723
34	13	0.000752795
34	14	5.22001e-17
34	15	0.000817168
34	16	0.00115123
34	17	0.0010924
34	18	0.000758829
34	19	0.000756039
34	20	0.0008674
34	21	8.28648e-16
34	22	0.00125985
34	23	1.98248e-16
34	24	0.000841076
34	25	0.000930196
34	26	0.000872837
34	27	5.82258e-16
34	28	0.00080599
34	29	0.00445805
34	30	0.000753053
34	31	0.000813516
34	32	0.000787622
34	33	0.000776063
34	34	0.000779025
34	35	0.000973267
34	36	0.00074432
34	37	0.000741345
34	38	0.000780231
34	39	0.000787552
34	40	0.00074481
34	41	0.000967658
34	42	0.000743845
34	43	0.00148105
34	44	0.000897635
34	45	0.000748995
34	46	0.109982
34	47	0.000783902
34	48	0.000880891
34	49	0.000818137
34	50	0.000814236
34	51	0.000974704
34	52	0.000833873
34	53	0.00144287
34	54	0.000792559
34	55	0.00109567
34	56	0.00136207
34	57	0.00128871
34	58	0.000855032
34	59	0.000957996
34	60	0.0011379
34	61	0.000751391
34	62	0.000742458
34	63	0.00130461
34	64	0.00141538
34	65	0.000888769
35	0	0.00132427
35	1	0.00103674
35	2	0.0011267
35	3	0.00138684
35	4	0.00107111
35	5	0.00103473
35	6	0.00130827
35	7	0.00105299
35	8	0.00103379
35	9	0.00131705
35	10	0.00105196
35	11	0.00103596
35	12	0.00103497
35	13	0.00104404
35	14	8.33024e-16
35	15	0.00110842
35	16	0.00144248
35	17	0.00138365
35	18	0.00105008
35	19	0.00104729
35	20	0.00115865
35	21	0.00103024
35	22	0.0015511
35	23	0.00102869
35	24	0.00113232
35	25	0.00122144
35	26	0.00116409
35	27	7.06882e-16
35	28	0.00109724
35	29	0.0047493
35	30	0.0010443
35	31	0.00110476
35	32	0.00107887
35	33	0.00106731
35	34	0.00107027
35	35	0.00126451
35	36	0.00103557
35	37	0.00103259
35	38	0.00107148
35	39	0.0010788
35	40	0.00103606
35	41	0.00125891
35	42	0.00103509
35	43	0.0017723
35	44	0.00118888
35	45	0.00104024
35	46	0.110273
35	47	0.00107515
35	48	0.00117214
35	49	0.00110938
35	50	0.00110548
35	51	0.00126595
35	52	0.00112512
35	53	0.00173412
35	54	0.00108381
35	55	0.00138692
35	56	0.00165332
35	57	0.00157996
35	58	0.00114628
35	59	0.00124924
35	60	0.00142915
35	61	0.00104264
35	62	0.00103371
35	63	0.00159586
35	64	0.00170663
35	65	0.00118002
36	0	1.67804e-16
36	1	0.000417989
36	2	0.000507947
36	3	0.000768094
36	4	0.00045236
36	5	0.000415977
36	6	0.000689519
36	7	0.000434245
36	8	0.000415046
36	9	0.0006983
36	10	0.000433215
36	11	3.17599e-17
36	12	0.000416223
36	13	0.000425294
36	14	0.000410148
36	15	0.000489668
36	16	0.000823732
36	17	0.000764896
36	18	0.000431328
36	19	0.000428539
36	20	0.000539899
36	21	3.89849e-16
36	22	0.000932348
36	23	0.000409938
36	24	0.000513575
36	25	0.000602695
36	26	0.000545337
36	27	8.67277e-16
36	28	0.000478489
36	29	0.00413055
36	30	0.000425553
36	31	0.000486015
36	32	0.000460122
36	33	0.000448562
36	34	0.000451524
36	35	0.000645766
36	36	0.000416819
36	37	0.000413844
36	38	0.00045273
36	39	0.000460051
36	40	0.00041731
36	41	0.000640157
36	42	0.000416345
36	43	0.00115355
36	44	0.000570135
36	45	0.000421494
36	46	0.109654
36	47	0.000456401
36	48	0.00055339
36	49	0.000490636
36	50	0.000486735
36	51	0.000647204
36	52	0.000506372
36	53	0.00111537
36	54	0.000465058
36	55	0.000768174
36	56	0.00103457
36	57	0.000961212
36	58	0.000527532
36	59	0.000630495
36	60	0.000810398
36	61	0.00042389
36	62	0.000414957
36	63	0.000977113
36	64	0.00108788
36	65	0.000561268
37	0	3.19297e-16
37	1	3.66458e-16
37	2	0.00108598
37	3	0.00134612
37	4	0.00103039
37	5	0.000994006
37	6	0.00126755
37	7	0.00101227
37	8	0.000993075
37	9	0.00127633
37	10	0.00101124
37	11	7.27762e-16
37	12	0.000994252
37	13	0.00100332
37	14	1.3558e-16
37	15	0.0010677
37	16	8.37023e-16
37	17	0.00134293
37	18	0.00100936
37	19	0.00100657
37	20	0.00111793
37	21	6.26901e-16
37	22	0.00151038
37	23	6.51634e-16
37	24	0.0010916
37	25	0.00118072
37	26	0.00112337
37	27	2.78178e-16
37	28	0.00105652
37	29	0.00470858
37	30	0.00100358
37	31	0.00106404
37	32	0.00103815
37	33	0.00102659
37	34	0.00102955
37	35	0.00122379
37	36	4.27216e-18
37	37	0.000991873
37	38	0.00103076
37	39	0.00103808
37	40	0.000995339
37	41	0.00121819
37	42	0.000994373
37	43	0.00173158
37	44	0.00114816
37	45	0.000999523
37	46	0.110232
37	47	0.00103443
37	48	0.00113142
37	49	0.00106866
37	50	0.00106476
37	51	0.00122523
37	52	0.0010844
37	53	0.0016934
37	54	0.00104309
37	55	0.0013462
37	56	0.0016126
37	57	0.00153924
37	58	0.00110556
37	59	0.00120852
37	60	0.00138843
37	61	0.00100192
37	62	0.000992986
37	63	0.00155514
37	64	0.00166591
37	65	0.0011393
38	0	0.00114536
38	1	0.00085782
38	2	0.000947778
38	3	0.00120793
38	4	0.000892191
38	5	0.000855808
38	6	0.00112935
38	7	0.000874076
38	8	0.000854877
38	9	0.00113813
38	10	0.000873046
38	11	1.581e-16
38	12	0.000856054
38	13	0.000865125
38	14	3.73371e-16
38	15	0.000929499
38	16	0.00126356
38	17	0.00120473
38	18	0.00087116
38	19	0.00086837
38	20	0.00097973
38	21	0.000851323
38	22	0.00137218
38	23	0.000849769
38	24	0.000953406
38	25	0.00104253
38	26	0.000985168
38	27	6.34321e-17
38	28	0.00091832
38	29	0.00457038
38	30	0.000865384
38	31	0.000925846
38	32	0.000899953
38	33	0.000888393
38	34	0.000891355
38	35	0.0010856
38	36	0.00085665
38	37	0.000853676
38	38	0.000892562
38	39	0.000899882
38	40	0.000857141
38	41	0.00107999
38	42	0.000856176
38	43	0.00159338
38	44	0.00100997
38	45	0.000861325
38	46	0.110094
38	47	0.000896232
38	48	0.000993222
38	49	0.000930467
38	50	0.000926566
38	51	0.00108703
38	52	0.000946203
38	53	0.0015552
38	54	0.000904889
38	55	0.001208
38	56	0.0014744
38	57	0.00140104
38	58	0.000967363
38	59	0.00107033
38	60	0.00125023
38	61	0.000863721
38	62	0.000854789
38	63	0.00141694
38	64	0.00152771
38	65	0.0010011
39	0	0.0013887
39	1	0.00110116
39	2	0.00119112
39	3	0.00145127
39	4	0.00113553
39	5	0.00109915
39	6	0.00137269
39	7	0.00111742
39	8	8.86784e-16
39	9	0.00138147
39	10	0.00111639
39	11	2.73815e-16
39	12	0.00109939
39	13	0.00110847
39	14	8.49262e-16
39	15	0.00117284
39	16	0.0015069
39	17	0.00144807
39	18	0.0011145
39	19	0.00111171
39	20	0.00122307
39	21	0.00109466
39	22	0.00161552
39	23	0.00109311
39	24	0.00119675
39	25	0.00128587
39	26	0.00122851
39	27	0.00109447
39	28	0.00116166
39	29	0.00481372
39	30	0.00110872
39	31	0.00116919
39	32	0.00114329
39	33	0.00113173
39	34	0.0011347
39	35	0.00132894
39	36	0.00109999
39	37	0.00109702
39	38	0.0011359
39	39	0.00114322
39	40	0.00110048
39	41	0.00132333
39	42	0.00109952
39	43	0.00183672
39	44	0.00125331
39	45	0.00110467
39	46	0.110337
39	47	0.00113957
39	48	0.00123656
39	49	0.00117381
39	50	0.00116991
39	51	0.00133037
39	52	0.00118954
39	53	0.00179854
39	54	0.00114823
39	55	0.00145134
39	56	0.00171774
39	57	0.00164438
39	58	0.0012107
39	59	0.00131367
39	60	0.00149357
39	61	0.00110706
39	62	0.00109813
39	63	0.00166028
39	64	0.00177105
39	65	0.00124444
40	0	0.00114026
40	1	0.000852727
40	2	0.000942685
40	3	0.00120283
40	4	0.000887098
40	5	0.000850715
40	6	0.00112426
40	7	0.000868983
40	8	0.000849784
40	9	0.00113304
40	10	0.000867953
40	11	0.000851946
40	12	0.000850961
40	13	0.000860032
40	14	1.30374e-16
40	15	0.000924406
40	16	0.00125847
40	17	0.00119963
40	18	0.000866067
40	19	0.000863277
40	20	0.000974637
40	21	9.60586e-16
40	22	0.00136709
40	23	0.000844676
40	24	0.000948313
40	25	0.00103743
40	26	0.000980075
40	27	8.47538e-16
40	28	0.000913227
40	29	0.00456529
40	30	0.000860291
40	31	0.000920753
40	32	0.00089486
40	33	0.0008833
40	34	0.000886262
40	35	0.0010805
40	36	0.000851557
40	37	0.000848583
40	38	0.000887469
40	39	0.000894789
40	40	0.000852048
40	41	0.0010749
40	42	0.000851083
40	43	0.00158829
40	44	0.00100487
40	45	0.000856232
40	46	0.110089
40	47	0.000891139
40	48	0.000988129
40	49	0.000925374
40	50	0.000921473
40	51	0.00108194
40	52	0.00094111
40	53	0.00155011
40	54	0.000899796
40	55	0.00120291
40	56	0.00146931
40	57	0.00139595
40	58	0.00096227
40	59	0.00106523
40	60	0.00124514
40	61	0.000858628
40	62	0.000849696
40	63	0.00141185
40	64	0.00152262
40	65	0.000996006
41	0	0.00155273
41	1	0.0012652
41	2	0.00135516
41	3	0.0016153
41	4	0.00129957
41	5	0.00126319
41	6	0.00153673
41	7	0.00128145
41	8	0.00126226
41	9	0.00154551
41	10	0.00128042
41	11	0.00126442
41	12	0.00126343
41	13	0.0012725
41	14	0.00125736
41	15	0.00133688
41	16	0.00167094
41	17	0.00161211
41	18	0.00127854
41	19	0.00127575
41	20	0.00138711
41	21	0.0012587
41	22	0.00177956
41	23	5.24217e-16
41	24	0.00136079
41	25	0.0014499
41	26	0.00139255
41	27	0.00125851
41	28	0.0013257
41	29	0.00497776
41	30	0.00127276
41	31	0.00133323
41	32	0.00130733
41	33	0.00129577
41	34	0.00129873
41	35	0.00149298
41	36	0.00126403
41	37	0.00126105
41	38	0.00129994
41	39	0.00130726
41	40	0.00126452
41	41	0.00148737
41	42	0.00126355
41	43	0.00200076
41	44	0.00141734
41	45	0.0012687
41	46	0.110501
41	47	0.00130361
41	48	0.0014006
41	49	0.00133785
41	50	0.00133394
41	51	0.00149441
41	52	0.00135358
41	53	0.00196258
41	54	0.00131227
41	55	0.00161538
41	56	0.00188178
41	57	0.00180842
41	58	0.00137474
41	59	0.00147771
41	60	0.00165761
41	61	0.0012711
41	62	0.00126217
41	63	0.00182432
41	64	0.00193509
41	65	0.00140848
42	0	0.000645519
42	1	0.000357983
42	2	0.000447941
42	3	0.000708088
42	4	0.000392354
42	5	0.000355971
42	6	0.000629513
42	7	0.000374239
42	8	0.00035504
42	9	0.000638294
42	10	0.000373209
42	11	0.000357202
42	12	0.000356217
42	13	0.000365288
42	14	0.000350142
42	15	0.000429662
42	16	0.000763726
42	17	0.00070489
42	18	0.000371322
42	19	0.000368533
42	20	0.000479893
42	21	0.000351486
42	22	0.000872342
42	23	0.000349932
42	24	0.000453569
42	25	0.000542689
42	26	0.000485331
42	27	9.04844e-16
42	28	0.000418483
42	29	0.00407054
42	30	0.000365547
42	31	0.000426009
42	32	0.000400116
42	33	0.000388556
42	34	0.000391518
42	35	0.00058576
42	36	0.000356813
42	37	0.000353838
42	38	0.000392724
42	39	0.000400045
42	40	0.000357304
42	41	0.000580151
42	42	0.000356339
42	43	0.00109355
42	44	0.000510129
42	45	0.000361488
42	46	0.109594
42	47	0.000396395
42	48	0.000493384
42	49	0.00043063
42	50	0.000426729
42	51	0.000587198
42	52	0.000446366
42	53	0.00105537
42	54	0.000405052
42	55	0.000708168
42	56	0.000974567
42	57	0.000901206
42	58	0.000467526
42	59	0.000570489
42	60	0.000750392
42	61	0.000363884
42	62	0.000354952
42	63	0.000917107
42	64	0.00102787
42	65	0.000501262
43	0	0.00255225
43	1	0.00226472
43	2	0.00235467
43	3	0.00261482
43	4	0.00229909
43	5	0.0022627
43	6	0.00253625
43	7	0.00228097
43	8	0.00226177
43	9	0.00254503
43	10	0.00227994
43	11	0.00226394
43	12	0.00226295
43	13	0.00227202
43	14	3.53187e-16
43	15	0.0023364
43	16	0.00267046
43	17	0.00261162
43	18	0.00227806
43	19	0.00227527
43	20	0.00238663
43	21	3.69508e-16
43	22	0.00277908
43	23	0.00225667
43	24	0.0023603
43	25	0.00244942
43	26	0.00239206
43	27	4.22672e-16
43	28	0.00232522
43	29	0.00597728
43	30	0.00227228
43	31	0.00233274
43	32	0.00230685
43	33	0.00229529
43	34	0.00229825
43	35	0.00249249
43	36	0.00226355
43	37	0.00226057
43	38	0.00229946
43	39	0.00230678
43	40	0.00226404
43	41	0.00248688
43	42	0.00226307
43	43	0.00300028
43	44	0.00241686
43	45	0.00226822
43	46	0.111501
43	47	0.00230313
43	48	0.00240012
43	49	0.00233736
43	50	0.00233346
43	51	0.00249393
43	52	0.0023531
43	53	0.0029621
43	54	0.00231179
43	55	0.0026149
43	56	0.0028813
43	57	0.00280794
43	58	0.00237426
43	59	0.00247722
43	60	0.00265713
43	61	0.00227062
43	62	0.00226169
43	63	0.00282384
43	64	0.0029346
43	65	0.002408
44	0	0.00188437
44	1	0.00159683
44	2	0.00168679
44	3	0.00194694
44	4	0.00163121
44	5	0.00159482
44	6	0.00186837
44	7	0.00161309
44	8	0.00159389
44	9	0.00187715
44	10	0.00161206
44	11	0.00159605
44	12	0.00159507
44	13	0.00160414
44	14	2.13228e-16
44	15	0.00166851
44	16	0.00200258
44	17	0.00194374
44	18	0.00161017
44	19	0.00160738
44	20	0.00171875
44	21	0.00159034
44	22	0.00211119
44	23	0.00158878
44	24	0.00169242
44	25	0.00178154
44	26	0.00172418
44	27	0.00159014
44	28	0.00165733
44	29	0.0053094
44	30	0.0016044
44	31	0.00166486
44	32	0.00163897
44	33	0.00162741
44	34	0.00163037
44	35	0.00182461
44	36	0.00159567
44	37	0.00159269
44	38	0.00163158
44	39	0.0016389
44	40	0.00159616
44	41	0.001819
44	42	0.00159519
44	43	0.0023324
44	44	0.00174898
44	45	0.00160034
44	46	0.110833
44	47	0.00163525
44	48	0.00173224
44	49	0.00166948
44	50	0.00166558
44	51	0.00182605
44	52	0.00168522
44	53	0.00229422
44	54	0.0016439
44	55	0.00194702
44	56	0.00221342
44	57	0.00214006
44	58	0.00170638
44	59	0.00180934
44	60	0.00198924
44	61	0.00160274
44	62	0.0015938
44	63	0.00215596
44	64	0.00226672
44	65	0.00174011
45	0	0.000866916
45	1	0.00057938
45	2	0.000669338
45	3	0.000929485
45	4	0.000613752
45	5	0.000577369
45	6	0.000850911
45	7	0.000595636
45	8	0.000576438
45	9	0.000859691
45	10	0.000594607
45	11	0.000578599
45	12	0.000577614
45	13	0.000586685
45	14	0.000571539
45	15	0.000651059
45	16	0.000985124
45	17	0.000926288
45	18	0.00059272
45	19	0.00058993
45	20	0.000701291
45	21	6.29158e-17
45	22	0.00109374
45	23	0.00057133
45	24	0.000674967
45	25	0.000764087
45	26	0.000706728
45	27	4.22187e-16
45	28	0.00063988
45	29	0.00429194
45	30	0.000586944
45	31	0.000647407
45	32	0.000621513
45	33	0.000609954
45	34	0.000612916
45	35	0.000807158
45	36	0.000578211
45	37	0.000575236
45	38	0.000614122
45	39	0.000621442
45	40	0.000578701
45	41	0.000801549
45	42	0.000577736
45	43	0.00131494
45	44	0.000731526
45	45	0.000582886
45	46	0.109816
45	47	0.000617793
45	48	0.000714782
45	49	0.000652028
45	50	0.000648127
45	51	0.000808595
45	52	0.000667764
45	53	0.00127676
45	54	0.00062645
45	55	0.000929565
45	56	0.00119596
45	57	0.0011226
45	58	0.000688923
45	59	0.000791887
45	60	0.00097179
45	61	0.000585282
45	62	0.000576349
45	63	0.0011385
45	64	0.00124927
45	65	0.00072266
46	0	0.0539082
46	1	0.0536207
46	2	0.0537107
46	3	0.0539708
46	4	0.0536551
46	5	0.0536187
46	6	0.0538922
46	7	0.053637
46	8	0.0536178
46	9	0.053901
46	10	0.0536359
46	11	1.77731e-16
46	12	2.71942e-16
46	13	0.053628
46	14	6.08655e-18
46	15	0.0536924
46	16	0.0540265
46	17	0.0539676
46	18	0.053634
46	19	0.0536313
46	20	0.0537426
46	21	0.0536142
46	22	0.0541351
46	23	9.51861e-16
46	24	0.0537163
46	25	0.0538054
46	26	0.0537481
46	27	1.37886e-16
46	28	0.0536812
46	29	0.0573333
46	30	0.0536283
46	31	0.0536887
46	32	0.0536628
46	33	0.0536513
46	34	0.0536542
46	35	0.0538485
46	36	0.0536195
46	37	0.0536166
46	38	0.0536555
46	39	0.0536628
46	40	0.05362
46	41	0.0538429
46	42	0.0536191
46	43	0.0543563
46	44	0.0537729
46	45	0.0536242
46	46	0.162857
46	47	0.0536591
46	48	0.0537561
46	49	0.0536934
46	50	0.0536895
46	51	0.0538499
46	52	0.0537091
46	53	0.0543181
46	54	0.0536678
46	55	0.0539709
46	56	0.0542373
46	57	0.0541639
46	58	0.0537303
46	59	0.0538332
46	60	0.0540131
46	61	0.0536266
46	62	0.0536177
46	63	0.0541798
46	64	0.0542906
46	65	0.053764
47	0	3.17826e-16
47	1	0.0009833
47	2	0.00107326
47	3	0.00133341
47	4	0.00101767
47	5	0.000981289
47	6	0.00125483
47	7	0.000999556
47	8	0.000980358
47	9	0.00126361
47	10	0.000998527
47	11	8.30243e-16
47	12	0.000981534
47	13	0.000990605
47	14	7.73729e-16
47	15	0.00105498
47	16	0.00138904
47	17	0.00133021
47	18	0.00099664
47	19	0.00099385
47	20	0.00110521
47	21	1.09943e-16
47	22	0.00149766
47	23	1.02017e-16
47	24	0.00107889
47	25	0.00116801
47	26	0.00111065
47	27	3.85584e-16
47	28	0.0010438
47	29	0.00469586
47	30	0.000990864
47	31	0.00105133
47	32	0.00102543
47	33	5.60448e-16
47	34	0.00101684
47	35	0.00121108
47	36	0.000982131
47	37	9.1409e-18
47	38	0.00101804
47	39	0.00102536
47	40	0.000982621
47	41	0.00120547
47	42	0.000981656
47	43	0.00171886
47	44	0.00113545
47	45	0.000986806
47	46	0.11022
47	47	0.00102171
47	48	0.0011187
47	49	0.00105595
47	50	0.00105205
47	51	0.00121252
47	52	0.00107168
47	53	0.00168068
47	54	0.00103037
47	55	0.00133349
47	56	0.00159988
47	57	0.00152652
47	58	0.00109284
47	59	0.00119581
47	60	0.00137571
47	61	0.000989202
47	62	0.000980269
47	63	0.00154242
47	64	0.00165319
47	65	0.00112658
48	0	0.000926653
48	1	0.000639117
48	2	0.000729075
48	3	0.000989222
48	4	0.000673488
48	5	0.000637105
48	6	0.000910647
48	7	0.000655373
48	8	0.000636174
48	9	0.000919428
48	10	0.000654343
48	11	0.000638336
48	12	0.000637351
48	13	0.000646422
48	14	0.000631276
48	15	0.000710796
48	16	0.00104486
48	17	0.000986025
48	18	0.000652457
48	19	0.000649667
48	20	0.000761027
48	21	0.00063262
48	22	0.00115348
48	23	6.24176e-16
48	24	0.000734703
48	25	0.000823823
48	26	0.000766465
48	27	0.000632427
48	28	0.000699617
48	29	0.00435168
48	30	0.000646681
48	31	0.000707143
48	32	0.00068125
48	33	0.00066969
48	34	0.000672652
48	35	0.000866894
48	36	0.000637947
48	37	0.000634973
48	38	0.000673859
48	39	0.000681179
48	40	0.000638438
48	41	0.000861285
48	42	0.000637473
48	43	0.00137468
48	44	0.000791263
48	45	0.000642622
48	46	0.109875
48	47	0.00067753
48	48	0.000774519
48	49	0.000711764
48	50	0.000707863
48	51	0.000868332
48	52	0.0007275
48	53	0.0013365
48	54	0.000686186
48	55	0.000989302
48	56	0.0012557
48	57	0.00118234
48	58	0.00074866
48	59	0.000851623
48	60	0.00103153
48	61	0.000645018
48	62	0.000636086
48	63	0.00119824
48	64	0.00130901
48	65	0.000782396
49	0	0.00114129
49	1	0.000853757
49	2	0.000943715
49	3	0.00120386
49	4	0.000888128
49	5	0.000851745
49	6	0.00112529
49	7	0.000870013
49	8	0.000850814
49	9	0.00113407
49	10	0.000868983
49	11	0.000852976
49	12	0.000851991
49	13	0.000861062
49	14	3.98602e-16
49	15	0.000925436
49	16	0.0012595
49	17	0.00120066
49	18	0.000867097
49	19	0.000864307
49	20	0.000975667
49	21	1.6831e-16
49	22	0.00136812
49	23	4.56492e-16
49	24	0.000949343
49	25	0.00103846
49	26	0.000981105
49	27	4.66382e-16
49	28	0.000914257
49	29	0.00456632
49	30	0.000861321
49	31	0.000921784
49	32	0.00089589
49	33	0.00088433
49	34	0.000887292
49	35	0.00108153
49	36	0.000852588
49	37	0.000849613
49	38	0.000888499
49	39	0.000895819
49	40	0.000853078
49	41	0.00107593
49	42	0.000852113
49	43	0.00158932
49	44	0.0010059
49	45	0.000857262
49	46	0.11009
49	47	0.00089217
49	48	0.000989159
49	49	0.000926404
49	50	0.000922503
49	51	0.00108297
49	52	0.000942141
49	53	0.00155114
49	54	0.000900826
49	55	0.00120394
49	56	0.00147034
49	57	0.00139698
49	58	0.0009633
49	59	0.00106626
49	60	0.00124617
49	61	0.000859658
49	62	0.000850726
49	63	0.00141288
49	64	0.00152365
49	65	0.000997036
50	0	0.00158993
50	1	0.0013024
50	2	0.00139235
50	3	0.0016525
50	4	0.00133677
50	5	0.00130038
50	6	0.00157393
50	7	0.00131865
50	8	0.00129945
50	9	0.00158271
50	10	0.00131762
50	11	0.00130161
50	12	0.00130063
50	13	0.0013097
50	14	0.00129455
50	15	0.00137407
50	16	0.00170814
50	17	0.0016493
50	18	0.00131573
50	19	0.00131295
50	20	0.00142431
50	21	5.7081e-16
50	22	0.00181675
50	23	0.00129434
50	24	0.00139798
50	25	0.0014871
50	26	0.00142974
50	27	3.65883e-16
50	28	0.0013629
50	29	0.00501496
50	30	0.00130996
50	31	0.00137042
50	32	0.00134453
50	33	0.00133297
50	34	0.00133593
50	35	0.00153017
50	36	0.00130123
50	37	0.00129825
50	38	0.00133714
50	39	0.00134446
50	40	0.00130172
50	41	0.00152456
50	42	0.00130075
50	43	0.00203796
50	44	0.00145454
50	45	0.0013059
50	46	0.110539
50	47	0.00134081
50	48	0.0014378
50	49	0.00137504
50	50	0.00137114
50	51	0.00153161
50	52	0.00139078
50	53	0.00199978
50	54	0.00134946
50	55	0.00165258
50	56	0.00191898
50	57	0.00184562
50	58	0.00141194
50	59	0.0015149
50	60	0.0016948
50	61	0.0013083
50	62	0.00129936
50	63	0.00186152
50	64	0.00197228
50	65	0.00144567
51	0	0.0011591
51	1	0.000871564
51	2	0.000961522
51	3	0.00122167
51	4	0.000905936
51	5	0.000869553
51	6	0.00114309
51	7	0.00088782
51	8	0.000868622
51	9	0.00115188
51	10	0.000886791
51	11	0.000870784
51	12	0.000869799
51	13	0.00087887
51	14	7.85683e-16
51	15	0.000943243
51	16	0.00127731
51	17	0.00121847
51	18	0.000884904
51	19	0.000882114
51	20	0.000993475
51	21	0.000865068
51	22	0.00138592
51	23	0.000863514
51	24	0.000967151
51	25	0.00105627
51	26	0.000998913
51	27	4.81712e-16
51	28	0.000932065
51	29	0.00458413
51	30	0.000879128
51	31	0.000939591
51	32	0.000913698
51	33	0.000902138
51	34	0.0009051
51	35	0.00109934
51	36	0.000870395
51	37	0.00086742
51	38	0.000906306
51	39	0.000913627
51	40	0.000870886
51	41	0.00109373
51	42	0.00086992
51	43	0.00160713
51	44	0.00102371
51	45	0.00087507
51	46	0.110108
51	47	0.000909977
51	48	0.00100697
51	49	0.000944212
51	50	0.000940311
51	51	0.00110078
51	52	0.000959948
51	53	0.00156895
51	54	0.000918634
51	55	0.00122175
51	56	0.00148815
51	57	0.00141479
51	58	0.000981107
51	59	0.00108407
51	60	0.00126397
51	61	0.000877466
51	62	0.000868533
51	63	0.00143069
51	64	0.00154145
51	65	0.00101484
52	0	0.00097292
52	1	0.000685384
52	2	0.000775342
52	3	0.00103549
52	4	0.000719755
52	5	0.000683372
52	6	0.000956914
52	7	0.00070164
52	8	0.000682441
52	9	0.000965695
52	10	0.00070061
52	11	0.000684603
52	12	0.000683618
52	13	0.000692689
52	14	5.95562e-16
52	15	0.000757063
52	16	0.00109113
52	17	0.00103229
52	18	0.000698724
52	19	0.000695934
52	20	0.000807295
52	21	1.8375e-17
52	22	0.00119974
52	23	0.000677333
52	24	0.000780971
52	25	0.00087009
52	26	0.000812732
52	27	1.31508e-16
52	28	0.000745884
52	29	0.00439795
52	30	0.000692948
52	31	0.000753411
52	32	0.000727517
52	33	0.000715957
52	34	0.000718919
52	35	0.000913161
52	36	0.000684215
52	37	0.00068124
52	38	0.000720126
52	39	0.000727446
52	40	0.000684705
52	41	0.000907552
52	42	0.00068374
52	43	0.00142095
52	44	0.00083753
52	45	0.000688889
52	46	0.109922
52	47	0.000723797
52	48	0.000820786
52	49	0.000758031
52	50	0.00075413
52	51	0.000914599
52	52	0.000773768
52	53	0.00138277
52	54	0.000732453
52	55	0.00103557
52	56	0.00130197
52	57	0.00122861
52	58	0.000794927
52	59	0.00089789
52	60	0.00107779
52	61	0.000691285
52	62	0.000682353
52	63	0.00124451
52	64	0.00135527
52	65	0.000828663
53	0	0.00261837
53	1	0.00233083
53	2	0.00242079
53	3	0.00268094
53	4	0.00236521
53	5	0.00232882
53	6	0.00260236
53	7	0.00234709
53	8	6.44749e-16
53	9	0.00261114
53	10	0.00234606
53	11	0.00233005
53	12	0.00232907
53	13	0.00233814
53	14	0.00232299
53	15	0.00240251
53	16	0.00273658
53	17	0.00267774
53	18	0.00234417
53	19	0.00234138
53	20	0.00245274
53	21	6.02526e-16
53	22	0.00284519
53	23	6.40253e-16
53	24	0.00242642
53	25	0.00251554
53	26	0.00245818
53	27	4.63982e-16
53	28	0.00239133
53	29	0.00604339
53	30	0.0023384
53	31	0.00239886
53	32	0.00237297
53	33	0.00236141
53	34	0.00236437
53	35	0.00255861
53	36	0.00232966
53	37	0.00232669
53	38	0.00236558
53	39	0.0023729
53	40	0.00233015
53	41	0.002553
53	42	0.00232919
53	43	0.0030664
53	44	0.00248298
53	45	0.00233434
53	46	0.111567
53	47	0.00236925
53	48	0.00246624
53	49	0.00240348
53	50	0.00239958
53	51	0.00256005
53	52	0.00241922
53	53	0.00302822
53	54	0.0023779
53	55	0.00268102
53	56	0.00294742
53	57	0.00287406
53	58	0.00244038
53	59	0.00254334
53	60	0.00272324
53	61	0.00233674
53	62	0.0023278
53	63	0.00288996
53	64	0.00300072
53	65	0.00247411
54	0	9.38827e-16
54	1	0.000706482
54	2	0.00079644
54	3	0.00105659
54	4	0.000740854
54	5	0.000704471
54	6	0.000978013
54	7	0.000722738
54	8	0.00070354
54	9	0.000986794
54	10	0.000721709
54	11	0.000705702
54	12	0.000704717
54	13	0.000713788
54	14	7.79061e-16
54	15	0.000778161
54	16	0.00111223
54	17	0.00105339
54	18	0.000719822
54	19	0.000717033
54	20	0.000828393
54	21	8.35097e-16
54	22	0.00122084
54	23	8.98302e-16
54	24	0.000802069
54	25	0.000891189
54	26	0.000833831
54	27	1.90998e-16
54	28	0.000766983
54	29	0.00441904
54	30	0.000714047
54	31	0.000774509
54	32	0.000748616
54	33	0.000737056
54	34	0.000740018
54	35	0.00093426
54	36	0.000705313
54	37	0.000702338
54	38	0.000741224
54	39	0.000748545
54	40	0.000705804
54	41	0.000928651
54	42	0.000704838
54	43	0.00144205
54	44	0.000858628
54	45	0.000709988
54	46	0.109943
54	47	0.000744895
54	48	0.000841884
54	49	0.00077913
54	50	0.000775229
54	51	0.000935697
54	52	0.000794866
54	53	0.00140387
54	54	0.000753552
54	55	0.00105667
54	56	0.00132307
54	57	0.00124971
54	58	0.000816026
54	59	1.30374e-17
54	60	0.00109889
54	61	0.000712384
54	62	0.000703451
54	63	0.00126561
54	64	0.00137637
54	65	0.000849762
55	0	0.00126433
55	1	0.000976795
55	2	0.00106675
55	3	0.0013269
55	4	0.00101117
55	5	0.000974783
55	6	0.00124833
55	7	0.000993051
55	8	0.000973852
55	9	0.00125711
55	10	0.000992021
55	11	0.000976014
55	12	0.000975029
55	13	0.0009841
55	14	3.11946e-16
55	15	0.00104847
55	16	0.00138254
55	17	0.0013237
55	18	0.000990134
55	19	0.000987345
55	20	0.00109871
55	21	0.000970298
55	22	0.00149115
55	23	7.88709e-16
55	24	0.00107238
55	25	0.0011615
55	26	0.00110414
55	27	0.000970105
55	28	0.00103729
55	29	0.00468936
55	30	0.000984359
55	31	0.00104482
55	32	0.00101893
55	33	0.00100737
55	34	0.00101033
55	35	0.00120457
55	36	0.000975625
55	37	0.00097265
55	38	0.00101154
55	39	0.00101886
55	40	0.000976116
55	41	0.00119896
55	42	0.000975151
55	43	0.00171236
55	44	0.00112894
55	45	0.0009803
55	46	0.110213
55	47	0.00101521
55	48	0.0011122
55	49	0.00104944
55	50	0.00104554
55	51	0.00120601
55	52	0.00106518
55	53	0.00167418
55	54	0.00102386
55	55	0.00132698
55	56	0.00159338
55	57	0.00152002
55	58	0.00108634
55	59	0.0011893
55	60	0.0013692
55	61	0.000982696
55	62	0.000973764
55	63	0.00153592
55	64	0.00164668
55	65	0.00112007
56	0	0.00198985
56	1	0.00170231
56	2	0.00179227
56	3	0.00205242
56	4	0.00173669
56	5	0.0017003
56	6	0.00197385
56	7	0.00171857
56	8	0.00169937
56	9	0.00198263
56	10	0.00171754
56	11	0.00170153
56	12	0.00170055
56	13	0.00170962
56	14	2.35896e-16
56	15	0.00177399
56	16	0.00210806
56	17	0.00204922
56	18	0.00171565
56	19	0.00171286
56	20	0.00182423
56	21	7.40393e-16
56	22	0.00221667
56	23	7.8265e-16
56	24	0.0017979
56	25	0.00188702
56	26	0.00182966
56	27	8.03496e-16
56	28	0.00176282
56	29	0.00541488
56	30	0.00170988
56	31	0.00177034
56	32	0.00174445
56	33	0.00173289
56	34	0.00173585
56	35	0.00193009
56	36	0.00170115
56	37	0.00169817
56	38	0.00173706
56	39	0.00174438
56	40	0.00170164
56	41	0.00192448
56	42	0.00170067
56	43	0.00243788
56	44	0.00185446
56	45	0.00170582
56	46	0.110939
56	47	0.00174073
56	48	0.00183772
56	49	0.00177496
56	50	0.00177106
56	51	0.00193153
56	52	0.0017907
56	53	0.0023997
56	54	0.00174938
56	55	0.0020525
56	56	0.0023189
56	57	0.00224554
56	58	0.00181186
56	59	0.00191482
56	60	0.00209472
56	61	0.00170822
56	62	0.00169928
56	63	0.00226144
56	64	0.0023722
56	65	0.00184559
57	0	0.00222265
57	1	0.00193511
57	2	0.00202507
57	3	0.00228522
57	4	0.00196948
57	5	0.0019331
57	6	0.00220664
57	7	0.00195137
57	8	0.00193217
57	9	0.00221542
57	10	0.00195034
57	11	0.00193433
57	12	0.00193335
57	13	0.00194242
57	14	7.24175e-16
57	15	0.00200679
57	16	0.00234086
57	17	0.00228202
57	18	0.00194845
57	19	0.00194566
57	20	0.00205702
57	21	1.43607e-16
57	22	0.00244947
57	23	6.07273e-16
57	24	0.0020307
57	25	0.00211982
57	26	0.00206246
57	27	4.70518e-16
57	28	0.00199561
57	29	0.00564767
57	30	0.00194268
57	31	0.00200314
57	32	0.00197724
57	33	0.00196569
57	34	0.00196865
57	35	0.00216289
57	36	0.00193394
57	37	0.00193097
57	38	0.00196985
57	39	0.00197717
57	40	0.00193443
57	41	0.00215728
57	42	0.00193347
57	43	0.00267068
57	44	0.00208726
57	45	0.00193862
57	46	0.111171
57	47	0.00197352
57	48	0.00207051
57	49	0.00200776
57	50	0.00200386
57	51	0.00216433
57	52	0.0020235
57	53	0.0026325
57	54	0.00198218
57	55	0.0022853
57	56	0.0025517
57	57	0.00247833
57	58	0.00204465
57	59	0.00214762
57	60	0.00232752
57	61	0.00194101
57	62	0.00193208
57	63	0.00249424
57	64	0.002605
57	65	0.00207839
58	0	8.28265e-17
58	1	0.00141225
58	2	0.00150221
58	3	0.00176236
58	4	0.00144662
58	5	0.00141024
58	6	0.00168378
58	7	0.00142851
58	8	0.00140931
58	9	0.00169256
58	10	0.00142748
58	11	0.00141147
58	12	0.00141048
58	13	0.00141956
58	14	6.52245e-18
58	15	0.00148393
58	16	0.00181799
58	17	0.00175916
58	18	0.00142559
58	19	0.0014228
58	20	0.00153416
58	21	2.73568e-16
58	22	0.00192661
58	23	1.42976e-16
58	24	0.00150784
58	25	0.00159696
58	26	0.0015396
58	27	2.17872e-16
58	28	0.00147275
58	29	0.00512481
58	30	0.00141981
58	31	0.00148028
58	32	0.00145438
58	33	0.00144282
58	34	0.00144579
58	35	0.00164003
58	36	0.00141108
58	37	0.00140811
58	38	0.00144699
58	39	0.00145431
58	40	0.00141157
58	41	0.00163442
58	42	0.00141061
58	43	0.00214781
58	44	0.0015644
58	45	0.00141576
58	46	0.110649
58	47	0.00145066
58	48	0.00154765
58	49	0.0014849
58	50	0.001481
58	51	0.00164147
58	52	0.00150063
58	53	0.00210963
58	54	0.00145932
58	55	0.00176244
58	56	0.00202883
58	57	0.00195547
58	58	0.00152179
58	59	0.00162476
58	60	0.00180466
58	61	0.00141815
58	62	0.00140922
58	63	0.00197138
58	64	0.00208214
58	65	0.00155553
59	0	0.00154374
59	1	0.00125621
59	2	0.00134616
59	3	0.00160631
59	4	0.00129058
59	5	0.0012542
59	6	0.00152774
59	7	0.00127246
59	8	0.00125326
59	9	0.00153652
59	10	0.00127143
59	11	0.00125543
59	12	0.00125444
59	13	0.00126351
59	14	5.9581e-16
59	15	0.00132789
59	16	0.00166195
59	17	0.00160311
59	18	0.00126955
59	19	0.00126676
59	20	0.00137812
59	21	3.96331e-16
59	22	0.00177057
59	23	1.55318e-16
59	24	0.00135179
59	25	0.00144091
59	26	0.00138355
59	27	0.00124952
59	28	0.00131671
59	29	0.00496877
59	30	0.00126377
59	31	0.00132423
59	32	0.00129834
59	33	0.00128678
59	34	0.00128974
59	35	0.00148398
59	36	0.00125504
59	37	0.00125206
59	38	0.00129095
59	39	0.00129827
59	40	0.00125553
59	41	0.00147838
59	42	0.00125456
59	43	0.00199177
59	44	0.00140835
59	45	0.00125971
59	46	0.110492
59	47	0.00129462
59	48	0.00139161
59	49	0.00132885
59	50	0.00132495
59	51	0.00148542
59	52	0.00134459
59	53	0.00195359
59	54	0.00130328
59	55	0.00160639
59	56	0.00187279
59	57	0.00179943
59	58	0.00136575
59	59	0.00146871
59	60	0.00164862
59	61	0.00126211
59	62	0.00125318
59	63	0.00181533
59	64	0.0019261
59	65	0.00139949
60	0	0.00172412
60	1	0.00143659
60	2	0.00152655
60	3	0.00178669
60	4	0.00147096
60	5	0.00143458
60	6	0.00170812
60	7	0.00145284
60	8	0.00143365
60	9	0.0017169
60	10	0.00145181
60	11	0.00143581
60	12	0.00143482
60	13	0.00144389
60	14	6.02025e-16
60	15	0.00150827
60	16	0.00184233
60	17	0.0017835
60	18	0.00144993
60	19	0.00144714
60	20	0.0015585
60	21	7.65824e-16
60	22	0.00195095
60	23	2.56606e-16
60	24	0.00153217
60	25	0.00162129
60	26	0.00156394
60	27	4.4605e-16
60	28	0.00149709
60	29	0.00514915
60	30	0.00144415
60	31	0.00150461
60	32	0.00147872
60	33	0.00146716
60	34	0.00147012
60	35	0.00166437
60	36	0.00143542
60	37	0.00143244
60	38	0.00147133
60	39	0.00147865
60	40	0.00143591
60	41	0.00165876
60	42	0.00143494
60	43	0.00217215
60	44	0.00158873
60	45	0.00144009
60	46	0.110673
60	47	0.001475
60	48	0.00157199
60	49	0.00150924
60	50	0.00150533
60	51	0.0016658
60	52	0.00152497
60	53	0.00213397
60	54	0.00148366
60	55	0.00178677
60	56	0.00205317
60	57	0.00197981
60	58	0.00154613
60	59	0.00164909
60	60	0.001829
60	61	0.00144249
60	62	0.00143356
60	63	0.00199571
60	64	0.00210648
60	65	0.00157987
61	0	7.12591e-16
61	1	0.000999553
61	2	0.00108951
61	3	0.00134966
61	4	0.00103392
61	5	0.000997542
61	6	0.00127108
61	7	0.00101581
61	8	2.92104e-16
61	9	0.00127986
61	10	0.00101478
61	11	0.000998772
61	12	0.000997787
61	13	0.00100686
61	14	0.000991712
61	15	0.00107123
61	16	0.0014053
61	17	0.00134646
61	18	0.00101289
61	19	0.0010101
61	20	0.00112146
61	21	5.01276e-16
61	22	0.00151391
61	23	2.53503e-17
61	24	0.00109514
61	25	0.00118426
61	26	0.0011269
61	27	9.17398e-17
61	28	0.00106005
61	29	0.00471211
61	30	0.00100712
61	31	0.00106758
61	32	0.00104169
61	33	0.00103013
61	34	0.00103309
61	35	0.00122733
61	36	0.000998384
61	37	0.000995409
61	38	0.00103429
61	39	0.00104162
61	40	0.000998874
61	41	0.00122172
61	42	0.000997909
61	43	0.00173512
61	44	0.0011517
61	45	0.00100306
61	46	0.110236
61	47	0.00103797
61	48	0.00113495
61	49	0.0010722
61	50	0.0010683
61	51	0.00122877
61	52	0.00108794
61	53	0.00169694
61	54	0.00104662
61	55	0.00134974
61	56	0.00161614
61	57	0.00154278
61	58	0.0011091
61	59	0.00121206
61	60	0.00139196
61	61	0.00100545
61	62	0.000996522
61	63	0.00155868
61	64	0.00166944
61	65	0.00114283
62	0	0.00100978
62	1	0.00072224
62	2	0.000812198
62	3	0.00107235
62	4	0.000756611
62	5	0.000720228
62	6	0.00099377
62	7	0.000738496
62	8	0.000719297
62	9	0.00100255
62	10	0.000737466
62	11	0.000721459
62	12	0.000720474
62	13	0.000729545
62	14	0.000714399
62	15	0.000793919
62	16	0.00112798
62	17	0.00106915
62	18	0.00073558
62	19	0.00073279
62	20	0.00084415
62	21	0.000715743
62	22	0.0012366
62	23	0.000714189
62	24	0.000817826
62	25	0.000906946
62	26	0.000849588
62	27	0.00071555
62	28	0.00078274
62	29	0.0044348
62	30	0.000729804
62	31	0.000790266
62	32	0.000764373
62	33	0.000752813
62	34	0.000755775
62	35	0.000950017
62	36	0.00072107
62	37	0.000718096
62	38	0.000756982
62	39	0.000764302
62	40	0.000721561
62	41	0.000944408
62	42	0.000720596
62	43	0.0014578
62	44	0.000874386
62	45	0.000725745
62	46	0.109959
62	47	0.000760653
62	48	0.000857642
62	49	0.000794887
62	50	0.000790986
62	51	0.000951455
62	52	0.000810623
62	53	0.00141962
62	54	0.000769309
62	55	0.00107242
62	56	0.00133882
62	57	0.00126546
62	58	0.000831783
62	59	0.000934746
62	60	0.00111465
62	61	0.000728141
62	62	0.000719209
62	63	0.00128136
62	64	0.00139213
62	65	0.000865519
63	0	0.00207519
63	1	0.00178766
63	2	0.00187762
63	3	0.00213776
63	4	0.00182203
63	5	0.00178565
63	6	0.00205919
63	7	0.00180391
63	8	0.00178472
63	9	0.00206797
63	10	0.00180288
63	11	0.00178688
63	12	0.00178589
63	13	0.00179496
63	14	7.51105e-16
63	15	0.00185934
63	16	0.0021934
63	17	0.00213457
63	18	0.001801
63	19	0.00179821
63	20	0.00190957
63	21	0.00178116
63	22	0.00230202
63	23	0.00177961
63	24	0.00188324
63	25	0.00197236
63	26	0.00191501
63	27	8.33561e-16
63	28	0.00184816
63	29	0.00550022
63	30	0.00179522
63	31	0.00185568
63	32	0.00182979
63	33	0.00181823
63	34	0.00182119
63	35	0.00201543
63	36	0.00178649
63	37	0.00178351
63	38	0.0018224
63	39	0.00182972
63	40	0.00178698
63	41	0.00200983
63	42	0.00178601
63	43	0.00252322
63	44	0.0019398
63	45	0.00179116
63	46	0.111024
63	47	0.00182607
63	48	0.00192306
63	49	0.0018603
63	50	0.0018564
63	51	0.00201687
63	52	0.00187604
63	53	0.00248504
63	54	0.00183473
63	55	0.00213784
63	56	0.00240424
63	57	0.00233088
63	58	0.0018972
63	59	0.00200016
63	60	0.00218007
63	61	0.00179356
63	62	0.00178463
63	63	0.00234678
63	64	0.00245755
63	65	0.00193094
64	0	0.00204599
64	1	0.00175846
64	2	0.00184842
64	3	0.00210856
64	4	0.00179283
64	5	0.00175645
64	6	0.00202999
64	7	0.00177471
64	8	9.24006e-16
64	9	0.00203877
64	10	0.00177368
64	11	0.00175768
64	12	0.00175669
64	13	0.00176576
64	14	8.78812e-16
64	15	0.00183014
64	16	0.0021642
64	17	0.00210536
64	18	0.0017718
64	19	0.00176901
64	20	0.00188037
64	21	9.58577e-16
64	22	0.00227282
64	23	8.6327e-16
64	24	0.00185404
64	25	0.00194316
64	26	0.00188581
64	27	7.24223e-16
64	28	0.00181896
64	29	0.00547102
64	30	0.00176602
64	31	0.00182648
64	32	0.00180059
64	33	0.00178903
64	34	0.00179199
64	35	0.00198623
64	36	0.00175729
64	37	0.00175431
64	38	0.0017932
64	39	0.00180052
64	40	0.00175778
64	41	0.00198063
64	42	0.00175681
64	43	0.00249402
64	44	0.0019106
64	45	0.00176196
64	46	0.110995
64	47	0.00179687
64	48	0.00189386
64	49	0.0018311
64	50	0.0018272
64	51	0.00198767
64	52	0.00184684
64	53	0.00245584
64	54	0.00180553
64	55	0.00210864
64	56	0.00237504
64	57	0.00230168
64	58	0.001868
64	59	0.00197096
64	60	0.00215087
64	61	0.00176436
64	62	0.00175543
64	63	0.00231758
64	64	0.00242835
64	65	0.00190174
65	0	0.00113181
65	1	0.000844277
65	2	0.000934235
65	3	0.00119438
65	4	0.000878648
65	5	0.000842265
65	6	0.00111581
65	7	0.000860532
65	8	0.000841334
65	9	0.00112459
65	10	0.000859503
65	11	0.000843496
65	12	0.000842511
65	13	0.000851582
65	14	6.67898e-16
65	15	0.000915956
65	16	0.00125002
65	17	0.00119118
65	18	0.000857616
65	19	0.000854827
65	20	0.000966187
65	21	5.63187e-16
65	22	0.00135864
65	23	8.58696e-16
65	24	0.000939863
65	25	0.00102898
65	26	0.000971625
65	27	9.70716e-18
65	28	0.000904777
65	29	0.00455684
65	30	0.000851841
65	31	0.000912303
65	32	0.00088641
65	33	0.00087485
65	34	0.000877812
65	35	0.00107205
65	36	0.000843107
65	37	0.000840132
65	38	0.000879018
65	39	0.000886339
65	40	0.000843598
65	41	0.00106645
65	42	0.000842632
65	43	0.00157984
65	44	0.000996422
65	45	0.000847782
65	46	0.110081
65	47	0.000882689
65	48	0.000979678
65	49	0.000916924
65	50	0.000913023
65	51	0.00107349
65	52	0.00093266
65	53	0.00154166
65	54	0.000891346
65	55	0.00119446
65	56	0.00146086
65	57	0.0013875
65	58	0.00095382
65	59	0.00105678
65	60	0.00123669
65	61	0.000850178
65	62	0.000841245
65	63	0.0014034
65	64	0.00151417
65	65	0.000987556
