0	0	1.16018e-06
0	1	1.24637e-14
0	2	8.64621e-15
0	3	1.15925e-06
0	4	1.1084e-15
0	5	4.73082e-05
0	6	1.82405e-06
0	7	1.2683e-06
0	8	1.87125e-06
0	9	3.88628e-06
0	10	4.58664e-06
0	11	2.24663e-06
0	12	2.07961e-06
0	13	1.57437e-14
0	14	1.33619e-06
0	15	1.4259e-06
0	16	5.78934e-15
0	17	1.55907e-06
0	18	1.26187e-06
0	19	2.09362e-06
0	20	2.79117e-15
0	21	1.82033e-06
0	22	1.18185e-06
0	23	1.58038e-06
0	24	1.17096e-14
0	25	3.5386e-06
0	26	2.36665e-06
0	27	5.20649e-15
0	28	2.24906e-06
0	29	6.80552e-15
0	30	1.19518e-06
0	31	1.86851e-06
0	32	1.87272e-06
0	33	1.2636e-06
0	34	8.61024e-06
0	35	5.81024e-15
0	36	1.40878e-06
0	37	3.22864e-06
0	38	2.33132e-06
0	39	1.7555e-06
0	40	2.04496e-06
0	41	0.129092
0	42	7.5318e-15
0	43	8.57009e-15
0	44	1.16806e-06
0	45	1.16716e-06
0	46	1.42337e-06
0	47	6.29244e-06
0	48	2.88761e-06
0	49	2.15098e-15
0	50	1.46379e-06
0	51	1.34782e-06
0	52	1.41221e-06
0	53	1.41061e-06
0	54	2.30777e-06
0	55	4.0487e-06
0	56	6.05106e-06
0	57	1.4045e-06
0	58	3.31472e-06
0	59	1.16393e-06
0	60	1.2597e-06
0	61	1.52994e-16
0	62	3.49276e-06
0	63	1.37712e-06
0	64	1.64613e-14
0	65	2.29066e-06
0	66	7.91047e-15
0	67	1.3844e-14
0	68	6.44856e-06
0	69	1.39786e-06
1	0	2.39185e-17
1	1	2.31234e-08
1	2	7.54048e-15
1	3	2.92275e-08
1	4	1.00625e-15
1	5	4.61782e-05
1	6	6.94025e-07
1	7	1.3828e-07
1	8	7.41229e-07
1	9	2.75626e-06
1	10	1.10889e-14
1	11	1.11661e-06
1	12	9.4959e-07
1	13	6.37476e-15
1	14	1.24564e-14
1	15	2.95879e-07
1	16	7.99064e-15
1	17	4.29046e-07
1	18	1.31848e-07
1	19	9.63598e-07
1	20	9.02505e-15
1	21	6.90305e-07
1	22	5.18272e-08
1	23	4.50363e-07
1	24	3.08203e-15
1	25	1.17033e-14
1	26	1.23663e-06
1	27	1.1552e-14
1	28	7.80317e-15
1	29	2.86189e-15
1	30	6.51628e-08
1	31	7.3849e-07
1	32	7.19785e-15
1	33	1.0881e-14
1	34	7.48022e-06
1	35	2.42383e-15
1	36	1.02293e-14
1	37	1.57951e-14
1	38	1.2013e-06
1	39	6.2548e-07
1	40	1.54032e-14
1	41	8.39882e-15
1	42	1.84637e-15
1	43	1.32173e-14
1	44	3.80441e-08
1	45	1.157e-14
1	46	2.93346e-07
1	47	5.16241e-06
1	48	7.2629e-15
1	49	1.25013e-14
1	50	3.33765e-07
1	51	2.17796e-07
1	52	1.68116e-14
1	53	2.89915e-15
1	54	1.17775e-06
1	55	2.91868e-06
1	56	1.48124e-14
1	57	2.74479e-07
1	58	2.1847e-06
1	59	3.39106e-08
1	60	1.30904e-14
1	61	5.14361e-15
1	62	2.36274e-06
1	63	6.13429e-15
1	64	3.86246e-15
1	65	1.16064e-06
1	66	8.75989e-18
1	67	1.19227e-14
1	68	2.94918e-15
1	69	2.67834e-07
2	0	1.21404e-05
2	1	1.54047e-14
2	2	1.49399e-05
2	3	1.21395e-05
2	4	1.23876e-05
2	5	5.82884e-05
2	6	1.28043e-05
2	7	1.22485e-05
2	8	1.28515e-05
2	9	1.48665e-05
2	10	1.55669e-05
2	11	1.32269e-05
2	12	1.30598e-05
2	13	1.01561e-14
2	14	1.23164e-05
2	15	1.24061e-05
2	16	1.2627e-14
2	17	1.25393e-05
2	18	1.22421e-05
2	19	1.30738e-05
2	20	1.22715e-05
2	21	1.28006e-05
2	22	3.7441e-15
2	23	1.25606e-05
2	24	1.22548e-05
2	25	1.45188e-05
2	26	1.33469e-05
2	27	1.21091e-14
2	28	1.32293e-05
2	29	1.21621e-05
2	30	1.21754e-05
2	31	1.28487e-05
2	32	1.28529e-05
2	33	1.22438e-05
2	34	1.95905e-05
2	35	1.22827e-05
2	36	1.2389e-05
2	37	1.42089e-05
2	38	1.33115e-05
2	39	1.27357e-05
2	40	1.30252e-05
2	41	0.129103
2	42	1.21507e-05
2	43	1.22415e-05
2	44	5.12965e-15
2	45	9.63216e-15
2	46	1.24036e-05
2	47	1.72727e-05
2	48	1.38678e-05
2	49	1.22066e-14
2	50	1.2444e-05
2	51	1.2328e-05
2	52	1.23924e-05
2	53	1.23908e-05
2	54	1.3288e-05
2	55	1.50289e-05
2	56	1.70313e-05
2	57	1.23847e-05
2	58	1.42949e-05
2	59	1.09834e-14
2	60	1.22399e-05
2	61	6.83993e-15
2	62	1.4473e-05
2	63	1.23573e-05
2	64	1.18822e-14
2	65	1.32709e-05
2	66	1.2171e-05
2	67	4.88271e-16
2	68	1.74288e-05
2	69	1.23781e-05
3	0	9.16549e-07
3	1	9.0951e-07
3	2	3.71599e-06
3	3	9.15614e-07
3	4	1.16374e-06
3	5	4.70646e-05
3	6	1.58041e-06
3	7	1.02467e-06
3	8	1.62762e-06
3	9	3.64265e-06
3	10	4.34301e-06
3	11	2.003e-06
3	12	1.83598e-06
3	13	9.09584e-07
3	14	1.09256e-06
3	15	1.18227e-06
3	16	9.09495e-07
3	17	1.31543e-06
3	18	1.01823e-06
3	19	1.84998e-06
3	20	1.04765e-06
3	21	1.57669e-06
3	22	9.38214e-07
3	23	1.33675e-06
3	24	1.67956e-15
3	25	3.29496e-06
3	26	2.12301e-06
3	27	1.82583e-15
3	28	2.00543e-06
3	29	4.95873e-16
3	30	9.51549e-07
3	31	1.62488e-06
3	32	1.62908e-06
3	33	1.01997e-06
3	34	8.36661e-06
3	35	1.0588e-06
3	36	1.16514e-06
3	37	2.98501e-06
3	38	2.08769e-06
3	39	1.51187e-06
3	40	1.80133e-06
3	41	0.129092
3	42	9.24651e-15
3	43	7.68993e-15
3	44	9.24431e-07
3	45	2.78311e-15
3	46	1.17973e-06
3	47	6.0488e-06
3	48	2.64398e-06
3	49	1.13799e-14
3	50	1.22015e-06
3	51	1.10418e-06
3	52	1.16858e-06
3	53	1.16698e-06
3	54	2.06414e-06
3	55	3.80507e-06
3	56	5.80743e-06
3	57	1.16087e-06
3	58	3.07109e-06
3	59	9.20297e-07
3	60	1.01607e-06
3	61	1.51388e-14
3	62	3.24913e-06
3	63	1.13349e-06
3	64	6.5004e-15
3	65	2.04703e-06
3	66	9.36534e-15
3	67	9.60212e-15
3	68	6.20493e-06
3	69	1.15422e-06
4	0	5.19746e-06
4	1	1.65304e-14
4	2	7.9969e-06
4	3	1.63462e-14
4	4	5.44465e-06
4	5	5.13455e-05
4	6	5.86132e-06
4	7	5.30557e-06
4	8	5.90852e-06
4	9	7.92355e-06
4	10	8.62392e-06
4	11	6.2839e-06
4	12	6.11688e-06
4	13	8.21418e-15
4	14	5.37346e-06
4	15	5.46317e-06
4	16	5.1904e-06
4	17	5.59634e-06
4	18	5.29914e-06
4	19	6.13089e-06
4	20	5.32855e-06
4	21	5.8576e-06
4	22	5.73426e-15
4	23	5.61765e-06
4	24	5.31181e-06
4	25	7.57587e-06
4	26	6.40392e-06
4	27	5.23224e-06
4	28	6.28634e-06
4	29	5.21915e-06
4	30	5.23246e-06
4	31	5.90578e-06
4	32	5.90999e-06
4	33	5.30087e-06
4	34	1.26475e-05
4	35	5.33971e-06
4	36	5.44605e-06
4	37	7.26592e-06
4	38	6.36859e-06
4	39	5.79277e-06
4	40	6.08223e-06
4	41	0.129096
4	42	8.08444e-15
4	43	5.29855e-06
4	44	1.23355e-14
4	45	5.20444e-06
4	46	5.46064e-06
4	47	1.03297e-05
4	48	6.92488e-06
4	49	2.33919e-15
4	50	5.50106e-06
4	51	5.38509e-06
4	52	5.44948e-06
4	53	5.44788e-06
4	54	6.34504e-06
4	55	8.08597e-06
4	56	1.00883e-05
4	57	5.44177e-06
4	58	7.352e-06
4	59	8.32393e-15
4	60	5.29697e-06
4	61	6.00827e-06
4	62	7.53003e-06
4	63	5.41439e-06
4	64	7.46777e-15
4	65	6.32793e-06
4	66	5.22807e-06
4	67	1.4889e-14
4	68	1.04858e-05
4	69	5.43513e-06
5	0	5.79964e-16
5	1	5.45806e-15
5	2	3.66398e-05
5	3	3.57341e-15
5	4	3.40876e-05
5	5	7.99884e-05
5	6	3.45042e-05
5	7	5.2831e-15
5	8	3.45514e-05
5	9	3.65665e-05
5	10	3.72668e-05
5	11	3.49268e-05
5	12	3.47598e-05
5	13	4.83649e-15
5	14	3.40164e-05
5	15	3.41061e-05
5	16	7.89462e-15
5	17	3.42392e-05
5	18	3.3942e-05
5	19	3.47738e-05
5	20	3.39715e-05
5	21	3.45005e-05
5	22	1.07264e-14
5	23	3.42606e-05
5	24	1.14756e-14
5	25	3.62188e-05
5	26	3.50468e-05
5	27	2.14329e-15
5	28	3.49292e-05
5	29	3.38621e-05
5	30	3.38754e-05
5	31	3.45487e-05
5	32	3.45529e-05
5	33	8.58729e-15
5	34	4.12904e-05
5	35	1.67693e-14
5	36	1.45755e-16
5	37	3.59088e-05
5	38	3.50115e-05
5	39	3.44357e-05
5	40	9.57261e-15
5	41	0.129125
5	42	2.15049e-15
5	43	1.66987e-14
5	44	2.86806e-15
5	45	6.25057e-16
5	46	3.41035e-05
5	47	3.89726e-05
5	48	3.55678e-05
5	49	9.61257e-15
5	50	3.4144e-05
5	51	3.4028e-05
5	52	3.40924e-05
5	53	7.08054e-15
5	54	3.49879e-05
5	55	3.67289e-05
5	56	3.87312e-05
5	57	3.40847e-05
5	58	3.59949e-05
5	59	6.42135e-15
5	60	1.65969e-14
5	61	1.34021e-14
5	62	3.61729e-05
5	63	3.40573e-05
5	64	9.44815e-15
5	65	3.49708e-05
5	66	1.45239e-14
5	67	1.14917e-14
5	68	3.91287e-05
5	69	3.4078e-05
6	0	5.68867e-06
6	1	7.508e-16
6	2	8.48811e-06
6	3	5.68773e-06
6	4	5.93586e-06
6	5	5.18367e-05
6	6	6.35253e-06
6	7	5.79679e-06
6	8	6.39974e-06
6	9	8.41477e-06
6	10	9.11513e-06
6	11	6.77512e-06
6	12	6.6081e-06
6	13	5.6817e-06
6	14	5.86468e-06
6	15	5.95438e-06
6	16	1.20487e-14
6	17	6.08755e-06
6	18	5.79035e-06
6	19	6.6221e-06
6	20	5.81977e-06
6	21	6.34881e-06
6	22	5.71033e-06
6	23	6.10887e-06
6	24	5.80302e-06
6	25	8.06708e-06
6	26	6.89513e-06
6	27	5.72345e-06
6	28	6.77755e-06
6	29	5.71037e-06
6	30	5.72367e-06
6	31	6.397e-06
6	32	6.4012e-06
6	33	5.79209e-06
6	34	1.31387e-05
6	35	5.83092e-06
6	36	5.93726e-06
6	37	7.75713e-06
6	38	6.85981e-06
6	39	6.28399e-06
6	40	6.57345e-06
6	41	0.129097
6	42	5.69898e-06
6	43	5.78976e-06
6	44	6.59128e-15
6	45	1.62869e-15
6	46	5.95185e-06
6	47	1.08209e-05
6	48	7.4161e-06
6	49	9.82448e-15
6	50	5.99227e-06
6	51	5.8763e-06
6	52	5.9407e-06
6	53	5.9391e-06
6	54	6.83626e-06
6	55	8.57719e-06
6	56	1.05795e-05
6	57	5.93299e-06
6	58	7.84321e-06
6	59	5.69242e-06
6	60	5.78819e-06
6	61	1.60116e-14
6	62	8.02125e-06
6	63	5.90561e-06
6	64	5.68165e-06
6	65	6.81915e-06
6	66	1.46817e-14
6	67	8.45133e-15
6	68	1.0977e-05
6	69	5.92634e-06
7	0	4.70295e-06
7	1	4.69591e-06
7	2	7.50239e-06
7	3	4.70202e-06
7	4	4.95015e-06
7	5	5.0851e-05
7	6	5.36681e-06
7	7	4.81107e-06
7	8	5.41402e-06
7	9	7.42905e-06
7	10	8.12941e-06
7	11	5.7894e-06
7	12	5.62238e-06
7	13	9.00822e-15
7	14	4.87896e-06
7	15	4.96867e-06
7	16	8.25713e-15
7	17	5.10183e-06
7	18	4.80464e-06
7	19	5.63639e-06
7	20	4.83405e-06
7	21	5.36309e-06
7	22	4.72461e-06
7	23	5.12315e-06
7	24	1.4005e-14
7	25	7.08136e-06
7	26	5.90941e-06
7	27	4.73773e-06
7	28	5.79183e-06
7	29	4.72465e-06
7	30	4.73795e-06
7	31	5.41128e-06
7	32	5.41548e-06
7	33	4.80637e-06
7	34	1.2153e-05
7	35	4.84521e-06
7	36	4.95154e-06
7	37	6.77141e-06
7	38	5.87409e-06
7	39	5.29827e-06
7	40	5.58773e-06
7	41	0.129096
7	42	4.71327e-06
7	43	4.80404e-06
7	44	4.71083e-06
7	45	4.70993e-06
7	46	4.96613e-06
7	47	9.8352e-06
7	48	6.43038e-06
7	49	1.14982e-14
7	50	5.00655e-06
7	51	4.89058e-06
7	52	4.95498e-06
7	53	4.95338e-06
7	54	5.85054e-06
7	55	7.59147e-06
7	56	9.59383e-06
7	57	4.94727e-06
7	58	6.85749e-06
7	59	4.7067e-06
7	60	4.80247e-06
7	61	5.51377e-06
7	62	7.03553e-06
7	63	4.91989e-06
7	64	3.57214e-15
7	65	5.83343e-06
7	66	4.73357e-06
7	67	1.51974e-15
7	68	9.99133e-06
7	69	4.94062e-06
8	0	7.55785e-06
8	1	2.65272e-15
8	2	1.03573e-05
8	3	7.55692e-06
8	4	7.80505e-06
8	5	5.37059e-05
8	6	8.22171e-06
8	7	7.66597e-06
8	8	8.26892e-06
8	9	1.02839e-05
8	10	1.09843e-05
8	11	8.6443e-06
8	12	8.47728e-06
8	13	7.55089e-06
8	14	7.73386e-06
8	15	7.82357e-06
8	16	9.03611e-15
8	17	7.95674e-06
8	18	7.65954e-06
8	19	8.49129e-06
8	20	7.68895e-06
8	21	8.218e-06
8	22	7.57952e-06
8	23	7.97805e-06
8	24	7.67221e-06
8	25	9.93626e-06
8	26	8.76432e-06
8	27	7.59264e-06
8	28	8.64673e-06
8	29	7.57955e-06
8	30	7.59285e-06
8	31	8.26618e-06
8	32	8.27039e-06
8	33	7.66127e-06
8	34	1.50079e-05
8	35	1.13095e-14
8	36	7.80645e-06
8	37	9.62631e-06
8	38	8.72899e-06
8	39	8.15317e-06
8	40	8.44263e-06
8	41	0.129098
8	42	1.17271e-14
8	43	7.65895e-06
8	44	7.56573e-06
8	45	7.56483e-06
8	46	7.82104e-06
8	47	1.26901e-05
8	48	9.28528e-06
8	49	7.55136e-06
8	50	7.86146e-06
8	51	7.74549e-06
8	52	7.80988e-06
8	53	7.80828e-06
8	54	8.70544e-06
8	55	1.04464e-05
8	56	1.24487e-05
8	57	7.80217e-06
8	58	9.71239e-06
8	59	7.5616e-06
8	60	7.65737e-06
8	61	8.36867e-06
8	62	9.89043e-06
8	63	7.77479e-06
8	64	7.55084e-06
8	65	8.68833e-06
8	66	7.58847e-06
8	67	3.0981e-15
8	68	1.28462e-05
8	69	7.79552e-06
9	0	1.61967e-05
9	1	1.23562e-15
9	2	1.89961e-05
9	3	3.26151e-15
9	4	1.64439e-05
9	5	6.23447e-05
9	6	1.68605e-05
9	7	1.63048e-05
9	8	1.69077e-05
9	9	1.89228e-05
9	10	1.96231e-05
9	11	1.72831e-05
9	12	1.71161e-05
9	13	1.61897e-05
9	14	1.63727e-05
9	15	1.64624e-05
9	16	1.40497e-15
9	17	1.65956e-05
9	18	1.62984e-05
9	19	1.71301e-05
9	20	1.63278e-05
9	21	1.68568e-05
9	22	1.62183e-05
9	23	1.66169e-05
9	24	1.6311e-05
9	25	1.85751e-05
9	26	1.74031e-05
9	27	1.62315e-05
9	28	1.72856e-05
9	29	1.62184e-05
9	30	1.62317e-05
9	31	1.6905e-05
9	32	1.69092e-05
9	33	1.63001e-05
9	34	2.36467e-05
9	35	1.04191e-14
9	36	1.64453e-05
9	37	1.82651e-05
9	38	1.73678e-05
9	39	1.6792e-05
9	40	1.70815e-05
9	41	0.129107
9	42	4.05528e-15
9	43	1.62978e-05
9	44	1.12536e-14
9	45	1.60222e-14
9	46	1.64599e-05
9	47	2.13289e-05
9	48	1.79241e-05
9	49	1.42976e-14
9	50	1.65003e-05
9	51	1.63843e-05
9	52	1.64487e-05
9	53	1.64471e-05
9	54	1.73443e-05
9	55	1.90852e-05
9	56	2.10876e-05
9	57	1.6441e-05
9	58	1.83512e-05
9	59	1.62004e-05
9	60	1.62962e-05
9	61	1.1453e-14
9	62	1.85293e-05
9	63	1.64136e-05
9	64	7.67012e-15
9	65	1.73272e-05
9	66	1.62273e-05
9	67	5.65065e-15
9	68	2.14851e-05
9	69	1.64343e-05
10	0	1.11305e-05
10	1	5.68163e-15
10	2	1.39299e-05
10	3	2.42138e-15
10	4	1.13777e-05
10	5	5.72785e-05
10	6	1.17943e-05
10	7	1.12386e-05
10	8	1.18416e-05
10	9	1.38566e-05
10	10	1.45569e-05
10	11	1.22169e-05
10	12	1.20499e-05
10	13	1.57273e-14
10	14	1.13065e-05
10	15	1.13962e-05
10	16	3.95877e-15
10	17	1.15294e-05
10	18	1.12322e-05
10	19	1.20639e-05
10	20	1.12616e-05
10	21	1.17906e-05
10	22	4.44766e-16
10	23	1.15507e-05
10	24	1.12448e-05
10	25	1.35089e-05
10	26	1.23369e-05
10	27	1.11653e-05
10	28	1.22194e-05
10	29	1.11522e-05
10	30	1.11655e-05
10	31	1.18388e-05
10	32	1.1843e-05
10	33	1.12339e-05
10	34	1.85805e-05
10	35	1.12727e-05
10	36	1.13791e-05
10	37	1.31989e-05
10	38	1.23016e-05
10	39	1.17258e-05
10	40	1.20153e-05
10	41	0.129102
10	42	6.1392e-15
10	43	1.08643e-14
10	44	9.27278e-16
10	45	9.12407e-15
10	46	1.13937e-05
10	47	1.62627e-05
10	48	1.28579e-05
10	49	5.12518e-15
10	50	1.14341e-05
10	51	1.13181e-05
10	52	1.13825e-05
10	53	1.13809e-05
10	54	1.22781e-05
10	55	1.4019e-05
10	56	1.60214e-05
10	57	1.13748e-05
10	58	1.3285e-05
10	59	6.84887e-15
10	60	1.123e-05
10	61	1.19413e-05
10	62	1.34631e-05
10	63	1.13474e-05
10	64	1.98678e-15
10	65	1.2261e-05
10	66	1.11611e-05
10	67	8.71438e-15
10	68	1.64189e-05
10	69	1.13682e-05
11	0	1.50323e-14
11	1	2.4755e-15
11	2	1.18721e-05
11	3	9.0717e-06
11	4	9.31983e-06
11	5	5.52207e-05
11	6	9.73649e-06
11	7	9.18075e-06
11	8	9.7837e-06
11	9	1.17987e-05
11	10	1.24991e-05
11	11	1.01591e-05
11	12	9.99206e-06
11	13	9.06566e-06
11	14	9.24864e-06
11	15	9.33835e-06
11	16	1.29794e-14
11	17	9.47151e-06
11	18	9.17432e-06
11	19	1.00061e-05
11	20	9.20373e-06
11	21	9.73277e-06
11	22	9.09429e-06
11	23	9.49283e-06
11	24	9.18699e-06
11	25	1.1451e-05
11	26	1.02791e-05
11	27	9.10741e-06
11	28	1.01615e-05
11	29	9.09433e-06
11	30	9.10763e-06
11	31	9.78096e-06
11	32	9.78516e-06
11	33	9.17605e-06
11	34	1.65227e-05
11	35	9.21489e-06
11	36	9.32122e-06
11	37	1.11411e-05
11	38	1.02438e-05
11	39	9.66795e-06
11	40	9.95741e-06
11	41	0.1291
11	42	8.4277e-15
11	43	9.17372e-06
11	44	5.477e-15
11	45	9.07961e-06
11	46	9.33581e-06
11	47	1.42049e-05
11	48	1.08001e-05
11	49	9.06614e-06
11	50	9.37623e-06
11	51	9.26026e-06
11	52	9.32466e-06
11	53	9.32306e-06
11	54	1.02202e-05
11	55	1.19611e-05
11	56	1.39635e-05
11	57	9.31695e-06
11	58	1.12272e-05
11	59	9.07638e-06
11	60	9.17215e-06
11	61	9.88345e-06
11	62	1.14052e-05
11	63	9.28957e-06
11	64	1.28004e-14
11	65	1.02031e-05
11	66	9.10325e-06
11	67	4.14423e-15
11	68	1.4361e-05
11	69	9.3103e-06
12	0	1.27951e-14
12	1	1.43147e-14
12	2	7.29571e-06
12	3	4.49533e-06
12	4	4.74346e-06
12	5	5.06443e-05
12	6	5.16013e-06
12	7	4.60438e-06
12	8	5.20733e-06
12	9	7.22236e-06
12	10	7.92273e-06
12	11	5.58271e-06
12	12	5.41569e-06
12	13	9.95437e-15
12	14	4.67227e-06
12	15	4.76198e-06
12	16	4.63231e-17
12	17	4.89515e-06
12	18	4.59795e-06
12	19	5.4297e-06
12	20	4.62737e-06
12	21	5.15641e-06
12	22	6.76119e-15
12	23	4.91647e-06
12	24	1.31917e-14
12	25	6.87468e-06
12	26	5.70273e-06
12	27	4.53105e-06
12	28	5.58515e-06
12	29	4.51796e-06
12	30	4.53127e-06
12	31	5.20459e-06
12	32	5.2088e-06
12	33	4.59968e-06
12	34	1.19463e-05
12	35	4.63852e-06
12	36	4.74486e-06
12	37	6.56473e-06
12	38	5.6674e-06
12	39	5.09158e-06
12	40	5.38104e-06
12	41	0.129095
12	42	2.38569e-15
12	43	1.18802e-14
12	44	5.75713e-15
12	45	1.67576e-14
12	46	4.75945e-06
12	47	9.62852e-06
12	48	6.2237e-06
12	49	1.08085e-14
12	50	4.79987e-06
12	51	4.6839e-06
12	52	4.74829e-06
12	53	4.74669e-06
12	54	5.64386e-06
12	55	7.38478e-06
12	56	4.90135e-15
12	57	4.74058e-06
12	58	6.65081e-06
12	59	4.50001e-06
12	60	4.59579e-06
12	61	5.60484e-15
12	62	6.82885e-06
12	63	4.7132e-06
12	64	7.052e-15
12	65	5.62675e-06
12	66	4.52689e-06
12	67	6.26806e-15
12	68	9.78465e-06
12	69	4.73394e-06
13	0	1.67243e-14
13	1	1.42352e-14
13	2	3.99304e-15
13	3	5.592e-16
13	4	2.83305e-07
13	5	4.61841e-05
13	6	6.99971e-07
13	7	1.44226e-07
13	8	7.47176e-07
13	9	2.76221e-06
13	10	3.46257e-06
13	11	1.12256e-06
13	12	9.55536e-07
13	13	2.91434e-08
13	14	8.65468e-15
13	15	3.01825e-07
13	16	1.65231e-14
13	17	4.34992e-07
13	18	1.37795e-07
13	19	9.69545e-07
13	20	1.67209e-07
13	21	6.96252e-07
13	22	4.93538e-16
13	23	4.56309e-07
13	24	1.15701e-14
13	25	2.41452e-06
13	26	1.24257e-06
13	27	4.28381e-15
13	28	1.12499e-06
13	29	1.44151e-14
13	30	7.11093e-08
13	31	7.44436e-07
13	32	7.48642e-07
13	33	2.61978e-15
13	34	7.48617e-06
13	35	7.00059e-15
13	36	2.84703e-07
13	37	2.10457e-06
13	38	1.20725e-06
13	39	6.31426e-07
13	40	9.20886e-07
13	41	1.24959e-15
13	42	4.32405e-15
13	43	1.50343e-14
13	44	3.1869e-15
13	45	1.52056e-14
13	46	2.99292e-07
13	47	5.16836e-06
13	48	1.76354e-06
13	49	1.23186e-14
13	50	3.39712e-07
13	51	2.23742e-07
13	52	2.88137e-07
13	53	1.1277e-14
13	54	1.1837e-06
13	55	2.92463e-06
13	56	1.63053e-14
13	57	2.80426e-07
13	58	2.19065e-06
13	59	3.9857e-08
13	60	1.35628e-07
13	61	7.80461e-16
13	62	2.36869e-06
13	63	7.43491e-15
13	64	3.05989e-15
13	65	1.16659e-06
13	66	1.13214e-14
13	67	5.40839e-15
13	68	5.32449e-06
13	69	2.73781e-07
14	0	5.08987e-15
14	1	1.17973e-15
14	2	1.00531e-05
14	3	5.97278e-15
14	4	7.50082e-06
14	5	5.34016e-05
14	6	7.91749e-06
14	7	7.36175e-06
14	8	7.96469e-06
14	9	9.97972e-06
14	10	1.06801e-05
14	11	8.34008e-06
14	12	8.17306e-06
14	13	5.6514e-15
14	14	7.42963e-06
14	15	7.51934e-06
14	16	1.07604e-14
14	17	7.65251e-06
14	18	7.35531e-06
14	19	8.18706e-06
14	20	7.38473e-06
14	21	7.91377e-06
14	22	1.26499e-14
14	23	7.67383e-06
14	24	7.36798e-06
14	25	9.63204e-06
14	26	8.46009e-06
14	27	1.13655e-14
14	28	8.34251e-06
14	29	7.27533e-06
14	30	7.28863e-06
14	31	7.96196e-06
14	32	7.96616e-06
14	33	7.35705e-06
14	34	1.47037e-05
14	35	7.39588e-06
14	36	7.50222e-06
14	37	9.32209e-06
14	38	8.42477e-06
14	39	7.84894e-06
14	40	8.1384e-06
14	41	0.129098
14	42	5.02685e-15
14	43	1.20112e-14
14	44	4.36912e-15
14	45	7.26061e-06
14	46	7.51681e-06
14	47	1.23859e-05
14	48	8.98106e-06
14	49	7.24713e-06
14	50	7.55723e-06
14	51	7.44126e-06
14	52	7.50566e-06
14	53	7.50406e-06
14	54	8.40122e-06
14	55	1.01421e-05
14	56	1.21445e-05
14	57	7.49794e-06
14	58	9.40817e-06
14	59	2.34552e-15
14	60	7.35315e-06
14	61	8.06444e-06
14	62	9.58621e-06
14	63	7.47056e-06
14	64	6.18341e-16
14	65	8.38411e-06
14	66	7.28425e-06
14	67	8.64937e-15
14	68	1.2542e-05
14	69	7.4913e-06
15	0	1.26144e-14
15	1	1.56087e-14
15	2	9.04009e-06
15	3	6.23971e-06
15	4	6.48784e-06
15	5	5.23887e-05
15	6	6.9045e-06
15	7	6.34876e-06
15	8	6.95171e-06
15	9	8.96674e-06
15	10	9.6671e-06
15	11	7.32709e-06
15	12	7.16007e-06
15	13	6.27055e-17
15	14	6.41665e-06
15	15	6.50636e-06
15	16	8.94857e-16
15	17	6.63952e-06
15	18	6.34233e-06
15	19	7.17408e-06
15	20	6.37174e-06
15	21	6.90078e-06
15	22	6.26231e-06
15	23	6.66084e-06
15	24	8.69336e-15
15	25	8.61905e-06
15	26	7.44711e-06
15	27	6.27542e-06
15	28	7.32952e-06
15	29	1.17951e-14
15	30	6.27564e-06
15	31	6.94897e-06
15	32	6.95317e-06
15	33	6.34406e-06
15	34	1.36907e-05
15	35	7.41488e-15
15	36	6.48924e-06
15	37	8.3091e-06
15	38	7.41178e-06
15	39	6.83596e-06
15	40	7.12542e-06
15	41	0.129097
15	42	6.25096e-06
15	43	5.79622e-15
15	44	6.24852e-06
15	45	6.24762e-06
15	46	6.50382e-06
15	47	1.13729e-05
15	48	7.96807e-06
15	49	6.23415e-06
15	50	6.54424e-06
15	51	6.42827e-06
15	52	6.49267e-06
15	53	6.49107e-06
15	54	7.38823e-06
15	55	9.12916e-06
15	56	1.11315e-05
15	57	6.48496e-06
15	58	8.39518e-06
15	59	8.46236e-15
15	60	6.34016e-06
15	61	1.13454e-14
15	62	8.57322e-06
15	63	6.45758e-06
15	64	9.68898e-15
15	65	7.37112e-06
15	66	1.57943e-14
15	67	1.45224e-14
15	68	1.1529e-05
15	69	6.47831e-06
16	0	6.07226e-16
16	1	2.24188e-08
16	2	8.20207e-15
16	3	2.85229e-08
16	4	7.3584e-15
16	5	4.61775e-05
16	6	6.9332e-07
16	7	1.37575e-07
16	8	7.40525e-07
16	9	2.75555e-06
16	10	3.45592e-06
16	11	1.11591e-06
16	12	9.48885e-07
16	13	1.02189e-14
16	14	1.30534e-14
16	15	9.84826e-15
16	16	6.70311e-15
16	17	4.28341e-07
16	18	1.31144e-07
16	19	9.62894e-07
16	20	1.33602e-14
16	21	6.89601e-07
16	22	5.11226e-08
16	23	4.49658e-07
16	24	9.63889e-15
16	25	5.70679e-15
16	26	1.23592e-06
16	27	1.40166e-14
16	28	9.6564e-15
16	29	3.60417e-15
16	30	6.44583e-08
16	31	7.37785e-07
16	32	7.41991e-07
16	33	1.2529e-14
16	34	7.47952e-06
16	35	1.49536e-14
16	36	4.66158e-15
16	37	2.09792e-06
16	38	1.2006e-06
16	39	6.24775e-07
16	40	9.34941e-15
16	41	1.16431e-14
16	42	2.26789e-16
16	43	1.07336e-14
16	44	4.82819e-15
16	45	2.18603e-15
16	46	2.92641e-07
16	47	5.16171e-06
16	48	1.75689e-06
16	49	1.41773e-14
16	50	3.33061e-07
16	51	2.17091e-07
16	52	1.15842e-14
16	53	9.35025e-15
16	54	1.17705e-06
16	55	2.91798e-06
16	56	1.19949e-14
16	57	2.73775e-07
16	58	2.184e-06
16	59	3.3206e-08
16	60	4.27357e-15
16	61	1.24044e-14
16	62	8.05535e-15
16	63	1.26501e-14
16	64	1.00527e-14
16	65	1.15994e-06
16	66	1.45132e-14
16	67	1.3898e-15
16	68	1.56698e-14
16	69	2.6713e-07
17	0	4.7535e-06
17	1	6.22223e-15
17	2	7.55295e-06
17	3	4.75257e-06
17	4	5.0007e-06
17	5	5.09015e-05
17	6	5.41736e-06
17	7	4.86162e-06
17	8	5.46457e-06
17	9	7.4796e-06
17	10	8.17996e-06
17	11	5.83995e-06
17	12	5.67293e-06
17	13	4.74654e-06
17	14	4.92951e-06
17	15	5.01922e-06
17	16	5.25007e-15
17	17	5.15239e-06
17	18	4.85519e-06
17	19	5.68694e-06
17	20	4.8846e-06
17	21	5.41365e-06
17	22	4.77517e-06
17	23	5.1737e-06
17	24	4.86786e-06
17	25	7.13191e-06
17	26	5.95997e-06
17	27	4.78829e-06
17	28	5.84238e-06
17	29	4.7752e-06
17	30	4.7885e-06
17	31	5.46183e-06
17	32	5.46603e-06
17	33	4.85692e-06
17	34	1.22036e-05
17	35	4.89576e-06
17	36	5.0021e-06
17	37	6.82196e-06
17	38	5.92464e-06
17	39	5.34882e-06
17	40	5.63828e-06
17	41	0.129096
17	42	5.68951e-15
17	43	4.8546e-06
17	44	4.76138e-06
17	45	4.88421e-15
17	46	5.01669e-06
17	47	9.88575e-06
17	48	6.48093e-06
17	49	9.88581e-15
17	50	5.0571e-06
17	51	4.94114e-06
17	52	5.00553e-06
17	53	5.00393e-06
17	54	5.90109e-06
17	55	7.64202e-06
17	56	9.64438e-06
17	57	4.99782e-06
17	58	6.90804e-06
17	59	4.75725e-06
17	60	4.85302e-06
17	61	4.64798e-15
17	62	7.08608e-06
17	63	4.97044e-06
17	64	1.15574e-14
17	65	5.88398e-06
17	66	4.78412e-06
17	67	1.59085e-14
17	68	1.00419e-05
17	69	4.99117e-06
18	0	1.14941e-14
18	1	1.73462e-15
18	2	6.77787e-06
18	3	6.5598e-15
18	4	4.22562e-06
18	5	5.01264e-05
18	6	4.64229e-06
18	7	4.08654e-06
18	8	4.68949e-06
18	9	6.70452e-06
18	10	7.40489e-06
18	11	5.06487e-06
18	12	4.89785e-06
18	13	3.97146e-06
18	14	4.15443e-06
18	15	4.24414e-06
18	16	1.40444e-15
18	17	4.37731e-06
18	18	4.08011e-06
18	19	4.91186e-06
18	20	4.10952e-06
18	21	4.63857e-06
18	22	4.00009e-06
18	23	4.39862e-06
18	24	4.09278e-06
18	25	6.35684e-06
18	26	5.18489e-06
18	27	4.01321e-06
18	28	5.06731e-06
18	29	4.00012e-06
18	30	4.01342e-06
18	31	4.68675e-06
18	32	4.69096e-06
18	33	4.08184e-06
18	34	1.14285e-05
18	35	4.12068e-06
18	36	4.22702e-06
18	37	6.04689e-06
18	38	5.14956e-06
18	39	4.57374e-06
18	40	4.8632e-06
18	41	0.129095
18	42	3.41162e-15
18	43	4.07952e-06
18	44	1.17187e-14
18	45	1.50144e-14
18	46	4.24161e-06
18	47	9.11068e-06
18	48	5.70585e-06
18	49	3.97193e-06
18	50	4.28203e-06
18	51	4.16606e-06
18	52	4.23045e-06
18	53	4.22885e-06
18	54	5.12601e-06
18	55	6.86694e-06
18	56	8.8693e-06
18	57	4.22274e-06
18	58	6.13296e-06
18	59	1.00932e-14
18	60	4.07794e-06
18	61	4.78924e-06
18	62	6.311e-06
18	63	4.19536e-06
18	64	1.65628e-14
18	65	5.1089e-06
18	66	4.00904e-06
18	67	1.19519e-14
18	68	9.2668e-06
18	69	4.2161e-06
19	0	8.58172e-15
19	1	2.42288e-15
19	2	1.08676e-05
19	3	8.06726e-06
19	4	8.31539e-06
19	5	5.42162e-05
19	6	8.73205e-06
19	7	8.17631e-06
19	8	8.77926e-06
19	9	1.07943e-05
19	10	1.14947e-05
19	11	9.15464e-06
19	12	8.98762e-06
19	13	1.87577e-15
19	14	8.2442e-06
19	15	8.33391e-06
19	16	1.43705e-14
19	17	8.46707e-06
19	18	8.16988e-06
19	19	9.00163e-06
19	20	8.19929e-06
19	21	8.72833e-06
19	22	8.08986e-06
19	23	8.48839e-06
19	24	8.18255e-06
19	25	1.04466e-05
19	26	9.27465e-06
19	27	8.10297e-06
19	28	9.15707e-06
19	29	8.08989e-06
19	30	8.10319e-06
19	31	8.77652e-06
19	32	8.78072e-06
19	33	8.17161e-06
19	34	1.55183e-05
19	35	8.21045e-06
19	36	8.31678e-06
19	37	1.01367e-05
19	38	9.23933e-06
19	39	8.66351e-06
19	40	8.95297e-06
19	41	0.129099
19	42	8.34021e-16
19	43	1.31879e-14
19	44	1.66486e-14
19	45	1.67491e-15
19	46	8.33137e-06
19	47	1.32004e-05
19	48	9.79562e-06
19	49	1.49057e-14
19	50	8.37179e-06
19	51	8.25582e-06
19	52	8.32022e-06
19	53	8.31862e-06
19	54	9.21578e-06
19	55	1.09567e-05
19	56	1.29591e-05
19	57	8.31251e-06
19	58	1.02227e-05
19	59	8.07194e-06
19	60	8.16771e-06
19	61	8.87901e-06
19	62	1.04008e-05
19	63	8.28513e-06
19	64	1.22051e-14
19	65	9.19867e-06
19	66	8.09881e-06
19	67	3.31351e-15
19	68	1.33566e-05
19	69	8.30586e-06
20	0	1.43973e-14
20	1	1.52013e-14
20	2	8.31124e-06
20	3	7.36635e-15
20	4	5.75899e-06
20	5	5.16598e-05
20	6	6.17566e-06
20	7	5.61991e-06
20	8	6.22286e-06
20	9	8.23789e-06
20	10	8.93826e-06
20	11	6.59825e-06
20	12	6.43122e-06
20	13	6.20257e-15
20	14	5.6878e-06
20	15	5.77751e-06
20	16	6.36079e-15
20	17	5.91068e-06
20	18	5.61348e-06
20	19	6.44523e-06
20	20	5.6429e-06
20	21	6.17194e-06
20	22	1.02138e-14
20	23	5.932e-06
20	24	5.90107e-15
20	25	7.89021e-06
20	26	6.71826e-06
20	27	5.54658e-06
20	28	6.60068e-06
20	29	1.37456e-14
20	30	5.5468e-06
20	31	6.22012e-06
20	32	6.22433e-06
20	33	5.61522e-06
20	34	1.29619e-05
20	35	5.65405e-06
20	36	5.76039e-06
20	37	7.58026e-06
20	38	6.68294e-06
20	39	6.10711e-06
20	40	6.39657e-06
20	41	0.129096
20	42	4.69536e-15
20	43	5.61289e-06
20	44	1.56899e-14
20	45	5.51878e-06
20	46	5.77498e-06
20	47	1.0644e-05
20	48	7.23923e-06
20	49	1.30689e-14
20	50	5.8154e-06
20	51	5.69943e-06
20	52	5.76382e-06
20	53	5.76223e-06
20	54	6.65939e-06
20	55	8.40031e-06
20	56	1.04027e-05
20	57	5.75611e-06
20	58	7.66634e-06
20	59	5.51555e-06
20	60	5.61132e-06
20	61	1.10795e-14
20	62	7.84438e-06
20	63	5.72873e-06
20	64	1.11006e-14
20	65	6.64228e-06
20	66	1.67516e-14
20	67	6.71825e-15
20	68	1.08002e-05
20	69	5.74947e-06
21	0	9.98818e-06
21	1	8.44454e-15
21	2	1.27876e-05
21	3	9.98725e-06
21	4	1.02354e-05
21	5	5.61362e-05
21	6	1.0652e-05
21	7	1.00963e-05
21	8	1.06992e-05
21	9	1.27143e-05
21	10	1.34146e-05
21	11	1.10746e-05
21	12	1.09076e-05
21	13	6.49944e-15
21	14	1.01642e-05
21	15	1.02539e-05
21	16	4.08191e-15
21	17	1.03871e-05
21	18	1.00899e-05
21	19	1.09216e-05
21	20	1.01193e-05
21	21	1.06483e-05
21	22	1.12238e-15
21	23	1.04084e-05
21	24	1.01025e-05
21	25	1.23666e-05
21	26	1.11946e-05
21	27	1.0023e-05
21	28	1.10771e-05
21	29	1.00099e-05
21	30	1.00232e-05
21	31	1.06965e-05
21	32	1.07007e-05
21	33	1.00916e-05
21	34	1.74382e-05
21	35	1.01304e-05
21	36	1.02368e-05
21	37	1.20566e-05
21	38	1.11593e-05
21	39	1.05835e-05
21	40	1.0873e-05
21	41	0.129101
21	42	9.9985e-06
21	43	1.00893e-05
21	44	7.17552e-15
21	45	8.36465e-15
21	46	1.02514e-05
21	47	1.51204e-05
21	48	1.17156e-05
21	49	1.6857e-14
21	50	1.02918e-05
21	51	1.01758e-05
21	52	1.02402e-05
21	53	1.02386e-05
21	54	1.11358e-05
21	55	1.28767e-05
21	56	1.48791e-05
21	57	1.02325e-05
21	58	1.21427e-05
21	59	9.99193e-06
21	60	1.00877e-05
21	61	1.0799e-05
21	62	1.23208e-05
21	63	1.02051e-05
21	64	2.11378e-15
21	65	1.11187e-05
21	66	1.00188e-05
21	67	1.66522e-15
21	68	1.52766e-05
21	69	1.02259e-05
22	0	5.76632e-15
22	1	1.94874e-15
22	2	6.81053e-06
22	3	4.01015e-06
22	4	4.25828e-06
22	5	5.01591e-05
22	6	4.67494e-06
22	7	4.1192e-06
22	8	4.72215e-06
22	9	6.73718e-06
22	10	7.43754e-06
22	11	5.09753e-06
22	12	4.93051e-06
22	13	9.00845e-15
22	14	4.18709e-06
22	15	4.2768e-06
22	16	1.22448e-15
22	17	4.40996e-06
22	18	4.11277e-06
22	19	4.94452e-06
22	20	4.14218e-06
22	21	4.67122e-06
22	22	4.03275e-06
22	23	4.43128e-06
22	24	4.12544e-06
22	25	6.38949e-06
22	26	5.21754e-06
22	27	1.11854e-14
22	28	5.09996e-06
22	29	1.0499e-14
22	30	4.04608e-06
22	31	4.71941e-06
22	32	4.72361e-06
22	33	1.58194e-14
22	34	1.14611e-05
22	35	4.21352e-15
22	36	4.25967e-06
22	37	6.07954e-06
22	38	5.18222e-06
22	39	4.6064e-06
22	40	4.89586e-06
22	41	0.129095
22	42	1.40456e-14
22	43	9.36937e-15
22	44	9.17e-15
22	45	7.04936e-15
22	46	4.27426e-06
22	47	9.14333e-06
22	48	5.73851e-06
22	49	4.00459e-06
22	50	4.31468e-06
22	51	4.19871e-06
22	52	4.26311e-06
22	53	8.40366e-15
22	54	5.15867e-06
22	55	6.8996e-06
22	56	1.39287e-14
22	57	4.2554e-06
22	58	6.16562e-06
22	59	4.01483e-06
22	60	4.1106e-06
22	61	1.38977e-14
22	62	6.34366e-06
22	63	4.22802e-06
22	64	1.12156e-14
22	65	5.14156e-06
22	66	9.80748e-15
22	67	1.63602e-15
22	68	9.29946e-06
22	69	4.24875e-06
23	0	1.03746e-14
23	1	8.93584e-15
23	2	7.70415e-06
23	3	5.56088e-15
23	4	5.1519e-06
23	5	5.10527e-05
23	6	5.56857e-06
23	7	5.01282e-06
23	8	5.61577e-06
23	9	7.6308e-06
23	10	8.33117e-06
23	11	5.99115e-06
23	12	5.82413e-06
23	13	8.33092e-15
23	14	5.08071e-06
23	15	5.17042e-06
23	16	1.58212e-15
23	17	5.30359e-06
23	18	5.00639e-06
23	19	5.83814e-06
23	20	5.0358e-06
23	21	5.56485e-06
23	22	3.14419e-15
23	23	5.32491e-06
23	24	5.01906e-06
23	25	7.28312e-06
23	26	6.11117e-06
23	27	4.93949e-06
23	28	5.99359e-06
23	29	4.9264e-06
23	30	4.93971e-06
23	31	5.61303e-06
23	32	5.61724e-06
23	33	5.00812e-06
23	34	1.23548e-05
23	35	5.04696e-06
23	36	5.1533e-06
23	37	6.97317e-06
23	38	6.07584e-06
23	39	5.50002e-06
23	40	5.78948e-06
23	41	0.129096
23	42	1.91178e-15
23	43	5.0058e-06
23	44	6.28164e-16
23	45	3.68935e-15
23	46	5.16789e-06
23	47	1.0037e-05
23	48	6.63213e-06
23	49	6.73248e-15
23	50	5.20831e-06
23	51	5.09234e-06
23	52	5.15673e-06
23	53	5.15513e-06
23	54	6.05229e-06
23	55	7.79322e-06
23	56	9.79558e-06
23	57	5.14902e-06
23	58	7.05925e-06
23	59	1.14461e-14
23	60	5.00422e-06
23	61	5.71552e-06
23	62	7.23728e-06
23	63	5.12164e-06
23	64	2.89387e-15
23	65	6.03518e-06
23	66	1.00344e-15
23	67	1.44489e-14
23	68	1.01931e-05
23	69	5.14238e-06
24	0	1.35693e-14
24	1	2.28166e-16
24	2	1.24206e-14
24	3	1.10199e-05
24	4	1.1268e-05
24	5	5.71689e-05
24	6	1.16847e-05
24	7	1.1129e-05
24	8	1.17319e-05
24	9	1.37469e-05
24	10	1.44473e-05
24	11	1.21073e-05
24	12	1.19403e-05
24	13	2.59237e-15
24	14	1.75631e-15
24	15	1.12866e-05
24	16	2.2139e-16
24	17	1.14197e-05
24	18	1.11225e-05
24	19	1.19543e-05
24	20	1.1152e-05
24	21	1.1681e-05
24	22	1.10425e-05
24	23	1.14411e-05
24	24	1.11352e-05
24	25	1.33993e-05
24	26	1.22273e-05
24	27	8.61127e-15
24	28	1.21097e-05
24	29	1.10425e-05
24	30	1.10559e-05
24	31	1.17292e-05
24	32	1.17334e-05
24	33	1.68502e-15
24	34	1.84709e-05
24	35	1.11631e-05
24	36	1.12694e-05
24	37	1.30893e-05
24	38	1.2192e-05
24	39	1.16162e-05
24	40	1.19056e-05
24	41	0.129102
24	42	1.55438e-14
24	43	2.32158e-15
24	44	1.68416e-14
24	45	3.36496e-15
24	46	1.1284e-05
24	47	1.61531e-05
24	48	1.27483e-05
24	49	1.54449e-14
24	50	1.13245e-05
24	51	1.12085e-05
24	52	1.12729e-05
24	53	1.12713e-05
24	54	1.21684e-05
24	55	1.39094e-05
24	56	1.59117e-05
24	57	1.12652e-05
24	58	1.31754e-05
24	59	6.56026e-15
24	60	1.11204e-05
24	61	1.64032e-14
24	62	1.33534e-05
24	63	1.12378e-05
24	64	7.29747e-16
24	65	1.21513e-05
24	66	1.10515e-05
24	67	6.14481e-15
24	68	1.63092e-05
24	69	1.12585e-05
25	0	1.01344e-14
25	1	1.13678e-14
25	2	1.09845e-05
25	3	1.02337e-14
25	4	8.43228e-06
25	5	5.43331e-05
25	6	8.84895e-06
25	7	8.2932e-06
25	8	8.89615e-06
25	9	1.09112e-05
25	10	1.16115e-05
25	11	9.27154e-06
25	12	9.10451e-06
25	13	1.24478e-14
25	14	8.36109e-06
25	15	8.4508e-06
25	16	9.47848e-15
25	17	8.58397e-06
25	18	8.28677e-06
25	19	9.11852e-06
25	20	8.31619e-06
25	21	8.84523e-06
25	22	1.15669e-14
25	23	8.60529e-06
25	24	8.29944e-06
25	25	1.05635e-05
25	26	9.39155e-06
25	27	8.21987e-06
25	28	9.27397e-06
25	29	8.20678e-06
25	30	8.22009e-06
25	31	8.89341e-06
25	32	8.89762e-06
25	33	8.28851e-06
25	34	1.56351e-05
25	35	8.32734e-06
25	36	8.43368e-06
25	37	1.02535e-05
25	38	9.35623e-06
25	39	8.7804e-06
25	40	9.06986e-06
25	41	0.129099
25	42	1.38065e-14
25	43	2.10759e-15
25	44	6.05637e-15
25	45	5.67008e-15
25	46	8.44827e-06
25	47	1.33173e-05
25	48	9.91252e-06
25	49	7.45227e-15
25	50	8.48869e-06
25	51	8.37272e-06
25	52	8.43711e-06
25	53	8.43552e-06
25	54	9.33268e-06
25	55	1.10736e-05
25	56	1.3076e-05
25	57	8.4294e-06
25	58	1.03396e-05
25	59	8.05613e-15
25	60	8.28461e-06
25	61	8.9959e-06
25	62	1.05177e-05
25	63	8.40202e-06
25	64	1.32527e-14
25	65	9.31557e-06
25	66	8.21571e-06
25	67	6.221e-15
25	68	1.34735e-05
25	69	8.42276e-06
26	0	9.16283e-06
26	1	2.16153e-16
26	2	1.19623e-05
26	3	1.13341e-14
26	4	9.41002e-06
26	5	5.53108e-05
26	6	9.82669e-06
26	7	9.27095e-06
26	8	9.8739e-06
26	9	1.18889e-05
26	10	1.25893e-05
26	11	1.02493e-05
26	12	1.00823e-05
26	13	9.15586e-06
26	14	9.33884e-06
26	15	9.42854e-06
26	16	4.97574e-15
26	17	9.56171e-06
26	18	9.26451e-06
26	19	1.00963e-05
26	20	9.29393e-06
26	21	9.82297e-06
26	22	9.18449e-06
26	23	9.58303e-06
26	24	1.66377e-14
26	25	1.15412e-05
26	26	1.03693e-05
26	27	1.15388e-14
26	28	1.02517e-05
26	29	9.18453e-06
26	30	9.19783e-06
26	31	9.87116e-06
26	32	9.87536e-06
26	33	9.26625e-06
26	34	1.66129e-05
26	35	9.30508e-06
26	36	9.41142e-06
26	37	1.12313e-05
26	38	1.0334e-05
26	39	9.75815e-06
26	40	1.00476e-05
26	41	0.1291
26	42	1.09676e-14
26	43	9.26392e-06
26	44	4.05043e-16
26	45	8.46013e-15
26	46	9.42601e-06
26	47	1.42951e-05
26	48	1.08903e-05
26	49	3.25723e-15
26	50	9.46643e-06
26	51	9.35046e-06
26	52	9.41486e-06
26	53	9.41326e-06
26	54	1.03104e-05
26	55	1.20513e-05
26	56	1.40537e-05
26	57	9.40715e-06
26	58	1.13174e-05
26	59	2.81302e-15
26	60	9.26235e-06
26	61	9.97364e-06
26	62	1.14954e-05
26	63	9.37977e-06
26	64	3.13589e-15
26	65	1.02933e-05
26	66	9.19345e-06
26	67	1.64881e-14
26	68	1.44512e-05
26	69	9.4005e-06
27	0	4.2439e-15
27	1	1.25097e-14
27	2	1.33985e-14
27	3	6.10406e-08
27	4	5.80698e-15
27	5	4.621e-05
27	6	7.25838e-07
27	7	1.70093e-07
27	8	7.73042e-07
27	9	2.78807e-06
27	10	3.48844e-06
27	11	3.34137e-15
27	12	9.81403e-07
27	13	1.44199e-14
27	14	2.37983e-07
27	15	3.27692e-07
27	16	9.58171e-15
27	17	4.60859e-07
27	18	1.63661e-07
27	19	1.54998e-14
27	20	7.28825e-15
27	21	7.22119e-07
27	22	1.03093e-14
27	23	4.82176e-07
27	24	1.62212e-14
27	25	2.44039e-06
27	26	1.26844e-06
27	27	9.51798e-15
27	28	2.69942e-15
27	29	7.75636e-15
27	30	5.98227e-15
27	31	7.70303e-07
27	32	1.52052e-14
27	33	1.65394e-07
27	34	4.52232e-15
27	35	1.42976e-15
27	36	3.10569e-07
27	37	2.13044e-06
27	38	1.23311e-06
27	39	6.57293e-07
27	40	1.29131e-15
27	41	1.34542e-14
27	42	4.74769e-15
27	43	2.1726e-15
27	44	1.59728e-14
27	45	8.71106e-15
27	46	3.25159e-07
27	47	5.19423e-06
27	48	1.7894e-06
27	49	1.51001e-15
27	50	3.65578e-07
27	51	2.49609e-07
27	52	3.14003e-07
27	53	1.52806e-14
27	54	1.20956e-06
27	55	2.95049e-06
27	56	1.14495e-14
27	57	3.06292e-07
27	58	2.21652e-06
27	59	1.19678e-14
27	60	9.69848e-15
27	61	7.49042e-15
27	62	2.39456e-06
27	63	6.87795e-15
27	64	1.34592e-14
27	65	1.19245e-06
27	66	2.94917e-15
27	67	1.07575e-14
27	68	1.84163e-15
27	69	2.99648e-07
28	0	5.0412e-15
28	1	7.62079e-15
28	2	3.41016e-05
28	3	8.95297e-15
28	4	3.15493e-05
28	5	7.74501e-05
28	6	3.1966e-05
28	7	1.09022e-14
28	8	3.20132e-05
28	9	3.40282e-05
28	10	3.47286e-05
28	11	3.23886e-05
28	12	3.22215e-05
28	13	4.15654e-16
28	14	1.61893e-14
28	15	4.89628e-15
28	16	7.7761e-15
28	17	3.1701e-05
28	18	3.14038e-05
28	19	3.22355e-05
28	20	6.00699e-15
28	21	1.18267e-14
28	22	7.17625e-15
28	23	3.17223e-05
28	24	1.61633e-14
28	25	3.36805e-05
28	26	3.25086e-05
28	27	1.11401e-14
28	28	3.2391e-05
28	29	9.76424e-15
28	30	3.13371e-05
28	31	3.20104e-05
28	32	3.20146e-05
28	33	1.16681e-14
28	34	3.87522e-05
28	35	6.51074e-15
28	36	2.51353e-15
28	37	3.33706e-05
28	38	3.24732e-05
28	39	3.18974e-05
28	40	8.69174e-15
28	41	0.129122
28	42	7.59917e-15
28	43	9.15322e-15
28	44	4.25512e-15
28	45	6.66814e-15
28	46	3.15653e-05
28	47	3.64344e-05
28	48	4.13635e-15
28	49	6.69172e-15
28	50	3.16057e-05
28	51	3.14897e-05
28	52	5.4153e-16
28	53	2.21429e-15
28	54	3.24497e-05
28	55	3.41906e-05
28	56	1.04072e-14
28	57	1.39227e-15
28	58	3.34567e-05
28	59	1.14403e-14
28	60	5.82353e-15
28	61	1.64916e-14
28	62	3.36347e-05
28	63	1.03337e-14
28	64	1.46501e-14
28	65	3.24326e-05
28	66	2.2684e-15
28	67	2.55902e-15
28	68	3.65905e-05
28	69	3.15398e-05
29	0	2.09542e-06
29	1	3.66187e-16
29	2	4.89487e-06
29	3	2.09449e-06
29	4	2.34262e-06
29	5	4.82434e-05
29	6	2.75928e-06
29	7	2.20354e-06
29	8	2.80649e-06
29	9	4.82152e-06
29	10	5.52188e-06
29	11	3.18187e-06
29	12	3.01485e-06
29	13	8.71275e-15
29	14	2.27143e-06
29	15	2.36114e-06
29	16	1.24449e-15
29	17	2.4943e-06
29	18	2.19711e-06
29	19	3.02886e-06
29	20	2.22652e-06
29	21	2.75556e-06
29	22	8.43209e-15
29	23	2.51562e-06
29	24	2.20978e-06
29	25	4.47383e-06
29	26	3.30188e-06
29	27	5.66123e-15
29	28	3.1843e-06
29	29	2.11712e-06
29	30	2.13042e-06
29	31	2.80375e-06
29	32	2.80795e-06
29	33	2.19884e-06
29	34	9.54548e-06
29	35	2.23768e-06
29	36	2.34401e-06
29	37	4.16388e-06
29	38	3.26656e-06
29	39	2.69074e-06
29	40	2.9802e-06
29	41	0.129093
29	42	7.77355e-17
29	43	1.27281e-14
29	44	2.8553e-15
29	45	1.05956e-14
29	46	2.3586e-06
29	47	7.22767e-06
29	48	3.82285e-06
29	49	7.87773e-15
29	50	2.39902e-06
29	51	2.28305e-06
29	52	2.34745e-06
29	53	2.34585e-06
29	54	3.24301e-06
29	55	4.98394e-06
29	56	6.9863e-06
29	57	2.33974e-06
29	58	4.24996e-06
29	59	3.98475e-15
29	60	2.19494e-06
29	61	1.06771e-14
29	62	4.428e-06
29	63	2.31236e-06
29	64	6.32009e-15
29	65	3.2259e-06
29	66	2.12604e-06
29	67	3.29467e-16
29	68	7.3838e-06
29	69	2.33309e-06
30	0	1.6972e-15
30	1	8.99745e-15
30	2	7.83496e-06
30	3	5.03458e-06
30	4	5.28271e-06
30	5	5.11835e-05
30	6	5.69938e-06
30	7	5.14363e-06
30	8	5.74658e-06
30	9	7.76161e-06
30	10	8.46198e-06
30	11	6.12197e-06
30	12	5.95494e-06
30	13	1.51584e-14
30	14	5.21152e-06
30	15	5.30123e-06
30	16	1.43427e-14
30	17	5.4344e-06
30	18	5.1372e-06
30	19	5.96895e-06
30	20	1.60644e-14
30	21	5.69566e-06
30	22	5.05718e-06
30	23	5.45572e-06
30	24	1.11305e-14
30	25	7.41393e-06
30	26	6.24198e-06
30	27	5.0703e-06
30	28	6.1244e-06
30	29	5.05722e-06
30	30	5.07052e-06
30	31	5.74384e-06
30	32	5.74805e-06
30	33	5.13894e-06
30	34	1.24856e-05
30	35	6.0678e-15
30	36	5.28411e-06
30	37	7.10398e-06
30	38	6.20666e-06
30	39	5.63083e-06
30	40	5.92029e-06
30	41	0.129096
30	42	8.5996e-15
30	43	5.13661e-06
30	44	5.0434e-06
30	45	1.33919e-14
30	46	5.2987e-06
30	47	1.01678e-05
30	48	6.76295e-06
30	49	3.92814e-15
30	50	5.33912e-06
30	51	5.22315e-06
30	52	5.28755e-06
30	53	5.28595e-06
30	54	6.18311e-06
30	55	7.92403e-06
30	56	9.9264e-06
30	57	5.27983e-06
30	58	7.19006e-06
30	59	5.03927e-06
30	60	5.13504e-06
30	61	3.10845e-15
30	62	7.3681e-06
30	63	5.25245e-06
30	64	1.23047e-14
30	65	6.166e-06
30	66	5.06614e-06
30	67	1.15397e-14
30	68	1.03239e-05
30	69	5.27319e-06
31	0	1.55687e-14
31	1	1.44783e-14
31	2	1.01992e-05
31	3	7.39878e-06
31	4	7.64692e-06
31	5	5.35477e-05
31	6	8.06358e-06
31	7	7.50784e-06
31	8	8.11079e-06
31	9	1.01258e-05
31	10	1.08262e-05
31	11	8.48617e-06
31	12	8.31915e-06
31	13	1.62414e-14
31	14	7.57573e-06
31	15	7.66544e-06
31	16	9.4303e-15
31	17	7.7986e-06
31	18	7.5014e-06
31	19	8.33315e-06
31	20	7.53082e-06
31	21	8.05986e-06
31	22	3.90313e-15
31	23	7.81992e-06
31	24	7.51407e-06
31	25	9.77813e-06
31	26	8.60618e-06
31	27	7.4345e-06
31	28	8.4886e-06
31	29	7.42142e-06
31	30	7.43472e-06
31	31	8.10805e-06
31	32	8.11225e-06
31	33	7.50314e-06
31	34	1.48498e-05
31	35	7.54197e-06
31	36	7.64831e-06
31	37	9.46818e-06
31	38	8.57086e-06
31	39	7.99504e-06
31	40	8.2845e-06
31	41	0.129098
31	42	9.45728e-15
31	43	7.50081e-06
31	44	1.04221e-14
31	45	1.07211e-14
31	46	7.6629e-06
31	47	1.2532e-05
31	48	9.12715e-06
31	49	7.45959e-15
31	50	7.70332e-06
31	51	7.58735e-06
31	52	7.65175e-06
31	53	7.65015e-06
31	54	8.54731e-06
31	55	1.02882e-05
31	56	1.22906e-05
31	57	7.64404e-06
31	58	9.55426e-06
31	59	7.40347e-06
31	60	7.49924e-06
31	61	8.21053e-06
31	62	9.7323e-06
31	63	7.61666e-06
31	64	1.41646e-14
31	65	8.5302e-06
31	66	7.43034e-06
31	67	5.49511e-15
31	68	1.26881e-05
31	69	7.63739e-06
32	0	5.44005e-16
32	1	9.97921e-15
32	2	2.27795e-05
32	3	6.51071e-15
32	4	2.02273e-05
32	5	6.61281e-05
32	6	2.06439e-05
32	7	2.00882e-05
32	8	2.06911e-05
32	9	2.27062e-05
32	10	2.34065e-05
32	11	2.10665e-05
32	12	2.08995e-05
32	13	1.46215e-15
32	14	2.01561e-05
32	15	2.02458e-05
32	16	1.66778e-14
32	17	2.0379e-05
32	18	2.00818e-05
32	19	2.09135e-05
32	20	2.01112e-05
32	21	2.06402e-05
32	22	7.26625e-15
32	23	2.04003e-05
32	24	2.00944e-05
32	25	2.23585e-05
32	26	2.11865e-05
32	27	2.00149e-05
32	28	2.1069e-05
32	29	1.02861e-14
32	30	2.00151e-05
32	31	2.06884e-05
32	32	2.06926e-05
32	33	2.00835e-05
32	34	2.74301e-05
32	35	2.01223e-05
32	36	2.02287e-05
32	37	2.20485e-05
32	38	2.11512e-05
32	39	2.05754e-05
32	40	2.08648e-05
32	41	0.129111
32	42	5.96718e-15
32	43	5.40194e-15
32	44	1.28822e-16
32	45	2.30242e-16
32	46	2.02433e-05
32	47	2.51123e-05
32	48	2.17075e-05
32	49	7.8475e-15
32	50	2.02837e-05
32	51	2.01677e-05
32	52	2.02321e-05
32	53	2.02305e-05
32	54	2.11277e-05
32	55	2.28686e-05
32	56	2.4871e-05
32	57	2.02244e-05
32	58	2.21346e-05
32	59	3.26833e-15
32	60	2.00796e-05
32	61	8.2246e-15
32	62	2.23127e-05
32	63	2.0197e-05
32	64	4.0485e-15
32	65	2.11106e-05
32	66	1.11311e-14
32	67	1.35458e-14
32	68	2.52685e-05
32	69	2.02177e-05
33	0	9.65717e-15
33	1	9.95302e-15
33	2	1.03967e-05
33	3	4.05575e-15
33	4	7.84447e-06
33	5	5.37453e-05
33	6	8.26114e-06
33	7	7.70539e-06
33	8	8.30834e-06
33	9	1.03234e-05
33	10	1.10237e-05
33	11	8.68372e-06
33	12	8.5167e-06
33	13	2.69178e-15
33	14	7.77328e-06
33	15	7.86299e-06
33	16	3.03204e-15
33	17	7.99616e-06
33	18	7.69896e-06
33	19	8.53071e-06
33	20	7.72837e-06
33	21	8.25742e-06
33	22	8.2282e-15
33	23	8.01747e-06
33	24	7.71163e-06
33	25	9.97569e-06
33	26	8.80374e-06
33	27	1.23767e-14
33	28	8.68615e-06
33	29	7.61897e-06
33	30	7.63227e-06
33	31	8.3056e-06
33	32	8.30981e-06
33	33	7.70069e-06
33	34	1.50473e-05
33	35	7.73953e-06
33	36	7.84587e-06
33	37	9.66573e-06
33	38	8.76841e-06
33	39	8.19259e-06
33	40	8.48205e-06
33	41	0.129098
33	42	3.30399e-15
33	43	1.27502e-14
33	44	2.24485e-15
33	45	1.28389e-14
33	46	7.86046e-06
33	47	1.27295e-05
33	48	9.3247e-06
33	49	2.65232e-15
33	50	7.90088e-06
33	51	7.78491e-06
33	52	7.8493e-06
33	53	7.8477e-06
33	54	8.74486e-06
33	55	1.04858e-05
33	56	1.24882e-05
33	57	7.84159e-06
33	58	9.75181e-06
33	59	3.40333e-15
33	60	7.69679e-06
33	61	8.40809e-06
33	62	9.92985e-06
33	63	7.81421e-06
33	64	9.63935e-15
33	65	8.72775e-06
33	66	7.62789e-06
33	67	1.45891e-14
33	68	1.28857e-05
33	69	7.83495e-06
34	0	7.75781e-06
34	1	1.0149e-14
34	2	1.05572e-05
34	3	2.9346e-15
34	4	8.005e-06
34	5	5.39058e-05
34	6	8.42167e-06
34	7	7.86592e-06
34	8	8.46887e-06
34	9	1.04839e-05
34	10	1.11843e-05
34	11	8.84425e-06
34	12	8.67723e-06
34	13	1.03356e-14
34	14	7.93381e-06
34	15	8.02352e-06
34	16	2.44575e-15
34	17	8.15669e-06
34	18	7.85949e-06
34	19	8.69124e-06
34	20	7.88891e-06
34	21	8.41795e-06
34	22	3.94768e-15
34	23	8.17801e-06
34	24	1.27449e-14
34	25	1.01362e-05
34	26	8.96427e-06
34	27	9.94414e-15
34	28	8.84669e-06
34	29	7.438e-15
34	30	7.79281e-06
34	31	8.46613e-06
34	32	8.47034e-06
34	33	2.75252e-16
34	34	1.52079e-05
34	35	6.79108e-15
34	36	7.28857e-15
34	37	9.82627e-06
34	38	8.92894e-06
34	39	8.35312e-06
34	40	8.64258e-06
34	41	0.129099
34	42	1.37487e-14
34	43	6.34544e-15
34	44	6.47722e-15
34	45	9.26383e-15
34	46	8.02099e-06
34	47	1.28901e-05
34	48	9.48523e-06
34	49	6.7315e-15
34	50	8.06141e-06
34	51	7.94544e-06
34	52	8.00983e-06
34	53	8.00823e-06
34	54	8.90539e-06
34	55	1.06463e-05
34	56	1.17445e-14
34	57	8.00212e-06
34	58	9.91235e-06
34	59	4.44393e-15
34	60	7.21126e-16
34	61	8.56862e-06
34	62	1.00904e-05
34	63	7.97474e-06
34	64	1.54404e-14
34	65	8.88828e-06
34	66	9.21081e-15
34	67	1.64687e-14
34	68	1.30462e-05
34	69	7.99548e-06
35	0	7.25896e-15
35	1	1.06819e-14
35	2	1.42272e-05
35	3	1.27423e-14
35	4	1.16749e-05
35	5	5.75758e-05
35	6	1.20916e-05
35	7	1.15359e-05
35	8	1.21388e-05
35	9	1.41538e-05
35	10	1.48542e-05
35	11	1.25142e-05
35	12	1.23472e-05
35	13	1.0974e-14
35	14	1.16038e-05
35	15	1.16935e-05
35	16	7.43966e-15
35	17	1.18266e-05
35	18	1.15294e-05
35	19	1.23612e-05
35	20	1.15588e-05
35	21	1.20879e-05
35	22	1.44563e-14
35	23	1.18479e-05
35	24	1.15421e-05
35	25	1.38062e-05
35	26	1.26342e-05
35	27	1.24643e-14
35	28	1.25166e-05
35	29	1.14494e-05
35	30	1.14627e-05
35	31	1.21361e-05
35	32	1.21403e-05
35	33	1.15312e-05
35	34	1.88778e-05
35	35	1.157e-05
35	36	1.16763e-05
35	37	1.34962e-05
35	38	1.25989e-05
35	39	1.20231e-05
35	40	1.23125e-05
35	41	0.129102
35	42	1.28431e-15
35	43	4.1921e-15
35	44	4.04544e-15
35	45	9.06821e-16
35	46	1.16909e-05
35	47	1.656e-05
35	48	1.31552e-05
35	49	7.99158e-15
35	50	1.17313e-05
35	51	1.16154e-05
35	52	1.16798e-05
35	53	1.16782e-05
35	54	1.25753e-05
35	55	1.43163e-05
35	56	1.63186e-05
35	57	1.16721e-05
35	58	1.35823e-05
35	59	7.42966e-15
35	60	1.15273e-05
35	61	8.53176e-15
35	62	1.37603e-05
35	63	1.16447e-05
35	64	3.76602e-15
35	65	1.25582e-05
35	66	1.14584e-05
35	67	1.678e-14
35	68	1.67161e-05
35	69	1.16654e-05
36	0	9.22095e-15
36	1	1.60753e-14
36	2	1.09001e-05
36	3	1.13822e-15
36	4	8.34781e-06
36	5	5.42486e-05
36	6	8.76447e-06
36	7	8.20873e-06
36	8	8.81168e-06
36	9	1.08267e-05
36	10	1.15271e-05
36	11	9.18706e-06
36	12	9.02004e-06
36	13	8.09365e-06
36	14	8.27662e-06
36	15	8.36633e-06
36	16	9.17949e-15
36	17	8.4995e-06
36	18	8.2023e-06
36	19	9.03405e-06
36	20	8.23171e-06
36	21	8.76076e-06
36	22	8.12228e-06
36	23	8.52081e-06
36	24	3.90381e-15
36	25	1.0479e-05
36	26	9.30708e-06
36	27	8.1354e-06
36	28	9.18949e-06
36	29	8.12231e-06
36	30	8.13561e-06
36	31	8.80894e-06
36	32	8.81315e-06
36	33	8.20403e-06
36	34	1.55507e-05
36	35	1.36527e-14
36	36	8.34921e-06
36	37	1.01691e-05
36	38	9.27175e-06
36	39	8.69593e-06
36	40	8.98539e-06
36	41	0.129099
36	42	8.11093e-06
36	43	6.5576e-15
36	44	7.05254e-15
36	45	4.51518e-15
36	46	8.3638e-06
36	47	1.32329e-05
36	48	9.82804e-06
36	49	5.39576e-15
36	50	8.40422e-06
36	51	8.28825e-06
36	52	8.35264e-06
36	53	8.35104e-06
36	54	9.2482e-06
36	55	1.09891e-05
36	56	1.29915e-05
36	57	8.34493e-06
36	58	1.02552e-05
36	59	8.10436e-06
36	60	8.20013e-06
36	61	1.35159e-14
36	62	1.04332e-05
36	63	8.31755e-06
36	64	6.25757e-15
36	65	9.23109e-06
36	66	8.13123e-06
36	67	1.06963e-14
36	68	1.3389e-05
36	69	8.33828e-06
37	0	1.17864e-05
37	1	1.12327e-14
37	2	1.45859e-05
37	3	1.17855e-05
37	4	1.20336e-05
37	5	5.79344e-05
37	6	1.24503e-05
37	7	1.18945e-05
37	8	1.24975e-05
37	9	1.45125e-05
37	10	1.52129e-05
37	11	1.28729e-05
37	12	1.27058e-05
37	13	4.63817e-15
37	14	1.19624e-05
37	15	1.20521e-05
37	16	1.06202e-14
37	17	1.21853e-05
37	18	1.18881e-05
37	19	1.27198e-05
37	20	1.19175e-05
37	21	1.24466e-05
37	22	1.18081e-05
37	23	1.22066e-05
37	24	1.19008e-05
37	25	1.41648e-05
37	26	1.29929e-05
37	27	1.18212e-05
37	28	1.28753e-05
37	29	1.18081e-05
37	30	1.18214e-05
37	31	1.24947e-05
37	32	1.24989e-05
37	33	1.18898e-05
37	34	1.92365e-05
37	35	1.19287e-05
37	36	1.2035e-05
37	37	1.38549e-05
37	38	1.29576e-05
37	39	1.23817e-05
37	40	1.26712e-05
37	41	0.129103
37	42	3.24887e-15
37	43	1.18875e-05
37	44	1.02503e-15
37	45	1.17934e-05
37	46	1.20496e-05
37	47	1.69187e-05
37	48	1.35138e-05
37	49	1.17799e-05
37	50	1.209e-05
37	51	1.1974e-05
37	52	1.20384e-05
37	53	1.20368e-05
37	54	1.2934e-05
37	55	1.46749e-05
37	56	1.66773e-05
37	57	1.20307e-05
37	58	1.3941e-05
37	59	1.17902e-05
37	60	1.18859e-05
37	61	1.25972e-05
37	62	1.4119e-05
37	63	1.20034e-05
37	64	2.28269e-15
37	65	1.29169e-05
37	66	1.1817e-05
37	67	7.43324e-15
37	68	1.70748e-05
37	69	1.20241e-05
38	0	3.41443e-15
38	1	1.68168e-14
38	2	1.28018e-05
38	3	1.00014e-05
38	4	1.02496e-05
38	5	5.61504e-05
38	6	1.06662e-05
38	7	1.01105e-05
38	8	1.07134e-05
38	9	1.27285e-05
38	10	1.34288e-05
38	11	1.10888e-05
38	12	1.09218e-05
38	13	9.99539e-06
38	14	1.01784e-05
38	15	1.02681e-05
38	16	7.79489e-15
38	17	1.04012e-05
38	18	1.0104e-05
38	19	1.09358e-05
38	20	1.01335e-05
38	21	1.06625e-05
38	22	1.0024e-05
38	23	1.04226e-05
38	24	1.01167e-05
38	25	1.23808e-05
38	26	1.12088e-05
38	27	1.00371e-05
38	28	1.10912e-05
38	29	1.00241e-05
38	30	1.00374e-05
38	31	1.07107e-05
38	32	1.07149e-05
38	33	1.01058e-05
38	34	1.74524e-05
38	35	1.01446e-05
38	36	1.0251e-05
38	37	1.20708e-05
38	38	1.11735e-05
38	39	1.05977e-05
38	40	1.08871e-05
38	41	0.129101
38	42	1.3206e-14
38	43	1.40885e-14
38	44	5.34061e-16
38	45	1.19926e-14
38	46	1.02655e-05
38	47	1.51346e-05
38	48	1.17298e-05
38	49	9.99587e-06
38	50	1.0306e-05
38	51	1.019e-05
38	52	1.02544e-05
38	53	1.02528e-05
38	54	1.11499e-05
38	55	1.28909e-05
38	56	1.48932e-05
38	57	1.02467e-05
38	58	1.21569e-05
38	59	1.00061e-05
38	60	1.01019e-05
38	61	1.08132e-05
38	62	1.23349e-05
38	63	1.02193e-05
38	64	7.76897e-15
38	65	1.11328e-05
38	66	1.0033e-05
38	67	1.05831e-14
38	68	1.52907e-05
38	69	1.024e-05
39	0	1.93021e-15
39	1	1.63997e-15
39	2	9.19016e-06
39	3	1.60367e-14
39	4	6.63792e-06
39	5	5.25387e-05
39	6	7.05458e-06
39	7	6.49884e-06
39	8	7.10179e-06
39	9	9.11682e-06
39	10	9.81718e-06
39	11	7.47717e-06
39	12	7.31015e-06
39	13	6.38375e-06
39	14	6.56673e-06
39	15	6.65644e-06
39	16	4.98496e-15
39	17	6.7896e-06
39	18	6.49241e-06
39	19	7.32416e-06
39	20	6.52182e-06
39	21	7.05086e-06
39	22	5.19745e-15
39	23	6.81092e-06
39	24	6.50508e-06
39	25	8.76913e-06
39	26	7.59718e-06
39	27	6.4255e-06
39	28	7.4796e-06
39	29	6.41242e-06
39	30	6.42572e-06
39	31	7.09905e-06
39	32	7.10325e-06
39	33	6.49414e-06
39	34	1.38408e-05
39	35	6.53297e-06
39	36	6.63931e-06
39	37	8.45918e-06
39	38	7.56186e-06
39	39	6.98604e-06
39	40	7.2755e-06
39	41	0.129097
39	42	1.6737e-14
39	43	6.49181e-06
39	44	1.25336e-14
39	45	1.46427e-14
39	46	6.6539e-06
39	47	1.1523e-05
39	48	8.11815e-06
39	49	7.76836e-15
39	50	6.69432e-06
39	51	6.57835e-06
39	52	6.64275e-06
39	53	6.64115e-06
39	54	7.53831e-06
39	55	9.27924e-06
39	56	1.12816e-05
39	57	6.63504e-06
39	58	8.54526e-06
39	59	6.39447e-06
39	60	6.49024e-06
39	61	7.20154e-06
39	62	8.7233e-06
39	63	6.60766e-06
39	64	7.15886e-15
39	65	7.5212e-06
39	66	6.42134e-06
39	67	1.68464e-14
39	68	1.16791e-05
39	69	6.62839e-06
40	0	1.32249e-14
40	1	3.88377e-15
40	2	1.49524e-05
40	3	1.18027e-14
40	4	1.24001e-05
40	5	5.8301e-05
40	6	1.28168e-05
40	7	1.22611e-05
40	8	1.2864e-05
40	9	1.4879e-05
40	10	1.55794e-05
40	11	1.32394e-05
40	12	1.30724e-05
40	13	1.2146e-05
40	14	1.2329e-05
40	15	1.32831e-14
40	16	4.41666e-15
40	17	1.25518e-05
40	18	1.22546e-05
40	19	1.30864e-05
40	20	1.2284e-05
40	21	1.28131e-05
40	22	1.44496e-14
40	23	1.25731e-05
40	24	1.59036e-14
40	25	1.45314e-05
40	26	1.33594e-05
40	27	1.55997e-14
40	28	1.32418e-05
40	29	9.03608e-15
40	30	1.21879e-05
40	31	1.28613e-05
40	32	1.28655e-05
40	33	1.22564e-05
40	34	1.9603e-05
40	35	5.14609e-16
40	36	1.24015e-05
40	37	1.42214e-05
40	38	1.33241e-05
40	39	1.27483e-05
40	40	1.30377e-05
40	41	0.129103
40	42	2.2084e-15
40	43	1.2254e-05
40	44	9.90726e-16
40	45	8.4987e-15
40	46	1.24161e-05
40	47	1.72852e-05
40	48	1.38804e-05
40	49	5.17389e-15
40	50	1.24565e-05
40	51	1.23406e-05
40	52	1.2405e-05
40	53	1.38231e-14
40	54	1.33005e-05
40	55	1.50415e-05
40	56	1.26884e-14
40	57	1.23973e-05
40	58	1.43075e-05
40	59	6.46862e-15
40	60	1.22525e-05
40	61	8.19751e-15
40	62	1.44855e-05
40	63	1.23699e-05
40	64	1.32718e-14
40	65	1.32834e-05
40	66	2.26161e-15
40	67	1.01787e-14
40	68	1.74413e-05
40	69	1.23906e-05
41	0	1.18446e-14
41	1	3.73849e-15
41	2	1.66802e-14
41	3	1.10891e-14
41	4	9.31143e-15
41	5	1.62493e-14
41	6	1.19619e-14
41	7	1.32032e-14
41	8	4.81651e-15
41	9	4.80519e-15
41	10	1.67828e-14
41	11	1.23773e-14
41	12	8.93898e-15
41	13	1.37267e-14
41	14	8.50062e-15
41	15	1.22206e-14
41	16	1.71473e-15
41	17	6.30148e-16
41	18	3.21012e-15
41	19	4.82522e-16
41	20	8.59498e-15
41	21	1.67275e-14
41	22	8.10153e-15
41	23	1.12861e-14
41	24	1.25107e-14
41	25	1.81204e-15
41	26	1.10202e-14
41	27	1.6083e-14
41	28	2.19761e-16
41	29	6.43265e-15
41	30	4.03572e-15
41	31	6.41332e-15
41	32	1.60231e-14
41	33	7.74125e-15
41	34	1.07718e-14
41	35	2.67583e-15
41	36	1.67084e-14
41	37	8.98721e-15
41	38	1.22571e-14
41	39	2.6553e-15
41	40	1.04182e-14
41	41	1.34548e-14
41	42	5.37588e-15
41	43	2.34236e-15
41	44	6.09822e-15
41	45	1.30458e-15
41	46	6.40192e-15
41	47	4.48395e-15
41	48	3.73293e-15
41	49	8.72272e-15
41	50	8.69618e-16
41	51	2.61816e-15
41	52	4.84656e-15
41	53	2.2392e-15
41	54	1.45536e-14
41	55	2.27234e-15
41	56	1.16512e-15
41	57	3.48613e-15
41	58	3.92058e-15
41	59	8.40331e-16
41	60	1.59738e-14
41	61	9.0858e-15
41	62	1.17838e-14
41	63	5.01008e-16
41	64	2.33168e-15
41	65	1.61966e-14
41	66	1.66061e-14
41	67	2.51919e-15
41	68	1.07237e-14
41	69	5.74413e-15
42	0	1.20295e-15
42	1	1.02507e-14
42	2	7.75989e-06
42	3	9.54879e-15
42	4	1.48285e-14
42	5	5.11085e-05
42	6	5.62431e-06
42	7	5.06856e-06
42	8	5.67151e-06
42	9	7.68654e-06
42	10	5.65751e-15
42	11	6.04689e-06
42	12	5.87987e-06
42	13	4.95348e-06
42	14	5.13645e-06
42	15	5.22616e-06
42	16	5.39819e-15
42	17	5.35933e-06
42	18	5.06213e-06
42	19	5.89388e-06
42	20	5.09155e-06
42	21	5.62059e-06
42	22	9.3174e-16
42	23	5.38065e-06
42	24	9.41216e-16
42	25	7.33886e-06
42	26	6.16691e-06
42	27	4.99523e-06
42	28	1.20631e-14
42	29	1.133e-14
42	30	4.99545e-06
42	31	5.66877e-06
42	32	5.67298e-06
42	33	1.01627e-14
42	34	1.24105e-05
42	35	4.1082e-16
42	36	5.20904e-06
42	37	7.02891e-06
42	38	6.13158e-06
42	39	5.55576e-06
42	40	8.38784e-15
42	41	0.129096
42	42	4.97076e-06
42	43	1.09986e-14
42	44	9.00334e-15
42	45	1.43386e-14
42	46	5.22363e-06
42	47	1.00927e-05
42	48	1.65235e-15
42	49	4.6383e-16
42	50	1.55194e-14
42	51	5.14808e-06
42	52	5.21247e-06
42	53	3.16268e-15
42	54	6.10803e-06
42	55	7.84896e-06
42	56	1.56497e-14
42	57	5.20476e-06
42	58	7.11499e-06
42	59	4.96419e-06
42	60	1.49327e-14
42	61	1.65406e-14
42	62	7.29303e-06
42	63	5.17738e-06
42	64	1.31919e-14
42	65	6.09092e-06
42	66	3.93524e-15
42	67	8.76795e-15
42	68	1.02488e-05
42	69	5.19812e-06
43	0	2.75065e-15
43	1	1.0849e-14
43	2	1.79668e-05
43	3	6.27128e-15
43	4	1.54146e-05
43	5	6.13154e-05
43	6	1.58312e-05
43	7	1.52755e-05
43	8	1.58784e-05
43	9	1.78935e-05
43	10	1.85938e-05
43	11	1.62538e-05
43	12	1.60868e-05
43	13	1.53369e-14
43	14	9.41689e-15
43	15	1.54331e-05
43	16	9.25804e-15
43	17	1.55662e-05
43	18	1.52691e-05
43	19	1.61008e-05
43	20	1.52985e-05
43	21	1.58275e-05
43	22	9.47993e-15
43	23	1.55876e-05
43	24	1.56044e-14
43	25	1.75458e-05
43	26	1.63738e-05
43	27	1.52021e-05
43	28	1.62562e-05
43	29	4.93391e-15
43	30	1.52024e-05
43	31	1.58757e-05
43	32	1.38185e-14
43	33	5.58491e-15
43	34	2.26174e-05
43	35	1.57316e-14
43	36	1.5416e-05
43	37	1.72358e-05
43	38	1.63385e-05
43	39	1.57627e-05
43	40	1.60521e-05
43	41	0.129106
43	42	8.42445e-15
43	43	1.52685e-05
43	44	3.81395e-15
43	45	8.46469e-17
43	46	1.54305e-05
43	47	2.02996e-05
43	48	1.68948e-05
43	49	1.66651e-14
43	50	1.5471e-05
43	51	1.5355e-05
43	52	1.54194e-05
43	53	2.41396e-15
43	54	1.6315e-05
43	55	1.80559e-05
43	56	2.00582e-05
43	57	1.54117e-05
43	58	1.73219e-05
43	59	2.05924e-15
43	60	1.52669e-05
43	61	5.85179e-15
43	62	1.74999e-05
43	63	1.53843e-05
43	64	6.3259e-15
43	65	1.62978e-05
43	66	1.5198e-05
43	67	1.46844e-16
43	68	2.04557e-05
43	69	1.5405e-05
44	0	1.69851e-06
44	1	1.69147e-06
44	2	4.49795e-06
44	3	1.69757e-06
44	4	1.9457e-06
44	5	4.78465e-05
44	6	2.36237e-06
44	7	1.80663e-06
44	8	2.40958e-06
44	9	4.42461e-06
44	10	5.12497e-06
44	11	2.78496e-06
44	12	2.61794e-06
44	13	1.69154e-06
44	14	1.87452e-06
44	15	1.96422e-06
44	16	1.61982e-14
44	17	2.09739e-06
44	18	1.80019e-06
44	19	2.63194e-06
44	20	1.10886e-14
44	21	2.35865e-06
44	22	1.72017e-06
44	23	2.11871e-06
44	24	9.21737e-15
44	25	4.07692e-06
44	26	2.90497e-06
44	27	1.67011e-15
44	28	2.78739e-06
44	29	1.38911e-14
44	30	1.73351e-06
44	31	2.40684e-06
44	32	2.41104e-06
44	33	1.45366e-14
44	34	9.14857e-06
44	35	1.77919e-16
44	36	1.9471e-06
44	37	3.76697e-06
44	38	2.86965e-06
44	39	2.29383e-06
44	40	2.58329e-06
44	41	0.129093
44	42	1.31949e-14
44	43	1.92525e-15
44	44	1.70639e-06
44	45	1.78606e-15
44	46	1.96169e-06
44	47	6.83076e-06
44	48	3.42594e-06
44	49	6.75143e-15
44	50	2.00211e-06
44	51	1.88614e-06
44	52	1.95054e-06
44	53	1.21294e-14
44	54	2.8461e-06
44	55	4.58703e-06
44	56	1.28467e-14
44	57	1.94283e-06
44	58	3.85305e-06
44	59	1.70226e-06
44	60	1.79803e-06
44	61	3.96709e-16
44	62	4.03109e-06
44	63	1.91545e-06
44	64	7.42474e-15
44	65	2.82899e-06
44	66	1.05956e-14
44	67	1.47777e-14
44	68	6.98689e-06
44	69	1.93618e-06
45	0	1.07292e-06
45	1	1.92059e-16
45	2	3.87236e-06
45	3	1.07198e-06
45	4	1.32012e-06
45	5	4.72209e-05
45	6	1.73678e-06
45	7	1.18104e-06
45	8	1.78399e-06
45	9	3.79902e-06
45	10	4.49938e-06
45	11	2.15937e-06
45	12	1.99235e-06
45	13	4.49269e-15
45	14	1.24893e-06
45	15	1.33864e-06
45	16	1.25239e-14
45	17	1.4718e-06
45	18	1.17461e-06
45	19	2.00636e-06
45	20	1.20402e-06
45	21	1.73306e-06
45	22	1.09458e-06
45	23	1.49312e-06
45	24	1.18727e-06
45	25	3.45133e-06
45	26	2.27938e-06
45	27	1.02401e-14
45	28	2.1618e-06
45	29	1.55241e-15
45	30	1.10792e-06
45	31	1.78125e-06
45	32	1.78545e-06
45	33	1.17634e-06
45	34	8.52298e-06
45	35	1.36136e-14
45	36	1.32151e-06
45	37	3.14138e-06
45	38	2.24406e-06
45	39	1.66824e-06
45	40	1.9577e-06
45	41	0.129092
45	42	1.36745e-14
45	43	1.05268e-14
45	44	1.0808e-06
45	45	1.0799e-06
45	46	1.3361e-06
45	47	6.20517e-06
45	48	2.80035e-06
45	49	1.06643e-06
45	50	1.37652e-06
45	51	1.26055e-06
45	52	1.32495e-06
45	53	1.32335e-06
45	54	2.22051e-06
45	55	3.96144e-06
45	56	5.9638e-06
45	57	1.31724e-06
45	58	3.22746e-06
45	59	1.6094e-14
45	60	1.47207e-14
45	61	4.95704e-15
45	62	3.4055e-06
45	63	1.28986e-06
45	64	1.71183e-15
45	65	2.2034e-06
45	66	1.10354e-06
45	67	1.21191e-14
45	68	6.3613e-06
45	69	1.31059e-06
46	0	1.17408e-14
46	1	1.66896e-14
46	2	9.49819e-06
46	3	6.69782e-06
46	4	6.94595e-06
46	5	5.28468e-05
46	6	7.36261e-06
46	7	6.80687e-06
46	8	7.40982e-06
46	9	9.42485e-06
46	10	1.01252e-05
46	11	7.7852e-06
46	12	7.61818e-06
46	13	1.20793e-14
46	14	6.87476e-06
46	15	6.96447e-06
46	16	1.36331e-14
46	17	7.09763e-06
46	18	6.80044e-06
46	19	7.63219e-06
46	20	6.82985e-06
46	21	7.35889e-06
46	22	6.72042e-06
46	23	7.11895e-06
46	24	6.81311e-06
46	25	9.07716e-06
46	26	7.90521e-06
46	27	6.73353e-06
46	28	7.78763e-06
46	29	6.72045e-06
46	30	6.73375e-06
46	31	7.40708e-06
46	32	7.41128e-06
46	33	6.80217e-06
46	34	1.41488e-05
46	35	6.84101e-06
46	36	6.94734e-06
46	37	8.76721e-06
46	38	7.86989e-06
46	39	7.29407e-06
46	40	7.58353e-06
46	41	0.129098
46	42	6.70907e-06
46	43	2.52e-15
46	44	2.92568e-15
46	45	6.70573e-06
46	46	6.96193e-06
46	47	1.1831e-05
46	48	8.42618e-06
46	49	6.69226e-06
46	50	7.00235e-06
46	51	6.88638e-06
46	52	6.95078e-06
46	53	6.94918e-06
46	54	7.84634e-06
46	55	9.58727e-06
46	56	1.15896e-05
46	57	6.94307e-06
46	58	8.85329e-06
46	59	6.7025e-06
46	60	6.79827e-06
46	61	1.26836e-14
46	62	9.03133e-06
46	63	6.91569e-06
46	64	2.52387e-15
46	65	7.82923e-06
46	66	6.72937e-06
46	67	5.63468e-15
46	68	1.19871e-05
46	69	6.93642e-06
47	0	1.6846e-14
47	1	3.37307e-15
47	2	1.47233e-05
47	3	3.69785e-15
47	4	1.21711e-05
47	5	5.80719e-05
47	6	1.25877e-05
47	7	1.2032e-05
47	8	1.26349e-05
47	9	1.465e-05
47	10	1.53503e-05
47	11	1.30103e-05
47	12	1.28433e-05
47	13	2.33368e-15
47	14	1.20999e-05
47	15	1.21896e-05
47	16	5.84901e-15
47	17	1.23227e-05
47	18	1.20255e-05
47	19	1.28573e-05
47	20	1.2055e-05
47	21	1.2584e-05
47	22	2.24498e-15
47	23	1.23441e-05
47	24	3.75779e-15
47	25	1.43023e-05
47	26	1.31303e-05
47	27	1.30464e-14
47	28	1.30127e-05
47	29	1.19456e-05
47	30	1.19589e-05
47	31	1.26322e-05
47	32	1.26364e-05
47	33	1.20273e-05
47	34	1.93739e-05
47	35	1.20661e-05
47	36	1.21724e-05
47	37	1.39923e-05
47	38	1.3095e-05
47	39	1.25192e-05
47	40	1.28086e-05
47	41	0.129103
47	42	1.84234e-15
47	43	1.30561e-14
47	44	2.12185e-15
47	45	8.81963e-15
47	46	1.2187e-05
47	47	1.70561e-05
47	48	1.36513e-05
47	49	2.81568e-15
47	50	1.22275e-05
47	51	1.21115e-05
47	52	1.21759e-05
47	53	1.21743e-05
47	54	1.30714e-05
47	55	1.48124e-05
47	56	1.68147e-05
47	57	1.21682e-05
47	58	1.40784e-05
47	59	1.19276e-05
47	60	1.20234e-05
47	61	1.27347e-05
47	62	1.42564e-05
47	63	1.21408e-05
47	64	1.27972e-14
47	65	1.30543e-05
47	66	1.33391e-15
47	67	7.85801e-15
47	68	1.72122e-05
47	69	1.21615e-05
48	0	1.07586e-05
48	1	4.7409e-15
48	2	1.3558e-05
48	3	1.40656e-14
48	4	1.10058e-05
48	5	5.69066e-05
48	6	1.14224e-05
48	7	1.08667e-05
48	8	1.14696e-05
48	9	1.34847e-05
48	10	1.4185e-05
48	11	1.1845e-05
48	12	1.1678e-05
48	13	1.53578e-14
48	14	1.09346e-05
48	15	1.10243e-05
48	16	8.02357e-15
48	17	1.11575e-05
48	18	1.08603e-05
48	19	1.1692e-05
48	20	1.08897e-05
48	21	1.14187e-05
48	22	1.07802e-05
48	23	1.11788e-05
48	24	1.08729e-05
48	25	1.3137e-05
48	26	1.1965e-05
48	27	1.07934e-05
48	28	1.18475e-05
48	29	1.07803e-05
48	30	1.07936e-05
48	31	1.14669e-05
48	32	1.14711e-05
48	33	1.0862e-05
48	34	1.82086e-05
48	35	1.09008e-05
48	36	1.10072e-05
48	37	1.2827e-05
48	38	1.19297e-05
48	39	1.13539e-05
48	40	1.16434e-05
48	41	0.129102
48	42	3.87594e-15
48	43	1.08597e-05
48	44	1.07665e-05
48	45	1.07656e-05
48	46	1.10218e-05
48	47	1.58908e-05
48	48	1.2486e-05
48	49	1.07521e-05
48	50	1.10622e-05
48	51	1.09462e-05
48	52	1.10106e-05
48	53	1.1009e-05
48	54	1.19062e-05
48	55	1.36471e-05
48	56	1.56495e-05
48	57	1.10029e-05
48	58	1.29131e-05
48	59	1.07623e-05
48	60	1.08581e-05
48	61	1.15694e-05
48	62	1.30912e-05
48	63	1.09755e-05
48	64	1.63255e-14
48	65	1.18891e-05
48	66	1.07892e-05
48	67	1.06453e-14
48	68	1.6047e-05
48	69	1.09963e-05
49	0	2.74441e-15
49	1	1.38923e-14
49	2	2.85045e-06
49	3	4.39357e-15
49	4	2.98198e-07
49	5	4.6199e-05
49	6	7.14864e-07
49	7	1.59119e-07
49	8	7.62068e-07
49	9	2.7771e-06
49	10	3.47746e-06
49	11	1.13745e-06
49	12	9.70429e-07
49	13	4.38817e-15
49	14	2.27009e-07
49	15	3.16718e-07
49	16	1.04233e-14
49	17	4.49885e-07
49	18	1.52687e-07
49	19	9.84437e-07
49	20	5.4056e-17
49	21	7.11145e-07
49	22	1.51773e-14
49	23	4.71202e-07
49	24	1.65357e-07
49	25	2.42941e-06
49	26	1.25747e-06
49	27	1.52135e-14
49	28	1.13988e-06
49	29	2.3024e-15
49	30	8.6002e-08
49	31	7.59329e-07
49	32	7.63534e-07
49	33	1.5442e-07
49	34	7.50106e-06
49	35	1.93257e-07
49	36	2.99595e-07
49	37	2.11946e-06
49	38	1.22214e-06
49	39	6.46319e-07
49	40	6.22853e-15
49	41	9.76156e-15
49	42	5.402e-15
49	43	1.47714e-15
49	44	2.40974e-15
49	45	5.79833e-08
49	46	3.14185e-07
49	47	5.18325e-06
49	48	1.77843e-06
49	49	4.45084e-08
49	50	3.54604e-07
49	51	2.38635e-07
49	52	3.03029e-07
49	53	3.0143e-07
49	54	1.19859e-06
49	55	2.93952e-06
49	56	4.94188e-06
49	57	2.95318e-07
49	58	2.20554e-06
49	59	2.17254e-15
49	60	1.50521e-07
49	61	7.31852e-15
49	62	2.38358e-06
49	63	2.67939e-07
49	64	6.64167e-15
49	65	1.18148e-06
49	66	8.16212e-08
49	67	5.43664e-15
49	68	5.33938e-06
49	69	2.88674e-07
50	0	8.10364e-06
50	1	1.18938e-15
50	2	1.09031e-05
50	3	8.1027e-06
50	4	8.35083e-06
50	5	5.42517e-05
50	6	8.7675e-06
50	7	8.21175e-06
50	8	8.8147e-06
50	9	1.08297e-05
50	10	1.15301e-05
50	11	9.19008e-06
50	12	9.02306e-06
50	13	8.09667e-06
50	14	8.27964e-06
50	15	8.36935e-06
50	16	8.09658e-06
50	17	8.50252e-06
50	18	8.20532e-06
50	19	9.03707e-06
50	20	8.23474e-06
50	21	8.76378e-06
50	22	8.1253e-06
50	23	8.52384e-06
50	24	8.21799e-06
50	25	1.0482e-05
50	26	9.3101e-06
50	27	8.13842e-06
50	28	9.19252e-06
50	29	8.12533e-06
50	30	8.13864e-06
50	31	8.81196e-06
50	32	8.81617e-06
50	33	8.20705e-06
50	34	1.55537e-05
50	35	8.24589e-06
50	36	8.35223e-06
50	37	1.01721e-05
50	38	9.27477e-06
50	39	8.69895e-06
50	40	8.98841e-06
50	41	0.129099
50	42	7.68227e-15
50	43	8.20473e-06
50	44	1.90813e-15
50	45	8.11062e-06
50	46	8.36682e-06
50	47	1.32359e-05
50	48	9.83106e-06
50	49	8.09714e-06
50	50	8.40724e-06
50	51	8.29127e-06
50	52	8.35566e-06
50	53	8.35406e-06
50	54	9.25122e-06
50	55	1.09922e-05
50	56	1.29945e-05
50	57	8.34795e-06
50	58	1.02582e-05
50	59	1.43076e-14
50	60	8.20315e-06
50	61	8.91445e-06
50	62	1.04362e-05
50	63	8.32057e-06
50	64	1.64359e-14
50	65	9.23411e-06
50	66	8.13425e-06
50	67	1.03979e-14
50	68	1.3392e-05
50	69	8.34131e-06
51	0	5.20951e-06
51	1	9.29568e-15
51	2	8.00895e-06
51	3	5.20857e-06
51	4	5.45671e-06
51	5	5.13575e-05
51	6	5.87337e-06
51	7	5.31763e-06
51	8	5.92058e-06
51	9	7.93561e-06
51	10	8.63597e-06
51	11	6.29596e-06
51	12	6.12894e-06
51	13	9.47567e-15
51	14	5.38552e-06
51	15	5.47523e-06
51	16	9.20892e-15
51	17	5.60839e-06
51	18	5.3112e-06
51	19	6.14295e-06
51	20	5.34061e-06
51	21	5.86965e-06
51	22	5.23117e-06
51	23	5.62971e-06
51	24	5.32387e-06
51	25	7.58792e-06
51	26	6.41597e-06
51	27	5.24429e-06
51	28	6.29839e-06
51	29	5.23121e-06
51	30	5.24451e-06
51	31	5.91784e-06
51	32	5.92204e-06
51	33	5.31293e-06
51	34	1.26596e-05
51	35	5.35176e-06
51	36	5.4581e-06
51	37	7.27797e-06
51	38	6.38065e-06
51	39	5.80483e-06
51	40	6.09429e-06
51	41	0.129096
51	42	9.99828e-15
51	43	5.3106e-06
51	44	5.21739e-06
51	45	5.21649e-06
51	46	5.47269e-06
51	47	1.03418e-05
51	48	6.93694e-06
51	49	5.20302e-06
51	50	5.51311e-06
51	51	5.39714e-06
51	52	5.46154e-06
51	53	5.45994e-06
51	54	6.3571e-06
51	55	8.09803e-06
51	56	1.01004e-05
51	57	5.45383e-06
51	58	7.36405e-06
51	59	5.21326e-06
51	60	5.30903e-06
51	61	6.02032e-06
51	62	7.54209e-06
51	63	5.42645e-06
51	64	9.10616e-15
51	65	6.33999e-06
51	66	5.24013e-06
51	67	3.46182e-15
51	68	1.04979e-05
51	69	5.44718e-06
52	0	9.03404e-17
52	1	3.67953e-06
52	2	6.48601e-06
52	3	3.68563e-06
52	4	3.93376e-06
52	5	4.98346e-05
52	6	4.35043e-06
52	7	3.79468e-06
52	8	4.39763e-06
52	9	6.41266e-06
52	10	7.11303e-06
52	11	4.77301e-06
52	12	4.60599e-06
52	13	3.6796e-06
52	14	3.86257e-06
52	15	3.95228e-06
52	16	1.67944e-14
52	17	4.08545e-06
52	18	3.78825e-06
52	19	4.62e-06
52	20	3.81767e-06
52	21	4.34671e-06
52	22	3.70823e-06
52	23	4.10677e-06
52	24	3.80092e-06
52	25	6.06498e-06
52	26	4.89303e-06
52	27	3.72135e-06
52	28	4.77545e-06
52	29	3.70826e-06
52	30	3.72157e-06
52	31	4.39489e-06
52	32	4.3991e-06
52	33	3.78999e-06
52	34	1.11366e-05
52	35	1.12748e-15
52	36	3.93516e-06
52	37	5.75503e-06
52	38	4.8577e-06
52	39	4.28188e-06
52	40	4.57134e-06
52	41	0.129095
52	42	7.74641e-15
52	43	3.78766e-06
52	44	1.09056e-14
52	45	3.69355e-06
52	46	3.94975e-06
52	47	8.81882e-06
52	48	5.414e-06
52	49	1.17115e-14
52	50	3.99017e-06
52	51	3.8742e-06
52	52	3.93859e-06
52	53	3.93699e-06
52	54	4.83416e-06
52	55	6.57508e-06
52	56	8.57744e-06
52	57	3.93088e-06
52	58	5.84111e-06
52	59	3.69031e-06
52	60	3.78609e-06
52	61	1.54087e-14
52	62	6.01915e-06
52	63	3.9035e-06
52	64	1.90259e-15
52	65	4.81705e-06
52	66	3.71719e-06
52	67	3.81617e-15
52	68	8.97495e-06
52	69	3.92424e-06
53	0	4.12962e-15
53	1	5.68544e-15
53	2	1.41059e-05
53	3	1.27513e-15
53	4	1.15536e-05
53	5	5.74545e-05
53	6	1.19703e-05
53	7	1.14146e-05
53	8	1.20175e-05
53	9	1.40325e-05
53	10	1.47329e-05
53	11	1.23929e-05
53	12	1.22259e-05
53	13	1.40675e-14
53	14	1.14825e-05
53	15	1.15722e-05
53	16	7.15594e-15
53	17	1.17053e-05
53	18	1.14081e-05
53	19	1.22399e-05
53	20	1.6473e-14
53	21	1.19666e-05
53	22	3.47655e-15
53	23	1.17266e-05
53	24	1.14208e-05
53	25	1.36849e-05
53	26	1.25129e-05
53	27	1.48604e-14
53	28	1.23953e-05
53	29	1.13281e-05
53	30	1.13414e-05
53	31	1.20148e-05
53	32	1.2019e-05
53	33	1.14099e-05
53	34	1.87565e-05
53	35	1.14487e-05
53	36	1.1555e-05
53	37	1.33749e-05
53	38	1.24776e-05
53	39	1.19018e-05
53	40	1.21912e-05
53	41	0.129102
53	42	5.88361e-15
53	43	1.12355e-14
53	44	1.6911e-14
53	45	1.52033e-14
53	46	1.15696e-05
53	47	1.64387e-05
53	48	1.30339e-05
53	49	1.13e-05
53	50	1.161e-05
53	51	1.14941e-05
53	52	1.15585e-05
53	53	1.15569e-05
53	54	1.2454e-05
53	55	1.4195e-05
53	56	1.61973e-05
53	57	1.15508e-05
53	58	1.3461e-05
53	59	8.04408e-15
53	60	1.1406e-05
53	61	7.58128e-15
53	62	1.3639e-05
53	63	1.15234e-05
53	64	4.49127e-15
53	65	1.24369e-05
53	66	1.13371e-05
53	67	4.30405e-16
53	68	1.65948e-05
53	69	1.15441e-05
54	0	7.22617e-06
54	1	4.43857e-15
54	2	1.00256e-05
54	3	7.22523e-06
54	4	7.47337e-06
54	5	5.33742e-05
54	6	7.89003e-06
54	7	7.33429e-06
54	8	7.93724e-06
54	9	9.95227e-06
54	10	1.06526e-05
54	11	8.31262e-06
54	12	8.1456e-06
54	13	1.45567e-14
54	14	7.40218e-06
54	15	7.49189e-06
54	16	6.42765e-15
54	17	7.62505e-06
54	18	7.32785e-06
54	19	8.1596e-06
54	20	7.35727e-06
54	21	7.88631e-06
54	22	1.66669e-14
54	23	7.64637e-06
54	24	7.34052e-06
54	25	9.60458e-06
54	26	8.43263e-06
54	27	1.48085e-14
54	28	8.31505e-06
54	29	7.24787e-06
54	30	7.26117e-06
54	31	7.9345e-06
54	32	7.9387e-06
54	33	7.32959e-06
54	34	1.46762e-05
54	35	7.36842e-06
54	36	7.47476e-06
54	37	9.29463e-06
54	38	8.39731e-06
54	39	7.82149e-06
54	40	8.11095e-06
54	41	0.129098
54	42	8.18784e-15
54	43	7.0765e-15
54	44	7.23405e-06
54	45	1.40294e-14
54	46	7.48935e-06
54	47	1.23584e-05
54	48	8.9536e-06
54	49	1.51491e-14
54	50	7.52977e-06
54	51	7.4138e-06
54	52	7.4782e-06
54	53	7.4766e-06
54	54	8.37376e-06
54	55	1.01147e-05
54	56	1.2117e-05
54	57	7.47049e-06
54	58	9.38071e-06
54	59	1.65715e-15
54	60	7.32569e-06
54	61	8.03698e-06
54	62	9.55875e-06
54	63	7.44311e-06
54	64	1.10065e-14
54	65	8.35665e-06
54	66	7.25679e-06
54	67	7.17998e-16
54	68	1.25145e-05
54	69	7.46384e-06
55	0	1.00389e-14
55	1	2.50342e-15
55	2	1.21666e-05
55	3	9.36626e-06
55	4	9.61439e-06
55	5	5.55152e-05
55	6	1.00311e-05
55	7	9.47532e-06
55	8	1.00783e-05
55	9	1.20933e-05
55	10	1.27937e-05
55	11	1.04536e-05
55	12	1.02866e-05
55	13	9.36023e-06
55	14	9.54321e-06
55	15	9.63292e-06
55	16	1.07945e-14
55	17	9.76608e-06
55	18	9.46888e-06
55	19	1.03006e-05
55	20	9.4983e-06
55	21	1.00273e-05
55	22	1.48383e-14
55	23	9.7874e-06
55	24	9.48155e-06
55	25	1.17456e-05
55	26	1.05737e-05
55	27	9.40198e-06
55	28	1.04561e-05
55	29	9.3889e-06
55	30	9.4022e-06
55	31	1.00755e-05
55	32	1.00797e-05
55	33	9.47062e-06
55	34	1.68173e-05
55	35	9.50945e-06
55	36	9.61579e-06
55	37	1.14357e-05
55	38	1.05383e-05
55	39	9.96252e-06
55	40	1.0252e-05
55	41	0.1291
55	42	5.07734e-15
55	43	9.46829e-06
55	44	6.36204e-15
55	45	9.37418e-06
55	46	9.63038e-06
55	47	1.44995e-05
55	48	1.10946e-05
55	49	1.65819e-14
55	50	9.6708e-06
55	51	9.55483e-06
55	52	9.61923e-06
55	53	9.61763e-06
55	54	1.05148e-05
55	55	1.22557e-05
55	56	1.42581e-05
55	57	9.61152e-06
55	58	1.15217e-05
55	59	9.37095e-06
55	60	9.46672e-06
55	61	1.0178e-05
55	62	1.16998e-05
55	63	9.58414e-06
55	64	1.37206e-14
55	65	1.04977e-05
55	66	9.39782e-06
55	67	2.71867e-15
55	68	1.46556e-05
55	69	9.60487e-06
56	0	2.12716e-15
56	1	3.40791e-15
56	2	9.0378e-15
56	3	1.53753e-14
56	4	1.21982e-14
56	5	6.72999e-15
56	6	5.00109e-15
56	7	5.09749e-15
56	8	8.92911e-15
56	9	1.67617e-14
56	10	1.05364e-14
56	11	3.51708e-15
56	12	1.68887e-14
56	13	9.60168e-15
56	14	1.03969e-14
56	15	5.91989e-15
56	16	1.16255e-14
56	17	8.46315e-15
56	18	6.12352e-16
56	19	8.56726e-15
56	20	9.4341e-15
56	21	1.54693e-14
56	22	3.298e-15
56	23	1.21351e-14
56	24	1.47988e-14
56	25	5.11272e-16
56	26	1.04747e-15
56	27	1.51442e-14
56	28	1.39695e-14
56	29	3.75443e-15
56	30	1.46108e-14
56	31	1.54114e-14
56	32	9.51113e-15
56	33	1.05677e-14
56	34	9.45895e-15
56	35	7.24127e-15
56	36	3.47989e-15
56	37	4.98172e-16
56	38	1.61954e-14
56	39	4.40161e-15
56	40	2.51111e-16
56	41	7.85148e-15
56	42	3.18326e-15
56	43	1.20751e-14
56	44	1.25615e-14
56	45	1.10951e-14
56	46	1.11766e-14
56	47	7.80297e-15
56	48	3.16969e-16
56	49	1.65729e-14
56	50	1.3467e-14
56	51	7.07207e-15
56	52	5.74306e-15
56	53	1.66297e-14
56	54	1.05386e-14
56	55	7.74384e-15
56	56	1.32124e-14
56	57	8.02559e-15
56	58	1.3397e-14
56	59	1.33633e-14
56	60	1.07624e-14
56	61	1.34048e-14
56	62	1.07378e-14
56	63	4.49241e-15
56	64	3.41878e-15
56	65	1.14187e-14
56	66	1.6487e-14
56	67	7.8092e-15
56	68	2.60127e-15
56	69	1.56592e-14
57	0	1.32919e-14
57	1	7.13658e-15
57	2	5.41268e-06
57	3	2.61231e-06
57	4	2.86044e-06
57	5	4.87613e-05
57	6	3.2771e-06
57	7	2.72136e-06
57	8	3.32431e-06
57	9	5.33934e-06
57	10	6.0397e-06
57	11	3.69969e-06
57	12	3.53267e-06
57	13	2.60628e-06
57	14	2.78925e-06
57	15	2.87896e-06
57	16	1.65721e-14
57	17	3.01212e-06
57	18	2.71493e-06
57	19	3.54668e-06
57	20	2.74434e-06
57	21	3.27338e-06
57	22	2.63491e-06
57	23	3.03344e-06
57	24	2.7276e-06
57	25	4.99165e-06
57	26	3.8197e-06
57	27	2.64802e-06
57	28	3.70212e-06
57	29	2.63494e-06
57	30	2.64824e-06
57	31	3.32157e-06
57	32	3.32577e-06
57	33	2.71666e-06
57	34	1.00633e-05
57	35	2.7555e-06
57	36	2.86183e-06
57	37	4.6817e-06
57	38	3.78438e-06
57	39	3.20856e-06
57	40	3.49802e-06
57	41	0.129093
57	42	2.62356e-06
57	43	2.71433e-06
57	44	2.62112e-06
57	45	2.62022e-06
57	46	2.87642e-06
57	47	7.74549e-06
57	48	4.34067e-06
57	49	1.31807e-14
57	50	2.91684e-06
57	51	2.80087e-06
57	52	2.86527e-06
57	53	2.86367e-06
57	54	3.76083e-06
57	55	5.50176e-06
57	56	7.50412e-06
57	57	2.85756e-06
57	58	4.76778e-06
57	59	2.61699e-06
57	60	2.71276e-06
57	61	3.42406e-06
57	62	4.94582e-06
57	63	2.83018e-06
57	64	1.40394e-15
57	65	3.74372e-06
57	66	2.64386e-06
57	67	1.37058e-14
57	68	7.90162e-06
57	69	2.85091e-06
58	0	1.06734e-14
58	1	6.78193e-15
58	2	1.4165e-05
58	3	1.094e-14
58	4	1.16128e-05
58	5	5.75136e-05
58	6	1.20295e-05
58	7	1.14737e-05
58	8	1.20767e-05
58	9	1.40917e-05
58	10	1.47921e-05
58	11	1.24521e-05
58	12	1.2285e-05
58	13	1.11976e-14
58	14	1.15416e-05
58	15	1.16313e-05
58	16	1.07988e-14
58	17	1.17645e-05
58	18	1.14673e-05
58	19	1.2299e-05
58	20	1.14967e-05
58	21	1.20257e-05
58	22	1.13873e-05
58	23	1.17858e-05
58	24	1.148e-05
58	25	1.3744e-05
58	26	1.25721e-05
58	27	1.14004e-05
58	28	1.24545e-05
58	29	1.13873e-05
58	30	1.14006e-05
58	31	1.20739e-05
58	32	1.20781e-05
58	33	1.1469e-05
58	34	1.88157e-05
58	35	1.15079e-05
58	36	1.16142e-05
58	37	1.34341e-05
58	38	1.25367e-05
58	39	1.19609e-05
58	40	1.22504e-05
58	41	0.129102
58	42	1.60995e-14
58	43	1.14667e-05
58	44	1.13735e-05
58	45	1.13726e-05
58	46	1.16288e-05
58	47	1.64979e-05
58	48	1.3093e-05
58	49	9.24973e-15
58	50	1.16692e-05
58	51	1.15532e-05
58	52	1.16176e-05
58	53	1.1616e-05
58	54	1.25132e-05
58	55	1.42541e-05
58	56	1.62565e-05
58	57	1.16099e-05
58	58	1.35201e-05
58	59	1.13694e-05
58	60	1.14651e-05
58	61	1.21764e-05
58	62	1.36982e-05
58	63	1.15825e-05
58	64	5.77317e-17
58	65	1.24961e-05
58	66	1.74365e-15
58	67	1.19755e-14
58	68	1.6654e-05
58	69	1.16033e-05
59	0	6.56839e-15
59	1	1.48842e-14
59	2	4.36438e-06
59	3	1.564e-06
59	4	1.81213e-06
59	5	4.7713e-05
59	6	2.2288e-06
59	7	1.67306e-06
59	8	2.27601e-06
59	9	4.29104e-06
59	10	4.9914e-06
59	11	2.65139e-06
59	12	2.48437e-06
59	13	1.55797e-06
59	14	1.43584e-14
59	15	1.83065e-06
59	16	8.9546e-15
59	17	1.96382e-06
59	18	1.66662e-06
59	19	2.49837e-06
59	20	1.69604e-06
59	21	2.22508e-06
59	22	8.22784e-15
59	23	1.98514e-06
59	24	8.15745e-15
59	25	3.94335e-06
59	26	2.7714e-06
59	27	1.59972e-06
59	28	2.65382e-06
59	29	2.77993e-15
59	30	1.59994e-06
59	31	2.27327e-06
59	32	2.27747e-06
59	33	9.96471e-15
59	34	9.015e-06
59	35	8.0011e-15
59	36	1.81353e-06
59	37	3.6334e-06
59	38	2.73608e-06
59	39	2.16026e-06
59	40	2.44972e-06
59	41	0.129092
59	42	1.57525e-06
59	43	8.35168e-15
59	44	1.2579e-14
59	45	4.24406e-16
59	46	1.82812e-06
59	47	6.69719e-06
59	48	3.29237e-06
59	49	1.05258e-14
59	50	1.86854e-06
59	51	1.75257e-06
59	52	1.81697e-06
59	53	1.01287e-14
59	54	2.71253e-06
59	55	4.45346e-06
59	56	6.45582e-06
59	57	1.80926e-06
59	58	3.71948e-06
59	59	1.56869e-06
59	60	1.66446e-06
59	61	1.76922e-15
59	62	3.89752e-06
59	63	1.78188e-06
59	64	1.44575e-14
59	65	2.69542e-06
59	66	1.37979e-14
59	67	1.28635e-14
59	68	6.85332e-06
59	69	1.80261e-06
60	0	5.2329e-15
60	1	8.61137e-16
60	2	7.84038e-06
60	3	9.55245e-15
60	4	5.28813e-06
60	5	5.1189e-05
60	6	5.7048e-06
60	7	5.14905e-06
60	8	5.752e-06
60	9	7.76703e-06
60	10	8.4674e-06
60	11	6.12738e-06
60	12	5.96036e-06
60	13	1.51371e-14
60	14	5.21694e-06
60	15	5.30665e-06
60	16	1.09564e-14
60	17	5.43982e-06
60	18	5.14262e-06
60	19	5.97437e-06
60	20	5.17203e-06
60	21	5.70108e-06
60	22	5.0626e-06
60	23	5.46113e-06
60	24	5.15529e-06
60	25	7.41935e-06
60	26	6.2474e-06
60	27	5.07572e-06
60	28	6.12982e-06
60	29	1.01892e-14
60	30	5.07593e-06
60	31	5.74926e-06
60	32	5.75347e-06
60	33	5.14435e-06
60	34	1.2491e-05
60	35	5.18319e-06
60	36	5.28953e-06
60	37	7.1094e-06
60	38	6.21207e-06
60	39	5.63625e-06
60	40	5.92571e-06
60	41	0.129096
60	42	1.1585e-14
60	43	5.14203e-06
60	44	7.37733e-15
60	45	1.67773e-14
60	46	5.30412e-06
60	47	1.01732e-05
60	48	6.76836e-06
60	49	9.28273e-15
60	50	5.34454e-06
60	51	5.22857e-06
60	52	5.29296e-06
60	53	5.29136e-06
60	54	6.18852e-06
60	55	7.92945e-06
60	56	9.93181e-06
60	57	5.28525e-06
60	58	7.19548e-06
60	59	1.51264e-14
60	60	5.14045e-06
60	61	3.33917e-15
60	62	7.37351e-06
60	63	5.25787e-06
60	64	7.20549e-15
60	65	6.17141e-06
60	66	5.07155e-06
60	67	4.0393e-16
60	68	1.03293e-05
60	69	5.27861e-06
61	0	7.73918e-15
61	1	1.08497e-14
61	2	7.66476e-15
61	3	1.03108e-14
61	4	7.23067e-07
61	5	4.66239e-05
61	6	1.13973e-06
61	7	3.63161e-15
61	8	1.18694e-06
61	9	3.20197e-06
61	10	3.90233e-06
61	11	1.21228e-14
61	12	1.3953e-06
61	13	1.49546e-14
61	14	1.18608e-14
61	15	7.41587e-07
61	16	3.08451e-15
61	17	8.74754e-07
61	18	5.77557e-07
61	19	1.40931e-06
61	20	1.61667e-15
61	21	1.13601e-06
61	22	1.06291e-15
61	23	8.96071e-07
61	24	7.33933e-15
61	25	2.85428e-06
61	26	1.68233e-06
61	27	2.18304e-15
61	28	1.1271e-14
61	29	5.62715e-15
61	30	5.10872e-07
61	31	1.1842e-06
61	32	9.37944e-15
61	33	8.92672e-15
61	34	7.92593e-06
61	35	1.01339e-14
61	36	7.24465e-07
61	37	2.54433e-06
61	38	1.64701e-06
61	39	1.07119e-06
61	40	9.83316e-15
61	41	9.86149e-15
61	42	7.53245e-15
61	43	1.5035e-14
61	44	1.03516e-14
61	45	8.84322e-15
61	46	7.39054e-07
61	47	5.60812e-06
61	48	2.2033e-06
61	49	9.53905e-15
61	50	7.79474e-07
61	51	6.63504e-07
61	52	1.00057e-14
61	53	1.37544e-14
61	54	1.62346e-06
61	55	3.36439e-06
61	56	7.40346e-15
61	57	1.68429e-14
61	58	1.33962e-14
61	59	1.11173e-15
61	60	1.27213e-14
61	61	1.0127e-14
61	62	2.80845e-06
61	63	1.57286e-14
61	64	3.18962e-15
61	65	1.60635e-06
61	66	3.79888e-16
61	67	8.39601e-15
61	68	5.76425e-06
61	69	7.13543e-07
62	0	5.34198e-15
62	1	6.87725e-15
62	2	1.5135e-15
62	3	3.12492e-16
62	4	2.02411e-05
62	5	6.61419e-05
62	6	2.06578e-05
62	7	2.0102e-05
62	8	2.0705e-05
62	9	2.272e-05
62	10	2.34204e-05
62	11	2.10804e-05
62	12	2.09133e-05
62	13	3.81527e-15
62	14	1.17633e-14
62	15	2.02596e-05
62	16	1.51658e-14
62	17	2.03928e-05
62	18	2.00956e-05
62	19	5.86563e-15
62	20	2.0125e-05
62	21	2.06541e-05
62	22	8.76027e-15
62	23	2.04141e-05
62	24	5.5195e-15
62	25	2.23723e-05
62	26	2.12004e-05
62	27	6.87001e-15
62	28	2.10828e-05
62	29	4.56536e-15
62	30	2.00289e-05
62	31	2.07022e-05
62	32	2.07065e-05
62	33	2.00973e-05
62	34	2.7444e-05
62	35	1.39338e-14
62	36	2.02425e-05
62	37	2.20624e-05
62	38	2.11651e-05
62	39	2.05892e-05
62	40	1.48261e-14
62	41	0.129111
62	42	1.46343e-14
62	43	6.45952e-15
62	44	1.5866e-14
62	45	6.53751e-15
62	46	2.02571e-05
62	47	2.51262e-05
62	48	2.17213e-05
62	49	2.52127e-15
62	50	2.02975e-05
62	51	2.01816e-05
62	52	2.02459e-05
62	53	3.80343e-15
62	54	2.11415e-05
62	55	2.28824e-05
62	56	2.48848e-05
62	57	2.02382e-05
62	58	2.21485e-05
62	59	1.99977e-05
62	60	2.00934e-05
62	61	7.48609e-15
62	62	2.23265e-05
62	63	2.02109e-05
62	64	1.13186e-14
62	65	2.11244e-05
62	66	5.37467e-16
62	67	1.62905e-15
62	68	2.52823e-05
62	69	2.02316e-05
63	0	8.66386e-16
63	1	1.60345e-14
63	2	2.0644e-05
63	3	1.41173e-14
63	4	1.80918e-05
63	5	6.39926e-05
63	6	1.85085e-05
63	7	1.79527e-05
63	8	1.85557e-05
63	9	2.05707e-05
63	10	2.1271e-05
63	11	1.8931e-05
63	12	1.8764e-05
63	13	7.55475e-15
63	14	1.80206e-05
63	15	1.81103e-05
63	16	3.7253e-15
63	17	1.82435e-05
63	18	1.79463e-05
63	19	1.8778e-05
63	20	4.36096e-15
63	21	1.85047e-05
63	22	1.50369e-14
63	23	1.82648e-05
63	24	1.79589e-05
63	25	2.0223e-05
63	26	1.90511e-05
63	27	1.04433e-14
63	28	1.89335e-05
63	29	6.33042e-15
63	30	1.78796e-05
63	31	1.85529e-05
63	32	1.85571e-05
63	33	1.7948e-05
63	34	2.52946e-05
63	35	5.12992e-15
63	36	1.80932e-05
63	37	1.9913e-05
63	38	1.90157e-05
63	39	1.84399e-05
63	40	1.87294e-05
63	41	0.129109
63	42	1.78549e-05
63	43	2.19875e-15
63	44	1.58638e-14
63	45	1.78516e-05
63	46	1.81078e-05
63	47	2.29768e-05
63	48	1.9572e-05
63	49	1.78381e-05
63	50	1.81482e-05
63	51	1.80322e-05
63	52	1.80966e-05
63	53	1.8095e-05
63	54	1.89922e-05
63	55	2.07331e-05
63	56	2.27355e-05
63	57	1.80889e-05
63	58	1.99991e-05
63	59	1.50717e-14
63	60	1.79441e-05
63	61	4.38687e-15
63	62	2.01772e-05
63	63	1.80615e-05
63	64	3.15415e-15
63	65	1.89751e-05
63	66	1.78752e-05
63	67	1.51607e-14
63	68	2.3133e-05
63	69	1.80823e-05
64	0	1.24057e-14
64	1	3.59719e-15
64	2	2.83546e-06
64	3	3.50774e-08
64	4	2.83208e-07
64	5	4.6184e-05
64	6	6.99874e-07
64	7	1.4413e-07
64	8	7.47079e-07
64	9	2.76211e-06
64	10	3.46247e-06
64	11	1.12246e-06
64	12	9.5544e-07
64	13	1.1599e-14
64	14	2.39006e-15
64	15	1.58814e-14
64	16	6.24439e-15
64	17	4.34896e-07
64	18	1.37698e-07
64	19	9.69448e-07
64	20	1.67112e-07
64	21	6.96155e-07
64	22	6.3075e-16
64	23	4.56212e-07
64	24	1.50368e-07
64	25	2.41442e-06
64	26	1.24248e-06
64	27	1.04509e-14
64	28	1.12489e-06
64	29	1.21962e-14
64	30	7.10128e-08
64	31	7.4434e-07
64	32	7.48545e-07
64	33	1.39431e-07
64	34	7.48607e-06
64	35	1.39405e-14
64	36	1.67746e-14
64	37	2.10447e-06
64	38	1.20715e-06
64	39	6.3133e-07
64	40	9.20789e-07
64	41	6.2895e-16
64	42	1.68813e-14
64	43	1.08217e-14
64	44	4.90555e-15
64	45	1.25267e-14
64	46	2.99196e-07
64	47	5.16826e-06
64	48	1.76344e-06
64	49	1.17554e-14
64	50	5.51214e-15
64	51	2.23646e-07
64	52	2.8804e-07
64	53	1.20809e-14
64	54	1.1836e-06
64	55	2.92453e-06
64	56	7.30339e-15
64	57	2.80329e-07
64	58	2.19055e-06
64	59	1.04812e-14
64	60	1.35531e-07
64	61	1.92047e-15
64	62	2.36859e-06
64	63	2.52949e-07
64	64	2.89982e-08
64	65	1.16649e-06
64	66	6.6632e-08
64	67	8.52306e-15
64	68	5.32439e-06
64	69	2.73684e-07
65	0	7.18639e-15
65	1	1.27175e-14
65	2	6.96479e-06
65	3	1.60933e-14
65	4	4.41254e-06
65	5	5.03134e-05
65	6	4.8292e-06
65	7	4.27346e-06
65	8	4.87641e-06
65	9	6.89144e-06
65	10	7.5918e-06
65	11	5.25179e-06
65	12	5.08477e-06
65	13	9.09375e-15
65	14	4.34135e-06
65	15	4.43106e-06
65	16	1.33967e-14
65	17	4.56423e-06
65	18	4.26703e-06
65	19	5.09878e-06
65	20	4.29644e-06
65	21	4.82549e-06
65	22	4.18701e-06
65	23	4.58554e-06
65	24	4.79515e-15
65	25	6.54375e-06
65	26	5.37181e-06
65	27	9.54461e-15
65	28	5.25422e-06
65	29	4.18704e-06
65	30	4.20034e-06
65	31	4.87367e-06
65	32	4.87787e-06
65	33	4.26876e-06
65	34	1.16154e-05
65	35	4.3076e-06
65	36	4.41394e-06
65	37	6.2338e-06
65	38	5.33648e-06
65	39	4.76066e-06
65	40	5.05012e-06
65	41	0.129095
65	42	1.49526e-16
65	43	9.93929e-15
65	44	1.54407e-14
65	45	5.24607e-15
65	46	4.42853e-06
65	47	9.29759e-06
65	48	5.89277e-06
65	49	1.08093e-14
65	50	4.46894e-06
65	51	4.35298e-06
65	52	4.41737e-06
65	53	4.41577e-06
65	54	5.31293e-06
65	55	7.05386e-06
65	56	9.05622e-06
65	57	4.40966e-06
65	58	6.31988e-06
65	59	6.92392e-16
65	60	4.26486e-06
65	61	1.0901e-14
65	62	6.49792e-06
65	63	4.38228e-06
65	64	1.68175e-14
65	65	5.29582e-06
65	66	4.19596e-06
65	67	1.49612e-14
65	68	9.45372e-06
65	69	4.40301e-06
66	0	9.73095e-15
66	1	2.34275e-15
66	2	6.91593e-06
66	3	6.71942e-15
66	4	4.36368e-06
66	5	5.02645e-05
66	6	4.78035e-06
66	7	4.2246e-06
66	8	4.82755e-06
66	9	6.84258e-06
66	10	7.54295e-06
66	11	5.20293e-06
66	12	5.03591e-06
66	13	1.62744e-14
66	14	2.74458e-15
66	15	4.3822e-06
66	16	1.67079e-14
66	17	4.51537e-06
66	18	4.21817e-06
66	19	5.04992e-06
66	20	3.88308e-15
66	21	4.77663e-06
66	22	4.13815e-06
66	23	4.53669e-06
66	24	4.23084e-06
66	25	6.4949e-06
66	26	5.32295e-06
66	27	6.29381e-15
66	28	5.20537e-06
66	29	4.13818e-06
66	30	4.15149e-06
66	31	4.82481e-06
66	32	4.82902e-06
66	33	4.2199e-06
66	34	1.15665e-05
66	35	4.25874e-06
66	36	4.36508e-06
66	37	6.18495e-06
66	38	5.28762e-06
66	39	4.7118e-06
66	40	5.00126e-06
66	41	0.129095
66	42	5.43215e-15
66	43	4.21758e-06
66	44	1.21491e-14
66	45	4.12347e-06
66	46	4.37967e-06
66	47	9.24874e-06
66	48	5.84391e-06
66	49	1.53919e-14
66	50	4.42009e-06
66	51	4.30412e-06
66	52	4.36851e-06
66	53	4.36691e-06
66	54	5.26407e-06
66	55	7.005e-06
66	56	9.00736e-06
66	57	4.3608e-06
66	58	6.27103e-06
66	59	1.63679e-14
66	60	4.216e-06
66	61	9.34251e-15
66	62	6.44907e-06
66	63	4.33342e-06
66	64	5.6112e-15
66	65	5.24696e-06
66	66	4.14711e-06
66	67	5.06888e-16
66	68	9.40487e-06
66	69	4.35416e-06
67	0	9.3192e-15
67	1	1.10036e-14
67	2	9.0607e-15
67	3	4.02007e-15
67	4	1.43044e-14
67	5	1.07971e-14
67	6	1.10707e-14
67	7	1.30564e-07
67	8	1.47269e-14
67	9	7.25699e-15
67	10	1.04129e-14
67	11	7.70054e-15
67	12	3.81804e-15
67	13	8.56536e-16
67	14	1.42888e-14
67	15	1.55802e-14
67	16	6.85014e-15
67	17	1.4262e-14
67	18	6.39415e-15
67	19	2.61141e-16
67	20	8.42565e-15
67	21	6.82589e-07
67	22	4.06717e-17
67	23	7.04633e-15
67	24	8.87598e-16
67	25	4.23867e-16
67	26	1.34185e-14
67	27	4.66827e-15
67	28	1.60217e-14
67	29	4.4144e-08
67	30	5.70649e-15
67	31	1.09575e-14
67	32	1.23603e-14
67	33	1.19236e-14
67	34	1.239e-14
67	35	2.889e-15
67	36	1.48113e-14
67	37	6.49078e-15
67	38	3.50332e-16
67	39	2.23468e-15
67	40	1.11222e-14
67	41	6.48766e-15
67	42	1.59401e-14
67	43	8.05576e-16
67	44	8.73585e-15
67	45	1.63889e-14
67	46	3.08303e-17
67	47	1.07716e-14
67	48	1.83837e-16
67	49	1.15299e-14
67	50	8.36231e-15
67	51	2.99912e-15
67	52	4.75232e-15
67	53	8.29324e-15
67	54	1.4654e-14
67	55	1.8084e-16
67	56	5.0003e-15
67	57	1.50361e-14
67	58	4.51618e-15
67	59	2.60638e-15
67	60	3.16623e-16
67	61	1.07203e-14
67	62	1.66507e-14
67	63	1.42786e-15
67	64	1.52812e-14
67	65	1.15293e-06
67	66	5.33503e-15
67	67	8.26244e-15
67	68	9.19061e-15
67	69	2.60118e-07
68	0	9.11959e-06
68	1	1.06427e-14
68	2	1.1919e-05
68	3	1.53171e-14
68	4	9.36678e-06
68	5	5.52676e-05
68	6	9.78345e-06
68	7	9.2277e-06
68	8	9.83065e-06
68	9	1.18457e-05
68	10	1.2546e-05
68	11	1.0206e-05
68	12	1.0039e-05
68	13	1.00014e-14
68	14	9.29559e-06
68	15	9.3853e-06
68	16	2.80084e-15
68	17	9.51847e-06
68	18	9.22127e-06
68	19	1.0053e-05
68	20	9.25069e-06
68	21	9.77973e-06
68	22	8.37211e-16
68	23	9.53979e-06
68	24	1.46978e-14
68	25	1.1498e-05
68	26	1.03261e-05
68	27	9.15437e-06
68	28	1.02085e-05
68	29	9.14128e-06
68	30	9.15459e-06
68	31	9.82791e-06
68	32	9.83212e-06
68	33	9.22301e-06
68	34	1.65696e-05
68	35	9.26184e-06
68	36	9.36818e-06
68	37	1.1188e-05
68	38	1.02907e-05
68	39	9.7149e-06
68	40	1.00044e-05
68	41	0.1291
68	42	1.36271e-14
68	43	9.22068e-06
68	44	1.08406e-14
68	45	9.34063e-15
68	46	9.38277e-06
68	47	1.42518e-05
68	48	1.0847e-05
68	49	6.42761e-15
68	50	9.42319e-06
68	51	9.30722e-06
68	52	9.37161e-06
68	53	9.37001e-06
68	54	1.02672e-05
68	55	1.20081e-05
68	56	1.40105e-05
68	57	9.3639e-06
68	58	1.12741e-05
68	59	1.27992e-14
68	60	9.21911e-06
68	61	9.9304e-06
68	62	1.14522e-05
68	63	9.33652e-06
68	64	3.8534e-15
68	65	1.02501e-05
68	66	9.15021e-06
68	67	1.5365e-14
68	68	1.4408e-05
68	69	9.35726e-06
69	0	1.09959e-14
69	1	1.5427e-14
69	2	6.869e-06
69	3	4.06862e-06
69	4	4.31675e-06
69	5	5.02176e-05
69	6	4.73342e-06
69	7	4.17768e-06
69	8	4.78062e-06
69	9	6.79565e-06
69	10	7.49602e-06
69	11	5.15601e-06
69	12	4.98899e-06
69	13	4.06259e-06
69	14	4.24556e-06
69	15	4.33527e-06
69	16	1.38364e-14
69	17	4.46844e-06
69	18	4.17124e-06
69	19	5.00299e-06
69	20	4.20066e-06
69	21	4.7297e-06
69	22	4.09122e-06
69	23	4.48976e-06
69	24	4.18391e-06
69	25	6.44797e-06
69	26	5.27602e-06
69	27	4.10434e-06
69	28	5.15844e-06
69	29	4.09126e-06
69	30	4.10456e-06
69	31	4.77789e-06
69	32	4.78209e-06
69	33	4.17298e-06
69	34	1.15196e-05
69	35	4.21181e-06
69	36	4.31815e-06
69	37	6.13802e-06
69	38	5.2407e-06
69	39	4.66487e-06
69	40	4.95433e-06
69	41	0.129095
69	42	4.07987e-06
69	43	4.17065e-06
69	44	9.87221e-15
69	45	4.07654e-06
69	46	4.33274e-06
69	47	9.20181e-06
69	48	5.79699e-06
69	49	9.23391e-15
69	50	4.37316e-06
69	51	4.25719e-06
69	52	4.32159e-06
69	53	4.31999e-06
69	54	5.21715e-06
69	55	6.95808e-06
69	56	8.96044e-06
69	57	4.31387e-06
69	58	6.2241e-06
69	59	4.07331e-06
69	60	4.16908e-06
69	61	4.88037e-06
69	62	6.40214e-06
69	63	4.28649e-06
69	64	1.7362e-16
69	65	5.20004e-06
69	66	4.10018e-06
69	67	2.70008e-15
69	68	9.35794e-06
69	69	4.30723e-06
