0	0	2.6222e-14
0	1	1.93239e-14
0	2	1.34051e-14
0	3	0.00103382
0	4	1.71847e-15
0	5	1.47391e-14
0	6	0.00040867
0	7	9.3805e-15
0	8	9.40314e-15
0	9	0.000727208
0	10	6.10971e-15
0	11	1.01829e-15
0	12	1.73574e-14
0	13	2.44093e-14
0	14	0.000375157
0	15	1.55762e-15
0	16	0.000705167
0	17	2.58186e-14
0	18	6.11422e-15
0	19	2.27168e-14
0	20	4.32742e-15
0	21	9.79524e-15
0	22	0.117567
0	23	2.25741e-14
0	24	1.81547e-14
0	25	1.41227e-15
0	26	2.13993e-14
0	27	8.07221e-15
0	28	4.40538e-15
0	29	0.000983462
0	30	2.15191e-14
0	31	1.37509e-14
0	32	1.24581e-14
0	33	2.3733e-14
0	34	0.000435936
0	35	9.00821e-15
0	36	0.00114604
0	37	0.000779724
0	38	2.57523e-14
0	39	7.06229e-15
0	40	0.000390599
0	41	2.53072e-14
0	42	1.16774e-14
0	43	0.00267106
0	44	7.94636e-15
0	45	2.24104e-14
0	46	6.90352e-15
0	47	2.01758e-14
0	48	0.000504129
0	49	3.33489e-15
0	50	1.39762e-14
0	51	1.16785e-15
0	52	1.37523e-14
0	53	1.1805e-14
0	54	0.00313526
0	55	1.74899e-14
0	56	7.07091e-16
0	57	2.08549e-14
0	58	2.14608e-14
0	59	0.000822505
1	0	2.12219e-14
1	1	0.00178344
1	2	0.00139801
1	3	0.00187893
1	4	2.55218e-14
1	5	0.00121975
1	6	0.00125378
1	7	0.00132261
1	8	2.34829e-14
1	9	0.00157232
1	10	0.00135331
1	11	0.00131447
1	12	0.0020698
1	13	0.00132197
1	14	0.00122027
1	15	1.86463e-15
1	16	0.00155028
1	17	0.00158737
1	18	0.00123318
1	19	1.41708e-14
1	20	0.00146089
1	21	0.00122629
1	22	0.118412
1	23	0.00121871
1	24	0.00121818
1	25	6.79386e-15
1	26	1.23888e-14
1	27	0.00209768
1	28	2.61938e-14
1	29	0.00182857
1	30	0.00123654
1	31	0.001234
1	32	0.00123171
1	33	0.00163882
1	34	0.00128105
1	35	0.00157587
1	36	0.00199115
1	37	0.00162484
1	38	0.0016945
1	39	0.00483237
1	40	0.00123571
1	41	0.0016539
1	42	0.00125403
1	43	0.00351618
1	44	0.00140741
1	45	0.00194887
1	46	0.00123036
1	47	0.00151719
1	48	0.00134924
1	49	0.00126897
1	50	0.00121883
1	51	0.00159171
1	52	0.00240663
1	53	0.00153236
1	54	0.00398037
1	55	0.0020237
1	56	0.00128802
1	57	0.00177337
1	58	0.00125952
1	59	0.00166762
2	0	2.14503e-14
2	1	0.00164213
2	2	0.00125671
2	3	0.00173762
2	4	0.00107796
2	5	1.10039e-14
2	6	0.00111248
2	7	0.0011813
2	8	1.67353e-14
2	9	0.00143102
2	10	0.00121201
2	11	0.00117317
2	12	0.0019285
2	13	0.00118066
2	14	0.00107896
2	15	5.8882e-15
2	16	0.00140897
2	17	0.00144606
2	18	0.00109187
2	19	1.81236e-14
2	20	0.00131959
2	21	0.00108499
2	22	0.118271
2	23	0.0010774
2	24	2.53468e-14
2	25	4.78469e-15
2	26	1.87846e-14
2	27	0.00195637
2	28	1.29996e-14
2	29	0.00168727
2	30	0.00109524
2	31	0.0010927
2	32	0.0010904
2	33	0.00149752
2	34	0.00113974
2	35	0.00143457
2	36	0.00184984
2	37	0.00148353
2	38	0.00155319
2	39	0.00469106
2	40	0.00109441
2	41	0.0015126
2	42	5.80487e-15
2	43	0.00337487
2	44	0.00126611
2	45	0.00180757
2	46	0.00108906
2	47	0.00137589
2	48	0.00120794
2	49	0.00112767
2	50	0.00107753
2	51	0.0014504
2	52	0.00226533
2	53	0.00139106
2	54	0.00383906
2	55	0.0018824
2	56	0.00114672
2	57	0.00163207
2	58	0.00111822
2	59	0.00152631
3	0	7.89166e-15
3	1	0.00150102
3	2	0.00111559
3	3	0.00159651
3	4	7.95304e-15
3	5	0.000937324
3	6	0.00097136
3	7	0.00104018
3	8	1.31046e-14
3	9	0.0012899
3	10	0.00107089
3	11	0.00103205
3	12	0.00178738
3	13	0.00103954
3	14	0.000937846
3	15	1.98005e-15
3	16	0.00126786
3	17	0.00130494
3	18	0.000950754
3	19	0.00100788
3	20	0.00117847
3	21	0.000943872
3	22	0.11813
3	23	0.000936284
3	24	1.84222e-14
3	25	1.10493e-14
3	26	1.96278e-15
3	27	0.00181526
3	28	2.07977e-14
3	29	0.00154615
3	30	0.000954122
3	31	0.000951581
3	32	0.000949285
3	33	0.0013564
3	34	0.000998626
3	35	0.00129345
3	36	0.00170873
3	37	0.00134241
3	38	0.00141208
3	39	0.00454995
3	40	0.000953288
3	41	0.00137148
3	42	0.000971611
3	43	0.00323375
3	44	0.00112499
3	45	0.00166645
3	46	0.000947942
3	47	0.00123477
3	48	0.00106682
3	49	0.000986552
3	50	0.000936412
3	51	0.00130929
3	52	0.00212421
3	53	0.00124994
3	54	0.00369795
3	55	0.00174128
3	56	0.0010056
3	57	0.00149095
3	58	0.000977098
3	59	0.00138519
4	0	2.00078e-14
4	1	0.00100081
4	2	0.000615385
4	3	0.0010963
4	4	7.07172e-15
4	5	1.51293e-14
4	6	0.000471153
4	7	0.000539977
4	8	6.84342e-15
4	9	0.000789691
4	10	2.61911e-14
4	11	2.61762e-14
4	12	0.00128718
4	13	0.000539336
4	14	0.00043764
4	15	4.31497e-15
4	16	0.00076765
4	17	0.000804738
4	18	1.54574e-14
4	19	1.76434e-14
4	20	0.000678261
4	21	1.7239e-14
4	22	0.117629
4	23	2.19357e-14
4	24	1.38456e-14
4	25	6.79536e-15
4	26	1.5007e-14
4	27	0.00131505
4	28	2.19711e-14
4	29	0.00104594
4	30	0.000453915
4	31	2.34713e-14
4	32	5.77658e-15
4	33	0.00085619
4	34	0.000498419
4	35	0.000793242
4	36	0.00120852
4	37	0.000842207
4	38	0.000911869
4	39	0.00404974
4	40	0.000453082
4	41	2.56289e-14
4	42	1.61622e-14
4	43	0.00273355
4	44	0.000624781
4	45	0.00116624
4	46	0.000447736
4	47	0.000734566
4	48	5.29743e-15
4	49	0.000486345
4	50	0.000436206
4	51	1.79502e-14
4	52	2.55897e-14
4	53	0.000749735
4	54	0.00319774
4	55	0.00124107
4	56	1.47154e-14
4	57	0.000990742
4	58	0.000476891
4	59	0.000884988
5	0	1.02919e-14
5	1	0.000876901
5	2	0.000491478
5	3	0.000972391
5	4	2.32623e-14
5	5	0.00031321
5	6	0.000347245
5	7	0.00041607
5	8	1.04803e-14
5	9	0.000665783
5	10	1.37704e-14
5	11	0.000407934
5	12	0.00116327
5	13	0.000415428
5	14	0.000313732
5	15	1.06457e-14
5	16	0.000643742
5	17	0.000680831
5	18	7.6962e-16
5	19	1.8892e-14
5	20	0.000554354
5	21	0.000319758
5	22	0.117505
5	23	0.000312169
5	24	0.00031164
5	25	1.49721e-15
5	26	9.92574e-15
5	27	0.00119114
5	28	9.48387e-16
5	29	0.000922037
5	30	0.000330008
5	31	0.000327466
5	32	0.000325171
5	33	0.000732282
5	34	0.000374511
5	35	0.000669335
5	36	0.00108461
5	37	0.000718299
5	38	0.000787961
5	39	0.00392583
5	40	0.000329174
5	41	0.000747368
5	42	0.000347497
5	43	0.00260964
5	44	0.000500873
5	45	0.00104234
5	46	2.06121e-15
5	47	0.000610658
5	48	0.000442704
5	49	0.000362438
5	50	0.000312298
5	51	0.000685172
5	52	0.0015001
5	53	0.000625827
5	54	0.00307383
5	55	0.00111716
5	56	0.000381486
5	57	0.000866834
5	58	2.18747e-15
5	59	0.00076108
6	0	1.72668e-14
6	1	0.000937944
6	2	0.000552522
6	3	0.00103344
6	4	0.000373768
6	5	0.000374254
6	6	0.000408289
6	7	0.000477113
6	8	1.32825e-14
6	9	0.000726827
6	10	0.000507817
6	11	0.000468978
6	12	0.00122431
6	13	0.000476472
6	14	0.000374776
6	15	1.08534e-14
6	16	0.000704786
6	17	0.000741874
6	18	0.000387683
6	19	0.00044481
6	20	0.000615397
6	21	0.000380801
6	22	0.117566
6	23	0.000373213
6	24	0.000372684
6	25	2.59993e-14
6	26	2.2598e-16
6	27	0.00125218
6	28	1.76696e-14
6	29	0.000983081
6	30	0.000391051
6	31	0.00038851
6	32	0.000386214
6	33	0.000793326
6	34	0.000435555
6	35	0.000730378
6	36	0.00114566
6	37	0.000779343
6	38	0.000849005
6	39	0.00398688
6	40	0.000390218
6	41	0.000808411
6	42	0.00040854
6	43	0.00267068
6	44	0.000561917
6	45	0.00110338
6	46	0.000384872
6	47	0.000671702
6	48	0.000503748
6	49	0.000423482
6	50	0.000373342
6	51	0.000746215
6	52	0.00156114
6	53	0.000686871
6	54	0.00313488
6	55	0.00117821
6	56	0.00044253
6	57	0.000927878
6	58	0.000414027
6	59	0.000822124
7	0	2.35685e-14
7	1	0.00159383
7	2	0.00120841
7	3	0.00168932
7	4	2.80634e-15
7	5	0.00103014
7	6	0.00106417
7	7	0.001133
7	8	1.02601e-14
7	9	0.00138271
7	10	0.0011637
7	11	0.00112486
7	12	0.0018802
7	13	0.00113236
7	14	0.00103066
7	15	2.61354e-14
7	16	0.00136067
7	17	0.00139776
7	18	0.00104357
7	19	0.0011007
7	20	0.00127128
7	21	0.00103669
7	22	0.118222
7	23	0.0010291
7	24	2.4356e-14
7	25	0.00109317
7	26	2.4825e-14
7	27	0.00190807
7	28	7.79754e-15
7	29	0.00163897
7	30	0.00104694
7	31	0.0010444
7	32	0.0010421
7	33	0.00144921
7	34	0.00109144
7	35	0.00138626
7	36	0.00180154
7	37	0.00143523
7	38	0.00150489
7	39	0.00464276
7	40	0.0010461
7	41	0.0014643
7	42	1.33951e-14
7	43	0.00332657
7	44	0.0012178
7	45	0.00175927
7	46	0.00104076
7	47	0.00132759
7	48	0.00115963
7	49	0.00107937
7	50	0.00102923
7	51	0.0014021
7	52	0.00221703
7	53	0.00134276
7	54	0.00379076
7	55	0.00183409
7	56	0.00109842
7	57	0.00158376
7	58	0.00106991
7	59	0.00147801
8	0	1.97382e-14
8	1	0.00203986
8	2	2.46682e-14
8	3	2.20083e-14
8	4	3.01839e-16
8	5	1.41305e-14
8	6	2.27627e-14
8	7	1.3103e-14
8	8	7.3602e-15
8	9	1.41136e-14
8	10	2.34264e-18
8	11	1.3072e-14
8	12	9.01543e-15
8	13	0.00157839
8	14	1.34662e-14
8	15	2.43151e-14
8	16	0.0018067
8	17	1.45971e-14
8	18	3.28314e-15
8	19	8.00419e-15
8	20	6.1156e-15
8	21	6.74095e-15
8	22	0.118668
8	23	1.39664e-14
8	24	8.02464e-15
8	25	1.75204e-14
8	26	1.2802e-14
8	27	1.78439e-14
8	28	2.3724e-14
8	29	0.00208499
8	30	0.00149296
8	31	2.35559e-14
8	32	8.29652e-16
8	33	0.00189524
8	34	2.17133e-14
8	35	2.52813e-14
8	36	4.90597e-15
8	37	1.1636e-14
8	38	0.00195092
8	39	0.00508879
8	40	3.06107e-15
8	41	1.00562e-15
8	42	1.42621e-14
8	43	2.27949e-14
8	44	3.00035e-15
8	45	2.50256e-14
8	46	1.6918e-15
8	47	8.96509e-15
8	48	2.8357e-15
8	49	1.27584e-14
8	50	1.54533e-14
8	51	1.72345e-14
8	52	6.68568e-15
8	53	2.30612e-14
8	54	2.4379e-14
8	55	1.28511e-14
8	56	2.25336e-14
8	57	1.97271e-14
8	58	1.38128e-15
8	59	0.00192404
9	0	0.000996688
9	1	0.00156186
9	2	0.00117644
9	3	0.00165735
9	4	3.99154e-15
9	5	9.06099e-15
9	6	0.0010322
9	7	0.00110103
9	8	1.95034e-14
9	9	0.00135074
9	10	0.00113173
9	11	0.00109289
9	12	0.00184823
9	13	0.00110039
9	14	0.00099869
9	15	7.23297e-15
9	16	0.0013287
9	17	0.00136579
9	18	0.0010116
9	19	0.00106872
9	20	0.00123931
9	21	0.00100472
9	22	0.11819
9	23	0.000997127
9	24	0.000996598
9	25	0.0010612
9	26	1.58392e-14
9	27	0.0018761
9	28	8.85371e-15
9	29	0.00160699
9	30	0.00101497
9	31	0.00101242
9	32	0.00101013
9	33	0.00141724
9	34	0.00105947
9	35	0.00135429
9	36	0.00176957
9	37	0.00140326
9	38	0.00147292
9	39	0.00461079
9	40	0.00101413
9	41	0.00143233
9	42	0.00103245
9	43	0.0032946
9	44	0.00118583
9	45	0.00172729
9	46	0.00100879
9	47	0.00129562
9	48	0.00112766
9	49	0.0010474
9	50	0.000997256
9	51	0.00137013
9	52	0.00218505
9	53	0.00131079
9	54	0.00375879
9	55	0.00180212
9	56	0.00106644
9	57	0.00155179
9	58	0.00103794
9	59	0.00144604
10	0	2.38444e-14
10	1	2.40502e-14
10	2	1.81817e-14
10	3	1.40061e-14
10	4	2.29849e-14
10	5	1.01235e-15
10	6	2.25066e-14
10	7	1.46575e-14
10	8	1.54941e-14
10	9	2.15552e-14
10	10	1.04727e-14
10	11	1.08278e-14
10	12	2.8158e-16
10	13	1.24934e-14
10	14	1.10958e-14
10	15	6.37907e-15
10	16	1.56996e-14
10	17	1.40233e-14
10	18	3.35142e-15
10	19	1.59964e-15
10	20	1.89424e-14
10	21	2.50286e-14
10	22	2.90967e-15
10	23	2.44265e-14
10	24	1.2467e-15
10	25	2.45631e-14
10	26	1.32776e-14
10	27	4.80331e-15
10	28	1.69339e-14
10	29	8.93768e-15
10	30	1.40511e-14
10	31	1.91571e-15
10	32	3.63872e-15
10	33	5.05666e-15
10	34	2.55576e-14
10	35	2.44869e-14
10	36	1.83835e-14
10	37	1.92742e-14
10	38	9.88031e-15
10	39	1.844e-14
10	40	2.60965e-14
10	41	7.31725e-15
10	42	1.6743e-15
10	43	2.26517e-14
10	44	1.0005e-14
10	45	1.65414e-14
10	46	2.17827e-15
10	47	3.81831e-15
10	48	1.78723e-14
10	49	2.33509e-14
10	50	1.68523e-14
10	51	1.80716e-14
10	52	2.40682e-14
10	53	8.20165e-15
10	54	2.04524e-14
10	55	2.11595e-14
10	56	9.84561e-16
10	57	2.50473e-14
10	58	3.22449e-15
10	59	1.87161e-14
11	0	8.86742e-16
11	1	0.000963463
11	2	0.000578041
11	3	0.00105895
11	4	2.50266e-14
11	5	0.000399773
11	6	0.000433808
11	7	0.000502632
11	8	2.27458e-14
11	9	0.000752346
11	10	0.000533336
11	11	0.000494497
11	12	0.00124983
11	13	0.000501991
11	14	0.000400295
11	15	2.4841e-14
11	16	0.000730305
11	17	0.000767393
11	18	1.12072e-14
11	19	0.000470329
11	20	0.000640916
11	21	0.00040632
11	22	0.117592
11	23	0.000398732
11	24	0.000398203
11	25	1.73726e-14
11	26	2.19867e-14
11	27	0.0012777
11	28	1.1739e-14
11	29	0.0010086
11	30	0.00041657
11	31	0.000414029
11	32	0.000411733
11	33	0.000818845
11	34	0.000461074
11	35	0.000755897
11	36	0.00117117
11	37	0.000804862
11	38	0.000874524
11	39	0.0040124
11	40	0.000415737
11	41	0.00083393
11	42	0.000434059
11	43	0.0026962
11	44	0.000587436
11	45	0.0011289
11	46	0.000410391
11	47	0.000697221
11	48	0.000529267
11	49	0.000449001
11	50	0.000398861
11	51	0.000771735
11	52	0.00158666
11	53	0.00071239
11	54	0.00316039
11	55	0.00120373
11	56	0.000468049
11	57	0.000953397
11	58	0.000439546
11	59	0.000847643
12	0	2.28266e-14
12	1	0.00249895
12	2	0.00211353
12	3	0.00259444
12	4	7.87341e-15
12	5	1.03314e-14
12	6	0.0019693
12	7	0.00203812
12	8	1.06028e-15
12	9	0.00228783
12	10	0.00206882
12	11	0.00202998
12	12	0.00278532
12	13	0.00203748
12	14	1.06657e-14
12	15	1.59902e-15
12	16	0.00226579
12	17	0.00230288
12	18	4.53675e-15
12	19	0.00200582
12	20	0.0021764
12	21	0.00194181
12	22	0.119127
12	23	0.00193422
12	24	1.43766e-15
12	25	1.41459e-14
12	26	1.86869e-14
12	27	0.00281319
12	28	1.30366e-14
12	29	0.00254409
12	30	0.00195206
12	31	0.00194952
12	32	0.00194722
12	33	0.00235433
12	34	0.00199656
12	35	0.00229138
12	36	0.00270666
12	37	0.00234035
12	38	0.00241001
12	39	0.00554788
12	40	0.00195122
12	41	0.00236942
12	42	0.00196955
12	43	0.00423169
12	44	0.00212292
12	45	0.00266439
12	46	0.00194588
12	47	0.00223271
12	48	0.00206475
12	49	0.00198449
12	50	0.00193435
12	51	0.00230722
12	52	0.00312215
12	53	0.00224788
12	54	0.00469588
12	55	0.00273921
12	56	0.00200354
12	57	0.00248888
12	58	6.95442e-15
12	59	0.00238313
13	0	1.77157e-14
13	1	0.000970227
13	2	0.000584804
13	3	0.00106572
13	4	1.67291e-15
13	5	0.000406536
13	6	0.000440572
13	7	0.000509396
13	8	4.60213e-15
13	9	0.00075911
13	10	0.000540099
13	11	0.000501261
13	12	0.00125659
13	13	0.000508755
13	14	0.000407058
13	15	2.10417e-14
13	16	0.000737069
13	17	0.000774157
13	18	0.000419966
13	19	0.000477093
13	20	0.00064768
13	21	0.000413084
13	22	0.117599
13	23	0.000405496
13	24	1.9378e-14
13	25	0.000469567
13	26	5.81236e-15
13	27	0.00128447
13	28	0.000507663
13	29	0.00101536
13	30	0.000423334
13	31	0.000420793
13	32	0.000418497
13	33	0.000825609
13	34	0.000467837
13	35	0.000762661
13	36	0.00117794
13	37	0.000811625
13	38	0.000881288
13	39	0.00401916
13	40	0.0004225
13	41	0.000840694
13	42	0.000440823
13	43	0.00270297
13	44	0.000594199
13	45	0.00113566
13	46	0.000417154
13	47	0.000703984
13	48	0.00053603
13	49	0.000455764
13	50	0.000405624
13	51	0.000778498
13	52	0.00159342
13	53	0.000719154
13	54	0.00316716
13	55	0.00121049
13	56	0.000474813
13	57	0.000960161
13	58	0.00044631
13	59	0.000854406
14	0	1.98378e-14
14	1	0.00103658
14	2	0.000651153
14	3	0.00113207
14	4	0.0004724
14	5	1.37395e-14
14	6	0.000506921
14	7	0.000575745
14	8	6.75313e-15
14	9	0.000825459
14	10	0.000606448
14	11	0.00056761
14	12	0.00132294
14	13	0.000575104
14	14	0.000473407
14	15	2.23671e-14
14	16	0.000803418
14	17	0.000840506
14	18	2.5837e-15
14	19	0.000543442
14	20	0.000714029
14	21	0.000479433
14	22	0.117665
14	23	1.85552e-14
14	24	2.04525e-14
14	25	2.20099e-14
14	26	2.47788e-14
14	27	0.00135082
14	28	1.3719e-14
14	29	0.00108171
14	30	0.000489683
14	31	1.58341e-14
14	32	1.94317e-14
14	33	0.000891958
14	34	0.000534187
14	35	0.00082901
14	36	0.00124429
14	37	0.000877975
14	38	0.000947637
14	39	0.00408551
14	40	0.000488849
14	41	0.000907043
14	42	3.69878e-15
14	43	0.00276932
14	44	0.000660549
14	45	0.00120201
14	46	0.000483503
14	47	0.000770334
14	48	0.000602379
14	49	0.000522113
14	50	0.000471973
14	51	0.000844847
14	52	0.00165977
14	53	0.000785503
14	54	0.00323351
14	55	0.00127684
14	56	0.000541162
14	57	0.00102651
14	58	0.000512659
14	59	0.000920756
15	0	5.7951e-15
15	1	8.68971e-15
15	2	0.00264749
15	3	0.0031284
15	4	1.09334e-14
15	5	8.75071e-15
15	6	0.00250326
15	7	0.00257208
15	8	1.86628e-14
15	9	0.00282179
15	10	2.59293e-14
15	11	2.20703e-14
15	12	6.19083e-15
15	13	0.00257144
15	14	8.15744e-15
15	15	1.23699e-14
15	16	0.00279975
15	17	0.00283684
15	18	1.96987e-14
15	19	7.06007e-15
15	20	2.36684e-14
15	21	0.00247577
15	22	0.119661
15	23	1.80476e-14
15	24	1.34183e-14
15	25	8.70441e-15
15	26	2.56177e-14
15	27	0.00334715
15	28	3.19465e-15
15	29	0.00307805
15	30	4.42841e-15
15	31	9.40795e-15
15	32	7.65186e-16
15	33	0.00288829
15	34	0.00253052
15	35	0.00282535
15	36	0.00324062
15	37	0.00287431
15	38	0.00294397
15	39	0.00608184
15	40	1.5605e-14
15	41	0.00290338
15	42	1.73867e-14
15	43	0.00476565
15	44	1.78075e-14
15	45	0.00319835
15	46	0.00247984
15	47	7.47203e-15
15	48	0.00259872
15	49	4.68957e-15
15	50	6.86816e-15
15	51	1.93738e-15
15	52	0.00365611
15	53	2.33092e-14
15	54	0.00522984
15	55	0.00327317
15	56	2.89231e-15
15	57	0.00302285
15	58	1.30226e-14
15	59	1.90989e-14
16	0	1.93509e-14
16	1	0.00137331
16	2	0.000987885
16	3	0.0014688
16	4	4.26295e-15
16	5	0.000809617
16	6	0.000843652
16	7	0.000912477
16	8	2.2104e-14
16	9	0.00116219
16	10	0.00094318
16	11	0.000904341
16	12	0.00165967
16	13	0.000911836
16	14	0.000810139
16	15	1.76782e-14
16	16	0.00114015
16	17	0.00117724
16	18	0.000823047
16	19	0.000880174
16	20	0.00105076
16	21	0.000816165
16	22	0.118002
16	23	0.000808576
16	24	0.000808047
16	25	0.000872647
16	26	2.19202e-14
16	27	0.00168755
16	28	2.36922e-14
16	29	0.00141844
16	30	0.000826415
16	31	0.000823873
16	32	0.000821578
16	33	0.00122869
16	34	0.000870918
16	35	0.00116574
16	36	0.00158102
16	37	0.00121471
16	38	0.00128437
16	39	0.00442224
16	40	0.000825581
16	41	0.00124377
16	42	0.000843904
16	43	0.00310605
16	44	0.00099728
16	45	0.00153874
16	46	0.000820235
16	47	0.00110707
16	48	0.000939111
16	49	0.000858845
16	50	0.000808705
16	51	0.00118158
16	52	0.0019965
16	53	0.00112223
16	54	0.00357024
16	55	0.00161357
16	56	0.000877893
16	57	0.00136324
16	58	0.000849391
16	59	0.00125749
17	0	3.89904e-15
17	1	0.00170191
17	2	0.00131649
17	3	0.0017974
17	4	6.77391e-15
17	5	0.00113822
17	6	0.00117226
17	7	0.00124108
17	8	1.2821e-14
17	9	0.00149079
17	10	0.00127178
17	11	0.00123295
17	12	0.00198828
17	13	0.00124044
17	14	0.00113874
17	15	4.93815e-15
17	16	0.00146875
17	17	0.00150584
17	18	0.00115165
17	19	0.00120878
17	20	0.00137936
17	21	0.00114477
17	22	0.11833
17	23	0.00113718
17	24	9.58678e-16
17	25	0.00120125
17	26	2.3449e-14
17	27	0.00201615
17	28	2.37712e-14
17	29	0.00174705
17	30	0.00115502
17	31	0.00115248
17	32	0.00115018
17	33	0.00155729
17	34	0.00119952
17	35	0.00149435
17	36	0.00190962
17	37	0.00154331
17	38	0.00161297
17	39	0.00475084
17	40	0.00115419
17	41	0.00157238
17	42	0.00117251
17	43	0.00343465
17	44	0.00132588
17	45	0.00186735
17	46	0.00114884
17	47	0.00143567
17	48	0.00126772
17	49	0.00118745
17	50	0.00113731
17	51	0.00151018
17	52	0.00232511
17	53	0.00145084
17	54	0.00389884
17	55	0.00194217
17	56	0.0012065
17	57	0.00169185
17	58	0.00117799
17	59	0.00158609
18	0	2.50393e-14
18	1	0.00124525
18	2	0.000859831
18	3	0.00134074
18	4	1.46666e-14
18	5	1.14961e-14
18	6	0.000715599
18	7	0.000784423
18	8	7.80523e-15
18	9	0.00103414
18	10	0.000815126
18	11	0.000776287
18	12	0.00153162
18	13	0.000783782
18	14	0.000682085
18	15	2.02704e-14
18	16	0.0010121
18	17	0.00104918
18	18	0.000694993
18	19	0.00075212
18	20	0.000922707
18	21	0.000688111
18	22	0.117874
18	23	0.000680522
18	24	1.23422e-14
18	25	0.000744593
18	26	1.75858e-15
18	27	0.00155949
18	28	2.6156e-14
18	29	0.00129039
18	30	0.000698361
18	31	0.000695819
18	32	3.92774e-15
18	33	0.00110064
18	34	0.000742864
18	35	0.00103769
18	36	0.00145296
18	37	0.00108665
18	38	0.00115631
18	39	0.00429419
18	40	0.000697527
18	41	0.00111572
18	42	0.00071585
18	43	0.00297799
18	44	0.000869226
18	45	0.00141069
18	46	0.000692181
18	47	0.000979011
18	48	0.000811057
18	49	0.000730791
18	50	0.000680651
18	51	0.00105352
18	52	0.00186845
18	53	0.000994181
18	54	0.00344219
18	55	0.00148552
18	56	0.00074984
18	57	0.00123519
18	58	0.000721337
18	59	0.00112943
19	0	2.07138e-14
19	1	0.00111869
19	2	0.000733266
19	3	6.1668e-15
19	4	1.49442e-14
19	5	8.84784e-15
19	6	2.52896e-14
19	7	2.17314e-14
19	8	1.49714e-14
19	9	0.000907572
19	10	1.20614e-14
19	11	1.73881e-14
19	12	1.98134e-14
19	13	0.000657217
19	14	8.21152e-15
19	15	2.31841e-14
19	16	0.000885531
19	17	0.000922619
19	18	2.19924e-14
19	19	3.77032e-15
19	20	1.44953e-14
19	21	1.80515e-14
19	22	0.117747
19	23	1.66416e-14
19	24	7.48567e-15
19	25	3.38922e-15
19	26	7.74532e-15
19	27	7.91093e-15
19	28	1.14568e-14
19	29	2.19806e-14
19	30	6.61604e-15
19	31	1.28269e-14
19	32	1.79602e-14
19	33	0.000974071
19	34	1.30087e-14
19	35	5.87686e-15
19	36	0.0013264
19	37	0.000960088
19	38	5.68734e-15
19	39	1.96184e-14
19	40	6.62575e-15
19	41	1.92318e-14
19	42	0.000589285
19	43	0.00285143
19	44	1.55856e-14
19	45	1.31387e-14
19	46	2.25014e-14
19	47	0.000852447
19	48	0.000684492
19	49	1.39149e-14
19	50	0.000554086
19	51	9.64703e-15
19	52	2.19572e-14
19	53	0.000867616
19	54	0.00331562
19	55	0.00135895
19	56	1.6212e-14
19	57	2.32956e-14
19	58	2.3835e-14
19	59	0.00100287
20	0	1.72922e-14
20	1	0.00154074
20	2	0.00115531
20	3	0.00163623
20	4	5.28567e-15
20	5	5.2022e-15
20	6	0.00101108
20	7	0.00107991
20	8	2.55072e-14
20	9	0.00132962
20	10	0.00111061
20	11	0.00107177
20	12	0.0018271
20	13	0.00107926
20	14	0.000977568
20	15	8.97218e-15
20	16	0.00130758
20	17	0.00134467
20	18	1.13773e-14
20	19	4.70474e-15
20	20	0.00121819
20	21	0.000983594
20	22	0.118169
20	23	2.73688e-15
20	24	0.000975476
20	25	2.27087e-14
20	26	2.50443e-14
20	27	0.00185498
20	28	6.47684e-15
20	29	0.00158587
20	30	0.000993844
20	31	5.74102e-15
20	32	0.000989007
20	33	0.00139612
20	34	0.00103835
20	35	0.00133317
20	36	0.00174845
20	37	0.00138214
20	38	0.0014518
20	39	0.00458967
20	40	0.00099301
20	41	0.0014112
20	42	0.00101133
20	43	0.00327348
20	44	0.00116471
20	45	0.00170617
20	46	0.000987664
20	47	0.00127449
20	48	0.00110654
20	49	0.00102627
20	50	0.000976134
20	51	0.00134901
20	52	0.00216393
20	53	0.00128966
20	54	0.00373767
20	55	0.001781
20	56	0.00104532
20	57	0.00153067
20	58	0.00101682
20	59	0.00142492
21	0	0.000382814
21	1	0.000947984
21	2	0.000562561
21	3	0.00104347
21	4	1.65599e-14
21	5	0.000384294
21	6	0.000418329
21	7	0.000487153
21	8	2.25853e-14
21	9	0.000736867
21	10	0.000517856
21	11	0.000479018
21	12	0.00123435
21	13	0.000486512
21	14	0.000384816
21	15	1.90377e-14
21	16	0.000714826
21	17	0.000751914
21	18	0.000397723
21	19	4.75789e-15
21	20	0.000625437
21	21	0.000390841
21	22	0.117577
21	23	0.000383253
21	24	0.000382724
21	25	1.18069e-14
21	26	1.14204e-14
21	27	0.00126222
21	28	1.49506e-14
21	29	0.000993121
21	30	0.000401091
21	31	0.00039855
21	32	0.000396254
21	33	0.000803366
21	34	0.000445595
21	35	0.000740418
21	36	0.0011557
21	37	0.000789383
21	38	0.000859045
21	39	0.00399692
21	40	0.000400258
21	41	0.000818451
21	42	0.00041858
21	43	0.00268072
21	44	0.000571957
21	45	0.00111342
21	46	0.000394912
21	47	0.000681742
21	48	0.000513788
21	49	0.000433521
21	50	0.000383382
21	51	0.000756255
21	52	0.00157118
21	53	0.000696911
21	54	0.00314492
21	55	0.00118825
21	56	0.00045257
21	57	0.000937918
21	58	0.000424067
21	59	0.000832164
22	0	3.9661e-15
22	1	0.0585416
22	2	0.0581562
22	3	0.0586371
22	4	0.0579774
22	5	1.56521e-14
22	6	0.0580119
22	7	0.0580808
22	8	2.06103e-14
22	9	0.0583305
22	10	0.0581115
22	11	0.0580726
22	12	0.058828
22	13	0.0580801
22	14	2.25844e-14
22	15	1.80746e-14
22	16	0.0583084
22	17	0.0583455
22	18	1.85968e-14
22	19	1.28004e-14
22	20	0.058219
22	21	0.0579844
22	22	0.17517
22	23	2.9082e-15
22	24	0.0579763
22	25	6.00499e-15
22	26	2.22802e-14
22	27	0.0588558
22	28	1.27764e-14
22	29	0.0585867
22	30	0.0579947
22	31	0.0579922
22	32	0.0579899
22	33	0.058397
22	34	0.0580392
22	35	0.058334
22	36	0.0587493
22	37	0.058383
22	38	0.0584527
22	39	0.0615905
22	40	0.0579939
22	41	0.0584121
22	42	0.0580122
22	43	0.0602743
22	44	0.0581656
22	45	0.058707
22	46	0.0579885
22	47	0.0582753
22	48	0.0581074
22	49	0.0580271
22	50	0.057977
22	51	0.0583499
22	52	0.0591648
22	53	0.0582905
22	54	0.0607385
22	55	0.0587819
22	56	0.0580462
22	57	0.0585315
22	58	0.0580177
22	59	0.0584258
23	0	2.87884e-15
23	1	2.19207e-14
23	2	0.000554739
23	3	0.00103565
23	4	2.60742e-14
23	5	2.58564e-15
23	6	0.000410506
23	7	0.000479331
23	8	1.62443e-14
23	9	0.000729044
23	10	0.000510034
23	11	0.000471195
23	12	0.00122653
23	13	0.000478689
23	14	0.000376993
23	15	1.1363e-14
23	16	0.000707003
23	17	0.000744092
23	18	1.84715e-14
23	19	2.29244e-14
23	20	2.23216e-14
23	21	0.000383019
23	22	0.117569
23	23	0.00037543
23	24	2.08464e-15
23	25	3.6279e-15
23	26	1.9202e-14
23	27	0.0012544
23	28	6.04341e-15
23	29	0.000985298
23	30	0.000393268
23	31	0.000390727
23	32	0.000388432
23	33	0.000795543
23	34	0.000437772
23	35	0.000732596
23	36	0.00114787
23	37	0.00078156
23	38	0.000851222
23	39	0.00398909
23	40	1.6976e-14
23	41	0.000810629
23	42	1.58355e-14
23	43	0.0026729
23	44	0.000564134
23	45	0.0011056
23	46	9.26142e-15
23	47	0.000673919
23	48	0.000505965
23	49	0.000425699
23	50	0.000375559
23	51	2.87811e-15
23	52	0.00156336
23	53	0.000689088
23	54	0.00313709
23	55	0.00118042
23	56	0.000444747
23	57	0.000930095
23	58	1.72886e-14
23	59	0.000824341
24	0	1.75473e-14
24	1	0.000687404
24	2	0.000301981
24	3	0.000782895
24	4	0.000123228
24	5	1.33475e-14
24	6	0.000157749
24	7	0.000226573
24	8	2.02527e-14
24	9	0.000476287
24	10	2.16714e-14
24	11	0.000218438
24	12	1.71716e-14
24	13	6.79269e-16
24	14	0.000124236
24	15	2.28979e-14
24	16	0.000454246
24	17	0.000491334
24	18	1.4814e-15
24	19	1.32862e-14
24	20	8.79435e-15
24	21	0.000130261
24	22	0.117316
24	23	6.271e-15
24	24	0.000122144
24	25	2.44936e-14
24	26	2.59718e-14
24	27	0.00100164
24	28	2.38278e-15
24	29	0.000732541
24	30	1.80164e-14
24	31	1.30925e-14
24	32	1.22674e-14
24	33	0.000542786
24	34	0.000185015
24	35	0.000479838
24	36	0.000895115
24	37	0.000528803
24	38	0.000598465
24	39	0.00373634
24	40	0.000139677
24	41	0.000557871
24	42	1.23356e-14
24	43	0.00242014
24	44	1.65218e-14
24	45	0.00085284
24	46	0.000134331
24	47	0.000421162
24	48	0.000253207
24	49	0.000172941
24	50	0.000122801
24	51	0.000495675
24	52	1.74014e-15
24	53	0.000436331
24	54	0.00288434
24	55	0.000927667
24	56	0.00019199
24	57	0.000677338
24	58	3.41213e-15
24	59	0.000571584
25	0	1.88665e-14
25	1	8.72839e-15
25	2	1.00107e-14
25	3	0.00129711
25	4	1.76808e-14
25	5	9.32725e-15
25	6	0.000671964
25	7	7.41441e-15
25	8	5.36567e-15
25	9	0.000990502
25	10	8.64796e-15
25	11	2.21204e-14
25	12	2.30907e-15
25	13	0.000740147
25	14	0.00063845
25	15	1.29686e-14
25	16	0.000968461
25	17	0.00100555
25	18	9.14746e-15
25	19	2.61351e-14
25	20	2.47904e-14
25	21	2.09323e-14
25	22	0.11783
25	23	2.38894e-14
25	24	7.90505e-15
25	25	0.000700958
25	26	2.54614e-14
25	27	0.00151586
25	28	2.40257e-14
25	29	0.00124676
25	30	1.49615e-14
25	31	1.4664e-14
25	32	2.09012e-14
25	33	0.001057
25	34	0.000699229
25	35	0.000994053
25	36	0.00140933
25	37	0.00104302
25	38	0.00111268
25	39	0.00425055
25	40	0.000653892
25	41	0.00107209
25	42	0.000672215
25	43	0.00293436
25	44	1.85329e-14
25	45	1.36197e-14
25	46	0.000648546
25	47	0.000935376
25	48	0.000767422
25	49	0.000687156
25	50	1.0515e-14
25	51	0.00100989
25	52	2.57941e-14
25	53	0.000950546
25	54	0.00339855
25	55	0.00144188
25	56	1.89845e-15
25	57	2.08485e-14
25	58	0.000677702
25	59	0.0010858
26	0	1.76088e-16
26	1	2.26023e-14
26	2	0.000253638
26	3	1.09522e-14
26	4	6.77278e-15
26	5	2.49321e-14
26	6	2.31014e-15
26	7	1.73419e-14
26	8	2.33478e-14
26	9	1.62777e-14
26	10	2.49267e-14
26	11	1.39088e-14
26	12	1.93981e-14
26	13	2.45265e-14
26	14	9.66939e-16
26	15	6.53266e-15
26	16	0.000405902
26	17	0.00044299
26	18	1.4235e-14
26	19	5.08438e-15
26	20	2.07946e-14
26	21	2.59488e-15
26	22	2.17765e-14
26	23	1.45264e-14
26	24	1.42172e-14
26	25	1.09294e-14
26	26	2.34986e-14
26	27	0.0009533
26	28	2.24654e-14
26	29	0.000684197
26	30	1.20666e-14
26	31	1.18971e-17
26	32	9.82382e-15
26	33	0.000494442
26	34	2.33193e-14
26	35	9.94916e-15
26	36	0.000846771
26	37	0.000480459
26	38	0.000550121
26	39	1.13896e-14
26	40	9.50446e-16
26	41	2.1547e-14
26	42	1.06559e-14
26	43	0.0023718
26	44	1.73888e-14
26	45	2.11087e-14
26	46	1.52056e-14
26	47	0.000372818
26	48	6.67219e-15
26	49	1.24214e-14
26	50	1.60849e-14
26	51	0.000447332
26	52	8.33408e-15
26	53	8.62161e-15
26	54	0.00283599
26	55	2.47102e-15
26	56	5.60478e-15
26	57	8.76374e-15
26	58	2.50809e-14
26	59	0.00052324
27	0	6.43414e-15
27	1	0.00201716
27	2	0.00163174
27	3	0.00211265
27	4	1.53813e-14
27	5	1.35673e-14
27	6	0.0014875
27	7	0.00155633
27	8	1.3414e-14
27	9	0.00180604
27	10	0.00158703
27	11	0.00154819
27	12	0.00230353
27	13	0.00155569
27	14	0.00145399
27	15	1.04122e-14
27	16	0.001784
27	17	0.00182109
27	18	0.0014669
27	19	0.00152402
27	20	0.00169461
27	21	0.00146002
27	22	0.118646
27	23	4.72222e-15
27	24	1.7645e-14
27	25	1.55257e-14
27	26	2.56151e-14
27	27	0.0023314
27	28	2.21037e-14
27	29	0.0020623
27	30	0.00147027
27	31	0.00146772
27	32	0.00146543
27	33	0.00187254
27	34	0.00151477
27	35	0.00180959
27	36	0.00222487
27	37	0.00185856
27	38	0.00192822
27	39	0.00506609
27	40	0.00146943
27	41	0.00188763
27	42	0.00148775
27	43	0.0037499
27	44	0.00164113
27	45	0.0021826
27	46	0.00146409
27	47	0.00175092
27	48	0.00158296
27	49	0.0015027
27	50	0.00145256
27	51	0.00182543
27	52	0.00264035
27	53	0.00176609
27	54	0.00421409
27	55	0.00225742
27	56	0.00152174
27	57	0.00200709
27	58	0.00149324
27	59	0.00190134
28	0	2.10378e-14
28	1	3.53752e-16
28	2	1.92569e-14
28	3	1.48814e-14
28	4	3.23632e-15
28	5	7.70275e-15
28	6	2.58974e-14
28	7	2.05662e-14
28	8	7.86989e-15
28	9	3.19123e-15
28	10	1.58189e-14
28	11	2.52872e-14
28	12	1.0425e-14
28	13	0.000650249
28	14	2.72301e-15
28	15	1.871e-14
28	16	3.43245e-16
28	17	8.64467e-18
28	18	1.20434e-14
28	19	2.18905e-14
28	20	1.48385e-14
28	21	1.71532e-14
28	22	0.11774
28	23	6.57543e-15
28	24	1.23579e-14
28	25	1.75855e-14
28	26	1.86967e-14
28	27	1.3351e-14
28	28	2.063e-14
28	29	0.00115686
28	30	0.000564828
28	31	1.30721e-14
28	32	1.13238e-14
28	33	0.000967103
28	34	0.000609331
28	35	8.01903e-16
28	36	7.08794e-16
28	37	7.76869e-15
28	38	1.88002e-14
28	39	4.60411e-15
28	40	2.51522e-14
28	41	2.18006e-14
28	42	2.40992e-14
28	43	3.59937e-15
28	44	2.61113e-14
28	45	5.21704e-15
28	46	4.59732e-15
28	47	1.60667e-14
28	48	4.81308e-15
28	49	2.39457e-14
28	50	2.38283e-15
28	51	1.93993e-14
28	52	3.91757e-15
28	53	0.000860647
28	54	0.00330865
28	55	0.00135198
28	56	3.34922e-15
28	57	1.73426e-14
28	58	1.08627e-14
28	59	1.0171e-14
29	0	2.50677e-14
29	1	0.00218784
29	2	0.00180242
29	3	0.00228333
29	4	1.13141e-15
29	5	2.19012e-14
29	6	0.00165819
29	7	0.00172701
29	8	4.96987e-15
29	9	0.00197672
29	10	0.00175771
29	11	0.00171888
29	12	0.00247421
29	13	0.00172637
29	14	0.00162467
29	15	1.95004e-14
29	16	0.00195468
29	17	0.00199177
29	18	1.78308e-14
29	19	1.32672e-14
29	20	0.0018653
29	21	0.0016307
29	22	0.118816
29	23	1.92991e-14
29	24	8.77425e-15
29	25	0.00168718
29	26	1.46955e-14
29	27	0.00250208
29	28	2.38284e-14
29	29	0.00223298
29	30	0.00164095
29	31	9.7773e-15
29	32	1.79334e-14
29	33	0.00204322
29	34	0.00168545
29	35	0.00198028
29	36	0.00239555
29	37	0.00202924
29	38	0.0020989
29	39	0.00523677
29	40	0.00164012
29	41	0.00205831
29	42	0.00165844
29	43	0.00392058
29	44	0.00181181
29	45	0.00235328
29	46	0.00163477
29	47	0.0019216
29	48	0.00175365
29	49	0.00167338
29	50	0.00162324
29	51	0.00199611
29	52	0.00281104
29	53	0.00193677
29	54	0.00438477
29	55	0.0024281
29	56	0.00169243
29	57	0.00217778
29	58	0.00166393
29	59	0.00207202
30	0	1.48297e-14
30	1	0.00109358
30	2	0.000708153
30	3	0.00118907
30	4	0.000529399
30	5	0.000529885
30	6	0.00056392
30	7	0.000632744
30	8	1.11922e-14
30	9	0.000882458
30	10	0.000663448
30	11	0.000624609
30	12	0.00137994
30	13	0.000632103
30	14	2.05471e-14
30	15	1.30768e-14
30	16	0.000860417
30	17	0.000897505
30	18	1.67263e-15
30	19	0.000600441
30	20	0.000771028
30	21	0.000536432
30	22	0.117722
30	23	0.000528844
30	24	2.40567e-14
30	25	0.000592915
30	26	2.19448e-14
30	27	0.00140782
30	28	1.24352e-14
30	29	0.00113871
30	30	0.000546682
30	31	0.000544141
30	32	1.44599e-14
30	33	0.000948957
30	34	0.000591186
30	35	0.000886009
30	36	0.00130129
30	37	0.000934974
30	38	0.00100464
30	39	0.00414251
30	40	0.000545849
30	41	0.000964042
30	42	0.000564171
30	43	0.00282631
30	44	0.000717548
30	45	0.00125901
30	46	0.000540503
30	47	0.000827333
30	48	0.000659379
30	49	0.000579113
30	50	0.000528973
30	51	0.000901846
30	52	0.00171677
30	53	0.000842502
30	54	0.00329051
30	55	0.00133384
30	56	0.000598161
30	57	0.00108351
30	58	0.000569658
30	59	0.000977755
31	0	2.39415e-14
31	1	0.000956327
31	2	0.000570905
31	3	0.00105182
31	4	6.27984e-16
31	5	0.000392637
31	6	0.000426672
31	7	0.000495496
31	8	1.51249e-14
31	9	0.00074521
31	10	0.0005262
31	11	0.000487361
31	12	0.00124269
31	13	0.000494855
31	14	5.92152e-15
31	15	1.69701e-14
31	16	0.000723169
31	17	0.000760257
31	18	1.66284e-14
31	19	4.36134e-15
31	20	0.00063378
31	21	0.000399184
31	22	0.117585
31	23	0.000391596
31	24	4.8619e-15
31	25	5.42068e-15
31	26	8.78548e-15
31	27	0.00127057
31	28	1.25394e-14
31	29	0.00100146
31	30	0.000409434
31	31	0.000406893
31	32	0.000404597
31	33	0.000811709
31	34	0.000453938
31	35	0.000748761
31	36	0.00116404
31	37	0.000797726
31	38	0.000867388
31	39	0.00400526
31	40	0.000408601
31	41	0.000826794
31	42	1.00151e-14
31	43	0.00268907
31	44	0.0005803
31	45	0.00112176
31	46	1.48556e-14
31	47	0.000690085
31	48	0.000522131
31	49	0.000441865
31	50	0.000391725
31	51	0.000764598
31	52	0.00157952
31	53	0.000705254
31	54	0.00315326
31	55	0.00119659
31	56	0.000460913
31	57	0.000946261
31	58	4.18517e-15
31	59	0.000840507
32	0	9.2749e-15
32	1	0.00102737
32	2	0.000641943
32	3	0.00112286
32	4	7.01142e-15
32	5	0.000463675
32	6	0.00049771
32	7	0.000566535
32	8	2.53037e-14
32	9	0.000816248
32	10	2.00206e-15
32	11	0.000558399
32	12	0.00131373
32	13	0.000565893
32	14	2.47643e-14
32	15	1.35056e-14
32	16	0.000794207
32	17	0.000831296
32	18	6.51529e-15
32	19	2.34115e-15
32	20	0.000704819
32	21	0.000470223
32	22	0.117656
32	23	0.000462634
32	24	0.000462105
32	25	1.55603e-15
32	26	1.77515e-14
32	27	0.00134161
32	28	6.90433e-15
32	29	0.0010725
32	30	0.000480473
32	31	0.000477931
32	32	0.000475636
32	33	0.000882747
32	34	0.000524976
32	35	0.0008198
32	36	0.00123508
32	37	0.000868764
32	38	0.000938426
32	39	0.0040763
32	40	0.000479639
32	41	0.000897833
32	42	2.47533e-14
32	43	0.0027601
32	44	0.000651338
32	45	0.0011928
32	46	0.000474293
32	47	0.000761123
32	48	0.000593169
32	49	0.000512903
32	50	0.000462763
32	51	0.000835637
32	52	0.00165056
32	53	0.000776292
32	54	0.0032243
32	55	0.00126763
32	56	0.000531951
32	57	0.0010173
32	58	0.000503449
32	59	0.000911545
33	0	9.31331e-15
33	1	0.00173415
33	2	0.00134873
33	3	0.00182964
33	4	2.50598e-14
33	5	0.00117046
33	6	0.0012045
33	7	0.00127332
33	8	3.57196e-15
33	9	0.00152304
33	10	0.00130403
33	11	0.00126519
33	12	0.00202052
33	13	0.00127268
33	14	0.00117098
33	15	1.00942e-14
33	16	0.001501
33	17	0.00153808
33	18	0.00118389
33	19	0.00124102
33	20	0.00141161
33	21	0.00117701
33	22	0.118363
33	23	0.00116942
33	24	6.59716e-15
33	25	0.00123349
33	26	7.63419e-15
33	27	0.00204839
33	28	6.41307e-15
33	29	0.00177929
33	30	0.00118726
33	31	0.00118472
33	32	0.00118242
33	33	0.00158954
33	34	0.00123176
33	35	0.00152659
33	36	0.00194186
33	37	0.00157555
33	38	0.00164521
33	39	0.00478309
33	40	0.00118643
33	41	0.00160462
33	42	3.11321e-15
33	43	0.00346689
33	44	0.00135813
33	45	0.00189959
33	46	0.00118108
33	47	0.00146791
33	48	0.00129996
33	49	0.00121969
33	50	0.00116955
33	51	0.00154242
33	52	0.00235735
33	53	0.00148308
33	54	0.00393108
33	55	0.00197442
33	56	0.00123874
33	57	0.00172409
33	58	0.00121024
33	59	0.00161833
34	0	0.000618359
34	1	0.00118353
34	2	0.000798106
34	3	0.00127902
34	4	0.000619353
34	5	0.000619839
34	6	0.000653874
34	7	0.000722698
34	8	1.01368e-14
34	9	0.000972412
34	10	0.000753401
34	11	0.000714563
34	12	0.0014699
34	13	0.000722057
34	14	0.000620361
34	15	1.67871e-14
34	16	0.000950371
34	17	0.000987459
34	18	0.000633268
34	19	0.000690395
34	20	0.000860982
34	21	0.000626386
34	22	0.117812
34	23	2.31256e-14
34	24	0.000618269
34	25	7.56706e-15
34	26	9.4457e-16
34	27	0.00149777
34	28	1.24728e-14
34	29	0.00122867
34	30	0.000636636
34	31	0.000634095
34	32	0.000631799
34	33	0.00103891
34	34	0.00068114
34	35	0.000975963
34	36	0.00139124
34	37	0.00102493
34	38	0.00109459
34	39	0.00423246
34	40	0.000635803
34	41	0.001054
34	42	0.000654125
34	43	0.00291627
34	44	0.000807502
34	45	0.00134897
34	46	0.000630457
34	47	0.000917287
34	48	0.000749333
34	49	0.000669066
34	50	0.000618927
34	51	0.0009918
34	52	0.00180672
34	53	0.000932456
34	54	0.00338046
34	55	0.00142379
34	56	0.000688115
34	57	0.00117346
34	58	0.000659612
34	59	0.00106771
35	0	2.63133e-15
35	1	0.00165711
35	2	0.00127169
35	3	0.0017526
35	4	1.9499e-14
35	5	0.00109342
35	6	0.00112746
35	7	0.00119628
35	8	1.63818e-14
35	9	0.001446
35	10	0.00122699
35	11	0.00118815
35	12	0.00194348
35	13	0.00119564
35	14	0.00109395
35	15	1.8949e-14
35	16	0.00142396
35	17	0.00146104
35	18	0.00110685
35	19	0.00116398
35	20	0.00133457
35	21	0.00109997
35	22	0.118286
35	23	2.10212e-14
35	24	0.00109185
35	25	1.47986e-14
35	26	2.55739e-14
35	27	0.00197135
35	28	5.52472e-15
35	29	0.00170225
35	30	0.00111022
35	31	0.00110768
35	32	0.00110538
35	33	0.0015125
35	34	0.00115472
35	35	0.00144955
35	36	0.00186482
35	37	0.00149851
35	38	0.00156817
35	39	0.00470605
35	40	0.00110939
35	41	0.00152758
35	42	0.00112771
35	43	0.00338985
35	44	0.00128109
35	45	0.00182255
35	46	0.00110404
35	47	0.00139087
35	48	0.00122292
35	49	0.00114265
35	50	0.00109251
35	51	0.00146538
35	52	0.00228031
35	53	0.00140604
35	54	0.00385405
35	55	0.00189738
35	56	0.0011617
35	57	0.00164705
35	58	0.0011332
35	59	0.00154129
36	0	2.52225e-14
36	1	0.00193966
36	2	0.00155424
36	3	0.00203515
36	4	0.00137548
36	5	1.30746e-14
36	6	0.00141
36	7	0.00147883
36	8	1.94439e-14
36	9	0.00172854
36	10	0.00150953
36	11	0.00147069
36	12	0.00222603
36	13	0.00147819
36	14	0.00137649
36	15	1.37479e-14
36	16	0.0017065
36	17	0.00174359
36	18	7.94098e-15
36	19	8.16058e-15
36	20	0.00161711
36	21	0.00138252
36	22	0.118568
36	23	0.00137493
36	24	0.0013744
36	25	8.50536e-15
36	26	1.46209e-14
36	27	0.0022539
36	28	2.29841e-14
36	29	0.00198479
36	30	0.00139277
36	31	0.00139022
36	32	0.00138793
36	33	0.00179504
36	34	0.00143727
36	35	0.00173209
36	36	0.00214737
36	37	0.00178106
36	38	0.00185072
36	39	0.00498859
36	40	0.00139193
36	41	0.00181013
36	42	4.56637e-15
36	43	0.0036724
36	44	0.00156363
36	45	0.00210509
36	46	0.00138659
36	47	0.00167342
36	48	0.00150546
36	49	0.0014252
36	50	0.00137506
36	51	0.00174793
36	52	0.00256285
36	53	0.00168859
36	54	0.00413659
36	55	0.00217992
36	56	0.00144424
36	57	0.00192959
36	58	0.00141574
36	59	0.00182384
37	0	1.89288e-14
37	1	0.0016243
37	2	0.00123888
37	3	0.00171979
37	4	2.19036e-14
37	5	2.39589e-14
37	6	0.00109464
37	7	0.00116347
37	8	1.0656e-14
37	9	0.00141318
37	10	0.00119417
37	11	0.00115533
37	12	0.00191067
37	13	0.00116283
37	14	0.00106113
37	15	9.40103e-15
37	16	0.00139114
37	17	0.00142823
37	18	1.54099e-14
37	19	0.00113116
37	20	0.00130175
37	21	0.00106716
37	22	0.118253
37	23	0.00105957
37	24	4.0903e-15
37	25	9.28757e-15
37	26	2.09705e-14
37	27	0.00193854
37	28	9.98119e-15
37	29	0.00166944
37	30	0.00107741
37	31	0.00107486
37	32	0.00107257
37	33	0.00147968
37	34	0.00112191
37	35	0.00141673
37	36	0.00183201
37	37	0.0014657
37	38	0.00153536
37	39	0.00467323
37	40	0.00107657
37	41	0.00149477
37	42	0.00109489
37	43	0.00335704
37	44	0.00124827
37	45	0.00178973
37	46	0.00107123
37	47	0.00135806
37	48	0.0011901
37	49	0.00110984
37	50	0.0010597
37	51	0.00143257
37	52	0.00224749
37	53	0.00137323
37	54	0.00382123
37	55	0.00186456
37	56	0.00112888
37	57	0.00161423
37	58	0.00110038
37	59	0.00150848
38	0	4.33974e-15
38	1	0.00151348
38	2	0.00112806
38	3	0.00160897
38	4	1.99727e-16
38	5	0.000949794
38	6	0.000983829
38	7	0.00105265
38	8	2.46272e-15
38	9	0.00130237
38	10	0.00108336
38	11	0.00104452
38	12	0.00179985
38	13	0.00105201
38	14	0.000950316
38	15	1.70868e-14
38	16	0.00128033
38	17	0.00131741
38	18	0.000963223
38	19	0.00102035
38	20	0.00119094
38	21	0.000956341
38	22	0.118142
38	23	0.000948753
38	24	6.27682e-15
38	25	2.42777e-14
38	26	1.72577e-14
38	27	0.00182772
38	28	1.92604e-14
38	29	0.00155862
38	30	0.000966591
38	31	0.00096405
38	32	0.000961754
38	33	0.00136887
38	34	0.00101109
38	35	0.00130592
38	36	0.00172119
38	37	0.00135488
38	38	0.00142454
38	39	0.00456242
38	40	0.000965758
38	41	0.00138395
38	42	2.15649e-14
38	43	0.00324622
38	44	0.00113746
38	45	0.00167892
38	46	0.000960412
38	47	0.00124724
38	48	0.00107929
38	49	0.000999021
38	50	0.000948882
38	51	0.00132176
38	52	0.00213668
38	53	0.00126241
38	54	0.00371042
38	55	0.00175375
38	56	0.00101807
38	57	0.00150342
38	58	0.000989567
38	59	0.00139766
39	0	4.13191e-15
39	1	0.00416522
39	2	0.0037798
39	3	0.00426071
39	4	2.20063e-14
39	5	0.00360153
39	6	0.00363556
39	7	0.00370439
39	8	1.84571e-14
39	9	0.0039541
39	10	0.00373509
39	11	0.00369625
39	12	0.00445159
39	13	0.00370375
39	14	3.48044e-15
39	15	1.99054e-14
39	16	0.00393206
39	17	0.00396915
39	18	0.00361496
39	19	4.11217e-15
39	20	0.00384267
39	21	0.00360808
39	22	0.120794
39	23	3.66735e-15
39	24	1.47086e-14
39	25	1.6411e-14
39	26	1.40055e-14
39	27	0.00447946
39	28	7.00874e-15
39	29	0.00421036
39	30	0.00361833
39	31	2.11266e-14
39	32	2.45955e-14
39	33	0.0040206
39	34	0.00366283
39	35	0.00395765
39	36	0.00437293
39	37	0.00400662
39	38	0.00407628
39	39	0.00721415
39	40	0.00361749
39	41	0.00403569
39	42	1.87783e-14
39	43	0.00589796
39	44	0.00378919
39	45	0.00433066
39	46	9.46424e-15
39	47	0.00389898
39	48	0.00373102
39	49	0.00365076
39	50	0.00360062
39	51	0.00397349
39	52	0.00478842
39	53	0.00391415
39	54	0.00636215
39	55	0.00440548
39	56	0.00366981
39	57	0.00415515
39	58	0.0036413
39	59	0.0040494
40	0	1.41654e-14
40	1	0.00115026
40	2	0.000764835
40	3	0.00124575
40	4	0.000586082
40	5	0.000586567
40	6	0.000620603
40	7	0.000689427
40	8	8.09501e-15
40	9	0.000939141
40	10	0.00072013
40	11	0.000681292
40	12	0.00143663
40	13	0.000688786
40	14	0.00058709
40	15	1.05289e-14
40	16	0.0009171
40	17	0.000954188
40	18	5.6057e-16
40	19	1.85306e-14
40	20	0.000827711
40	21	0.000593115
40	22	0.117779
40	23	9.83806e-15
40	24	1.00423e-14
40	25	0.000649598
40	26	8.6175e-15
40	27	0.0014645
40	28	1.58012e-14
40	29	0.00119539
40	30	0.000603365
40	31	2.19035e-14
40	32	2.42561e-14
40	33	0.00100564
40	34	0.000647869
40	35	0.000942692
40	36	0.00135797
40	37	0.000991657
40	38	0.00106132
40	39	0.00419919
40	40	0.000602531
40	41	0.00102073
40	42	0.000620854
40	43	0.002883
40	44	0.000774231
40	45	0.00131569
40	46	0.000597185
40	47	0.000884016
40	48	0.000716061
40	49	0.000635795
40	50	0.000585655
40	51	0.000958529
40	52	0.00177345
40	53	0.000899185
40	54	0.00334719
40	55	0.00139052
40	56	0.000654844
40	57	0.00114019
40	58	0.000626341
40	59	0.00103444
41	0	7.35846e-15
41	1	0.00171925
41	2	0.00133383
41	3	0.00181475
41	4	2.44036e-14
41	5	0.00115556
41	6	0.0011896
41	7	0.00125842
41	8	1.77797e-14
41	9	0.00150814
41	10	0.00128913
41	11	0.00125029
41	12	0.00200562
41	13	0.00125778
41	14	0.00115609
41	15	2.99873e-15
41	16	0.0014861
41	17	0.00152318
41	18	0.00116899
41	19	8.34748e-15
41	20	0.00139671
41	21	0.00116211
41	22	0.118348
41	23	0.00115452
41	24	2.28422e-14
41	25	1.43274e-14
41	26	2.61541e-14
41	27	0.00203349
41	28	2.89951e-16
41	29	0.00176439
41	30	0.00117236
41	31	0.00116982
41	32	0.00116752
41	33	0.00157464
41	34	0.00121687
41	35	0.00151169
41	36	0.00192697
41	37	0.00156065
41	38	0.00163032
41	39	0.00476819
41	40	0.00117153
41	41	0.00158972
41	42	0.00118985
41	43	0.00345199
41	44	0.00134323
41	45	0.00188469
41	46	0.00116618
41	47	0.00145301
41	48	0.00128506
41	49	0.00120479
41	50	0.00115465
41	51	0.00152753
41	52	0.00234245
41	53	0.00146818
41	54	0.00391619
41	55	0.00195952
41	56	0.00122384
41	57	0.00170919
41	58	0.00119534
41	59	0.00160343
42	0	1.42962e-14
42	1	0.00124035
42	2	0.00085493
42	3	0.00133584
42	4	2.42203e-14
42	5	4.5007e-15
42	6	0.000710698
42	7	0.000779522
42	8	6.98555e-15
42	9	0.00102924
42	10	4.92303e-15
42	11	0.000771387
42	12	0.00152672
42	13	0.000778881
42	14	0.000677185
42	15	1.72162e-15
42	16	0.00100719
42	17	0.00104428
42	18	0.000690092
42	19	0.000747219
42	20	0.000917806
42	21	0.00068321
42	22	0.117869
42	23	5.65154e-16
42	24	6.05248e-15
42	25	0.000739693
42	26	1.307e-14
42	27	0.00155459
42	28	2.53814e-14
42	29	0.00128549
42	30	0.00069346
42	31	5.10179e-16
42	32	0.000688623
42	33	0.00109574
42	34	0.000737964
42	35	0.00103279
42	36	0.00144806
42	37	0.00108175
42	38	0.00115141
42	39	0.00428928
42	40	0.000692626
42	41	0.00111082
42	42	0.000710949
42	43	0.00297309
42	44	0.000864326
42	45	0.00140579
42	46	0.00068728
42	47	0.000974111
42	48	0.000806156
42	49	0.00072589
42	50	0.00067575
42	51	0.00104862
42	52	0.00186355
42	53	0.00098928
42	54	0.00343728
42	55	0.00148062
42	56	0.000744939
42	57	0.00123029
42	58	0.000716436
42	59	0.00112453
43	0	1.59316e-14
43	1	0.00305504
43	2	0.00266962
43	3	0.00315053
43	4	9.70185e-15
43	5	7.43159e-15
43	6	0.00252538
43	7	0.00259421
43	8	2.30532e-14
43	9	0.00284392
43	10	0.00262491
43	11	0.00258607
43	12	0.00334141
43	13	0.00259357
43	14	8.0231e-15
43	15	8.91694e-15
43	16	0.00282188
43	17	0.00285897
43	18	5.20929e-15
43	19	2.26314e-14
43	20	0.00273249
43	21	0.0024979
43	22	0.119684
43	23	0.00249031
43	24	2.45473e-14
43	25	1.70021e-14
43	26	1.64657e-14
43	27	0.00336928
43	28	2.11846e-14
43	29	0.00310017
43	30	0.00250815
43	31	0.0025056
43	32	0.00250331
43	33	0.00291042
43	34	0.00255265
43	35	0.00284747
43	36	0.00326275
43	37	0.00289644
43	38	0.0029661
43	39	0.00610397
43	40	0.00250731
43	41	0.00292551
43	42	0.00252563
43	43	0.00478778
43	44	0.00267901
43	45	0.00322047
43	46	0.00250197
43	47	0.0027888
43	48	0.00262084
43	49	0.00254058
43	50	0.00249044
43	51	0.00286331
43	52	0.00367823
43	53	0.00280396
43	54	0.00525197
43	55	0.0032953
43	56	0.00255962
43	57	0.00304497
43	58	0.00253112
43	59	0.00293922
44	0	1.35834e-14
44	1	0.00170827
44	2	0.00132285
44	3	0.00180376
44	4	1.20777e-14
44	5	0.00114458
44	6	0.00117861
44	7	0.00124744
44	8	1.07144e-15
44	9	0.00149715
44	10	0.00127814
44	11	0.0012393
44	12	0.00199464
44	13	0.0012468
44	14	0.0011451
44	15	9.57098e-15
44	16	0.00147511
44	17	0.0015122
44	18	0.00115801
44	19	0.00121514
44	20	0.00138572
44	21	0.00115113
44	22	0.118337
44	23	0.00114354
44	24	2.00154e-14
44	25	0.00120761
44	26	1.75134e-14
44	27	0.00202251
44	28	1.17074e-14
44	29	0.00175341
44	30	0.00116138
44	31	0.00115883
44	32	0.00115654
44	33	0.00156365
44	34	0.00120588
44	35	0.0015007
44	36	0.00191598
44	37	0.00154967
44	38	0.00161933
44	39	0.0047572
44	40	0.00116054
44	41	0.00157874
44	42	0.00117887
44	43	0.00344101
44	44	0.00133224
44	45	0.00187371
44	46	0.0011552
44	47	0.00144203
44	48	0.00127407
44	49	0.00119381
44	50	0.00114367
44	51	0.00151654
44	52	0.00233146
44	53	0.0014572
44	54	0.0039052
44	55	0.00194853
44	56	0.00121286
44	57	0.0016982
44	58	0.00118435
44	59	0.00159245
45	0	2.28613e-14
45	1	1.95294e-14
45	2	2.04748e-14
45	3	2.18428e-14
45	4	8.28013e-16
45	5	1.85934e-14
45	6	1.92259e-14
45	7	1.90778e-14
45	8	7.1883e-15
45	9	1.86781e-14
45	10	1.07627e-14
45	11	6.69755e-15
45	12	1.94195e-14
45	13	1.9224e-14
45	14	1.2525e-14
45	15	5.81807e-15
45	16	0.00444476
45	17	1.46178e-15
45	18	2.40642e-14
45	19	6.96652e-15
45	20	2.27199e-14
45	21	2.61946e-15
45	22	0.121306
45	23	1.06929e-14
45	24	1.2045e-14
45	25	4.06887e-15
45	26	2.30697e-15
45	27	1.64081e-14
45	28	1.723e-14
45	29	1.42293e-14
45	30	2.99263e-15
45	31	2.54262e-15
45	32	8.68558e-15
45	33	2.48635e-14
45	34	1.03515e-15
45	35	1.38217e-14
45	36	0.00488562
45	37	7.85305e-16
45	38	1.74003e-14
45	39	1.49144e-14
45	40	1.90203e-14
45	41	2.46891e-14
45	42	7.02916e-15
45	43	1.87813e-14
45	44	7.20433e-15
45	45	1.20702e-14
45	46	7.72874e-15
45	47	8.78758e-15
45	48	8.0733e-15
45	49	1.36467e-14
45	50	1.9124e-14
45	51	1.6363e-14
45	52	8.05812e-15
45	53	2.08898e-14
45	54	2.14269e-14
45	55	1.60139e-14
45	56	1.18804e-15
45	57	1.4048e-14
45	58	8.04142e-16
45	59	1.55188e-14
46	0	1.66144e-14
46	1	0.0012924
46	2	0.000906977
46	3	0.00138789
46	4	0.000728224
46	5	1.43805e-15
46	6	0.000762745
46	7	0.000831569
46	8	9.08113e-15
46	9	0.00108128
46	10	0.000862272
46	11	0.000823434
46	12	0.00157877
46	13	0.000830928
46	14	0.000729232
46	15	2.2702e-14
46	16	0.00105924
46	17	0.00109633
46	18	0.000742139
46	19	0.000799266
46	20	0.000969853
46	21	0.000735257
46	22	0.117921
46	23	1.92127e-14
46	24	5.84586e-15
46	25	2.28923e-14
46	26	1.65957e-14
46	27	0.00160664
46	28	2.35577e-14
46	29	0.00133754
46	30	0.000745507
46	31	1.7191e-14
46	32	0.00074067
46	33	0.00114778
46	34	0.000790011
46	35	0.00108483
46	36	0.00150011
46	37	0.0011338
46	38	0.00120346
46	39	0.00434133
46	40	0.000744674
46	41	0.00116287
46	42	0.000762996
46	43	0.00302514
46	44	0.000916373
46	45	0.00145784
46	46	0.000739328
46	47	0.00102616
46	48	0.000858204
46	49	0.000777937
46	50	0.000727798
46	51	0.00110067
46	52	0.0019156
46	53	0.00104133
46	54	0.00348933
46	55	0.00153266
46	56	0.000796986
46	57	0.00128233
46	58	0.000768483
46	59	0.00117658
47	0	6.75453e-15
47	1	0.0016252
47	2	0.00123978
47	3	0.00172069
47	4	0.00106103
47	5	0.00106151
47	6	0.00109555
47	7	0.00116437
47	8	5.28515e-15
47	9	0.00141409
47	10	0.00119507
47	11	0.00115624
47	12	0.00191157
47	13	0.00116373
47	14	0.00106203
47	15	7.97847e-16
47	16	0.00139204
47	17	0.00142913
47	18	0.00107494
47	19	0.00113207
47	20	0.00130266
47	21	0.00106806
47	22	0.118254
47	23	0.00106047
47	24	1.53602e-15
47	25	1.31765e-14
47	26	1.62971e-14
47	27	0.00193944
47	28	1.10395e-14
47	29	0.00167034
47	30	0.00107831
47	31	0.00107577
47	32	0.00107347
47	33	0.00148058
47	34	0.00112281
47	35	0.00141764
47	36	0.00183291
47	37	0.0014666
47	38	0.00153626
47	39	0.00467413
47	40	0.00107748
47	41	0.00149567
47	42	0.0010958
47	43	0.00335794
47	44	0.00124918
47	45	0.00179064
47	46	0.00107213
47	47	0.00135896
47	48	0.00119101
47	49	0.00111074
47	50	0.0010606
47	51	0.00143347
47	52	0.0022484
47	53	0.00137413
47	54	0.00382213
47	55	0.00186547
47	56	0.00112979
47	57	0.00161514
47	58	0.00110129
47	59	0.00150938
48	0	0.00044479
48	1	0.00100996
48	2	0.000624538
48	3	0.00110545
48	4	0.000445785
48	5	0.00044627
48	6	0.000480305
48	7	0.00054913
48	8	4.97699e-15
48	9	0.000798843
48	10	0.000579833
48	11	0.000540994
48	12	0.00129633
48	13	0.000548489
48	14	0.000446792
48	15	2.80938e-15
48	16	0.000776802
48	17	0.000813891
48	18	3.40717e-16
48	19	9.97321e-15
48	20	0.000687414
48	21	0.000452818
48	22	0.117639
48	23	0.000445229
48	24	0.0004447
48	25	4.14862e-15
48	26	2.59047e-14
48	27	0.0013242
48	28	1.90036e-14
48	29	0.0010551
48	30	0.000463068
48	31	0.000460526
48	32	0.000458231
48	33	0.000865343
48	34	0.000507571
48	35	0.000802395
48	36	0.00121767
48	37	0.000851359
48	38	0.000921021
48	39	0.00405889
48	40	0.000462234
48	41	0.000880428
48	42	7.51415e-15
48	43	0.0027427
48	44	0.000633933
48	45	0.0011754
48	46	0.000456888
48	47	0.000743718
48	48	0.000575764
48	49	0.000495498
48	50	0.000445358
48	51	0.000818232
48	52	0.00163316
48	53	0.000758887
48	54	0.00320689
48	55	0.00125022
48	56	0.000514546
48	57	0.000999895
48	58	0.000486044
48	59	0.00089414
49	0	1.86506e-15
49	1	0.00161679
49	2	0.00123136
49	3	0.00171228
49	4	0.00105261
49	5	1.60092e-14
49	6	0.00108713
49	7	0.00115595
49	8	1.03746e-14
49	9	0.00140567
49	10	0.00118666
49	11	0.00114782
49	12	0.00190315
49	13	0.00115531
49	14	0.00105362
49	15	2.47475e-14
49	16	0.00138363
49	17	0.00142072
49	18	0.00106652
49	19	0.00112365
49	20	0.00129424
49	21	0.00105964
49	22	0.118245
49	23	2.93623e-15
49	24	1.45927e-15
49	25	0.00111613
49	26	7.96044e-15
49	27	0.00193103
49	28	1.87027e-14
49	29	0.00166192
49	30	0.00106989
49	31	5.3615e-15
49	32	0.00106506
49	33	0.00147217
49	34	0.0011144
49	35	0.00140922
49	36	0.0018245
49	37	0.00145818
49	38	0.00152785
49	39	0.00466572
49	40	0.00106906
49	41	0.00148725
49	42	0.00108738
49	43	0.00334953
49	44	0.00124076
49	45	0.00178222
49	46	0.00106371
49	47	0.00135054
49	48	0.00118259
49	49	0.00110232
49	50	0.00105218
49	51	0.00142506
49	52	0.00223998
49	53	0.00136571
49	54	0.00381372
49	55	0.00185705
49	56	0.00112137
49	57	0.00160672
49	58	0.00109287
49	59	0.00150097
50	0	2.31518e-14
50	1	0.000668399
50	2	0.000282977
50	3	0.00076389
50	4	2.04528e-14
50	5	0.000104709
50	6	0.000138744
50	7	0.000207568
50	8	2.52195e-14
50	9	0.000457282
50	10	4.2646e-15
50	11	0.000199433
50	12	0.000954766
50	13	0.000206927
50	14	0.000105231
50	15	8.71718e-15
50	16	0.000435241
50	17	0.000472329
50	18	1.59724e-15
50	19	6.83768e-15
50	20	0.000345852
50	21	0.000111256
50	22	0.117297
50	23	0.000103668
50	24	0.000103139
50	25	5.65643e-15
50	26	1.43537e-14
50	27	0.000982639
50	28	1.66133e-14
50	29	0.000713536
50	30	0.000121506
50	31	0.000118965
50	32	0.000116669
50	33	0.000523781
50	34	0.00016601
50	35	0.000460833
50	36	0.00087611
50	37	0.000509798
50	38	0.00057946
50	39	0.00371733
50	40	0.000120673
50	41	0.000538866
50	42	2.14242e-14
50	43	0.00240114
50	44	0.000292372
50	45	0.000833836
50	46	0.000115327
50	47	0.000402157
50	48	0.000234203
50	49	0.000153937
50	50	0.000103797
50	51	0.00047667
50	52	0.0012916
50	53	0.000417326
50	54	0.00286533
50	55	0.000908662
50	56	0.000172985
50	57	0.000658333
50	58	0.000144482
50	59	0.000552579
51	0	9.53201e-15
51	1	0.00176681
51	2	0.00138139
51	3	0.0018623
51	4	2.12889e-14
51	5	0.00120312
51	6	0.00123716
51	7	0.00130598
51	8	1.38877e-15
51	9	0.0015557
51	10	0.00133668
51	11	0.00129785
51	12	0.00205318
51	13	0.00130534
51	14	0.00120364
51	15	4.85447e-15
51	16	0.00153365
51	17	0.00157074
51	18	0.00121655
51	19	0.00127368
51	20	0.00144427
51	21	0.00120967
51	22	0.118395
51	23	0.00120208
51	24	0.00120155
51	25	0.00126615
51	26	2.55924e-14
51	27	0.00208105
51	28	1.18497e-14
51	29	0.00181195
51	30	0.00121992
51	31	0.00121738
51	32	0.00121508
51	33	0.00162219
51	34	0.00126442
51	35	0.00155925
51	36	0.00197452
51	37	0.00160821
51	38	0.00167787
51	39	0.00481574
51	40	0.00121909
51	41	0.00163728
51	42	0.00123741
51	43	0.00349955
51	44	0.00139078
51	45	0.00193225
51	46	0.00121374
51	47	0.00150057
51	48	0.00133262
51	49	0.00125235
51	50	0.00120221
51	51	0.00157508
51	52	0.00239001
51	53	0.00151574
51	54	0.00396374
51	55	0.00200708
51	56	0.0012714
51	57	0.00175675
51	58	0.0012429
51	59	0.00165099
52	0	6.65216e-15
52	1	0.0027206
52	2	0.00233517
52	3	0.00281609
52	4	2.22831e-14
52	5	2.76912e-15
52	6	0.00219094
52	7	0.00225976
52	8	8.73152e-15
52	9	0.00250948
52	10	0.00229047
52	11	0.00225163
52	12	0.00300696
52	13	0.00225912
52	14	0.00215743
52	15	1.52139e-14
52	16	0.00248744
52	17	0.00252453
52	18	1.31307e-14
52	19	0.00222746
52	20	0.00239805
52	21	0.00216345
52	22	0.119349
52	23	2.53322e-14
52	24	1.15114e-14
52	25	3.46462e-15
52	26	1.64276e-14
52	27	0.00303484
52	28	2.24335e-14
52	29	0.00276573
52	30	0.0021737
52	31	0.00217116
52	32	2.24121e-14
52	33	0.00257598
52	34	0.00221821
52	35	0.00251303
52	36	0.00292831
52	37	0.00256199
52	38	0.00263166
52	39	0.00576953
52	40	0.00217287
52	41	0.00259106
52	42	0.00219119
52	43	0.00445334
52	44	0.00234457
52	45	0.00288603
52	46	1.94173e-14
52	47	0.00245435
52	48	0.0022864
52	49	0.00220613
52	50	0.00215599
52	51	0.00252887
52	52	0.00334379
52	53	0.00246952
52	54	0.00491753
52	55	0.00296086
52	56	0.00222518
52	57	0.00271053
52	58	0.00219668
52	59	0.00260478
53	0	1.73094e-14
53	1	0.00171445
53	2	0.00132903
53	3	0.00180994
53	4	0.00115028
53	5	2.11065e-14
53	6	0.0011848
53	7	0.00125362
53	8	2.4279e-14
53	9	0.00150333
53	10	0.00128432
53	11	0.00124549
53	12	0.00200082
53	13	0.00125298
53	14	0.00115128
53	15	1.33132e-14
53	16	0.00148129
53	17	0.00151838
53	18	0.00116419
53	19	0.00122132
53	20	0.00139191
53	21	0.00115731
53	22	0.118343
53	23	0.00114972
53	24	6.7419e-15
53	25	2.16995e-14
53	26	1.4358e-15
53	27	0.00202869
53	28	2.44531e-14
53	29	0.00175959
53	30	0.00116756
53	31	0.00116502
53	32	0.00116272
53	33	0.00156983
53	34	0.00121206
53	35	0.00150689
53	36	0.00192216
53	37	0.00155585
53	38	0.00162551
53	39	0.00476338
53	40	0.00116673
53	41	0.00158492
53	42	0.00118505
53	43	0.00344719
53	44	0.00133842
53	45	0.00187989
53	46	0.00116138
53	47	0.00144821
53	48	0.00128026
53	49	0.00119999
53	50	0.00114985
53	51	0.00152272
53	52	0.00233765
53	53	0.00146338
53	54	0.00391138
53	55	0.00195472
53	56	0.00121904
53	57	0.00170439
53	58	0.00119054
53	59	0.00159863
54	0	2.0401e-14
54	1	0.00370987
54	2	0.00332444
54	3	0.00380536
54	4	0.00314569
54	5	0.00314618
54	6	0.00318021
54	7	0.00324904
54	8	1.08182e-14
54	9	0.00349875
54	10	0.00327974
54	11	0.0032409
54	12	0.00399623
54	13	0.00324839
54	14	0.0031467
54	15	4.56811e-15
54	16	0.00347671
54	17	0.0035138
54	18	0.00315961
54	19	1.19872e-14
54	20	0.00338732
54	21	0.00315272
54	22	0.120338
54	23	3.90704e-15
54	24	4.53598e-15
54	25	1.80688e-14
54	26	2.43154e-14
54	27	0.00402411
54	28	2.04642e-14
54	29	0.003755
54	30	0.00316297
54	31	0.00316043
54	32	0.00315814
54	33	0.00356525
54	34	0.00320748
54	35	0.0035023
54	36	0.00391758
54	37	0.00355127
54	38	0.00362093
54	39	0.0067588
54	40	0.00316214
54	41	0.00358033
54	42	0.00318046
54	43	0.00544261
54	44	0.00333384
54	45	0.0038753
54	46	0.00315679
54	47	0.00344362
54	48	0.00327567
54	49	0.0031954
54	50	0.00314526
54	51	0.00351814
54	52	0.00433306
54	53	0.00345879
54	54	0.0059068
54	55	0.00395013
54	56	0.00321445
54	57	0.0036998
54	58	0.00318595
54	59	0.00359405
55	0	8.23864e-16
55	1	0.00212364
55	2	0.00173821
55	3	0.00221913
55	4	2.55294e-14
55	5	0.00155994
55	6	0.00159398
55	7	0.0016628
55	8	1.3564e-14
55	9	0.00191252
55	10	0.00169351
55	11	0.00165467
55	12	0.00241
55	13	0.00166216
55	14	0.00156047
55	15	4.82219e-15
55	16	0.00189048
55	17	0.00192757
55	18	0.00157337
55	19	1.65336e-14
55	20	0.00180109
55	21	0.00156649
55	22	0.118752
55	23	0.0015589
55	24	0.00155837
55	25	0.00162297
55	26	2.21586e-14
55	27	0.00243788
55	28	1.43948e-14
55	29	0.00216877
55	30	0.00157674
55	31	0.0015742
55	32	0.00157191
55	33	0.00197902
55	34	0.00162125
55	35	0.00191607
55	36	0.00233135
55	37	0.00196503
55	38	0.0020347
55	39	0.00517257
55	40	0.00157591
55	41	0.0019941
55	42	1.28091e-14
55	43	0.00385637
55	44	0.00174761
55	45	0.00228907
55	46	0.00157056
55	47	0.00185739
55	48	0.00168944
55	49	0.00160917
55	50	0.00155903
55	51	0.00193191
55	52	0.00274683
55	53	0.00187256
55	54	0.00432057
55	55	0.0023639
55	56	0.00162822
55	57	0.00211357
55	58	0.00159972
55	59	0.00200781
56	0	2.50854e-14
56	1	0.00103392
56	2	0.000648502
56	3	0.00112942
56	4	1.86467e-14
56	5	0.000470234
56	6	0.000504269
56	7	0.000573094
56	8	4.51381e-15
56	9	0.000822807
56	10	0.000603797
56	11	0.000564958
56	12	0.00132029
56	13	0.000572452
56	14	0.000470756
56	15	2.8482e-15
56	16	0.000800766
56	17	0.000837854
56	18	1.41227e-14
56	19	4.62259e-15
56	20	0.000711377
56	21	0.000476782
56	22	0.117662
56	23	0.000469193
56	24	0.000468664
56	25	1.52937e-14
56	26	8.64391e-15
56	27	0.00134816
56	28	1.07216e-14
56	29	0.00107906
56	30	0.000487031
56	31	0.00048449
56	32	0.000482195
56	33	0.000889306
56	34	0.000531535
56	35	0.000826359
56	36	0.00124164
56	37	0.000875323
56	38	0.000944985
56	39	0.00408286
56	40	0.000486198
56	41	0.000904392
56	42	6.00933e-15
56	43	0.00276666
56	44	0.000657897
56	45	0.00119936
56	46	0.000480852
56	47	0.000767682
56	48	0.000599728
56	49	0.000519462
56	50	0.000469322
56	51	0.000842196
56	52	0.00165712
56	53	0.000782851
56	54	0.00323086
56	55	0.00127419
56	56	0.00053851
56	57	0.00102386
56	58	0.000510008
56	59	0.000918104
57	0	1.46069e-14
57	1	0.00177224
57	2	0.00138682
57	3	0.00186773
57	4	2.53112e-14
57	5	0.00120855
57	6	0.00124259
57	7	0.00131141
57	8	1.03266e-14
57	9	0.00156112
57	10	0.00134211
57	11	0.00130327
57	12	0.00205861
57	13	0.00131077
57	14	0.00120907
57	15	1.73394e-14
57	16	0.00153908
57	17	0.00157617
57	18	1.91219e-16
57	19	1.46893e-14
57	20	0.00144969
57	21	0.0012151
57	22	0.118401
57	23	0.00120751
57	24	1.62279e-14
57	25	2.29028e-14
57	26	1.61603e-14
57	27	0.00208648
57	28	2.23473e-15
57	29	0.00181738
57	30	0.00122535
57	31	0.00122281
57	32	0.00122051
57	33	0.00162762
57	34	0.00126985
57	35	0.00156467
57	36	0.00197995
57	37	0.00161364
57	38	0.0016833
57	39	0.00482117
57	40	0.00122451
57	41	0.00164271
57	42	0.00124284
57	43	0.00350498
57	44	0.00139621
57	45	0.00193768
57	46	0.00121917
57	47	0.001506
57	48	0.00133804
57	49	0.00125778
57	50	0.00120764
57	51	0.00158051
57	52	0.00239544
57	53	0.00152117
57	54	0.00396917
57	55	0.0020125
57	56	0.00127683
57	57	0.00176217
57	58	0.00124832
57	59	0.00165642
58	0	2.16404e-14
58	1	0.00135311
58	2	0.000967687
58	3	0.0014486
58	4	3.23989e-15
58	5	1.52903e-14
58	6	0.000823455
58	7	0.000892279
58	8	7.35772e-15
58	9	0.00114199
58	10	0.000922982
58	11	0.000884143
58	12	0.00163948
58	13	0.000891638
58	14	0.000789941
58	15	6.76154e-16
58	16	0.00111995
58	17	0.00115704
58	18	0.000802849
58	19	0.000859976
58	20	0.00103056
58	21	0.000795967
58	22	0.117982
58	23	6.03335e-15
58	24	2.54644e-14
58	25	0.000852449
58	26	1.74974e-14
58	27	0.00166735
58	28	1.66731e-14
58	29	0.00139825
58	30	0.000806217
58	31	3.03071e-15
58	32	1.31413e-14
58	33	0.00120849
58	34	0.00085072
58	35	0.00114554
58	36	0.00156082
58	37	0.00119451
58	38	0.00126417
58	39	0.00440204
58	40	0.000805383
58	41	0.00122358
58	42	0.000823706
58	43	0.00308585
58	44	0.000977082
58	45	0.00151855
58	46	0.000800037
58	47	0.00108687
58	48	0.000918913
58	49	0.000838647
58	50	0.000788507
58	51	0.00116138
58	52	0.00197631
58	53	0.00110204
58	54	0.00355004
58	55	0.00159337
58	56	0.000857696
58	57	0.00134304
58	58	0.000829193
58	59	0.00123729
59	0	1.58047e-14
59	1	0.00166655
59	2	0.00128112
59	3	0.00176204
59	4	2.95838e-15
59	5	0.00110286
59	6	0.00113689
59	7	0.00120572
59	8	1.80502e-14
59	9	0.00145543
59	10	0.00123642
59	11	0.00119758
59	12	0.00195291
59	13	0.00120507
59	14	0.00110338
59	15	2.37496e-14
59	16	0.00143339
59	17	0.00147048
59	18	0.00111629
59	19	0.00117341
59	20	0.001344
59	21	0.0011094
59	22	0.118295
59	23	2.80676e-15
59	24	2.54824e-14
59	25	0.00116589
59	26	2.44256e-14
59	27	0.00198079
59	28	1.72828e-14
59	29	0.00171168
59	30	0.00111965
59	31	0.00111711
59	32	0.00111482
59	33	0.00152193
59	34	0.00116416
59	35	0.00145898
59	36	0.00187426
59	37	0.00150795
59	38	0.00157761
59	39	0.00471548
59	40	0.00111882
59	41	0.00153701
59	42	0.00113714
59	43	0.00339929
59	44	0.00129052
59	45	0.00183198
59	46	0.00111347
59	47	0.0014003
59	48	0.00123235
59	49	0.00115208
59	50	0.00110194
59	51	0.00147482
59	52	0.00228974
59	53	0.00141547
59	54	0.00386348
59	55	0.00190681
59	56	0.00117113
59	57	0.00165648
59	58	0.00114263
59	59	0.00155073
