0    0.96875    1.6335e-06
0    0.970703    1.72276e-06
0    0.972656    1.82385e-06
0    0.974609    1.93989e-06
0    0.976562    2.07267e-06
0    0.978516    2.22631e-06
0    0.980469    2.40755e-06
0    0.982422    2.62443e-06
0    0.984375    2.88874e-06
0    0.986328    3.21908e-06
0    0.988281    3.64322e-06
0    0.990234    4.2083e-06
0    0.992188    5.00412e-06
0    0.994141    6.21653e-06
0    0.996094    8.29919e-06
0    0.998047    1.28298e-05
0    1    3.22826e-05
0    1.00195    0.000789951
0    1.00391    0.0026133
0    1.00586    0.00464686
0    1.00781    0.00676902
0    1.00977    0.00892564
0    1.01172    0.0110933
0    1.01367    0.0132781
0    1.01562    0.015478
0    1.01758    0.0176873
0    1.01953    0.0198975
0    1.02148    0.0221332
0    1.02344    0.0243761
0    1.02539    0.0266242
0    1.02734    0.0289043
0    1.0293    0.0311881
0    1.03125    0.0334698
0.03125    0.96875    1.5423e-06
0.03125    0.970703    1.61941e-06
0.03125    0.972656    1.70517e-06
0.03125    0.974609    1.80227e-06
0.03125    0.976562    1.91194e-06
0.03125    0.978516    2.03572e-06
0.03125    0.980469    2.18097e-06
0.03125    0.982422    2.34865e-06
0.03125    0.984375    2.54785e-06
0.03125    0.986328    2.78744e-06
0.03125    0.988281    3.08234e-06
0.03125    0.990234    3.45515e-06
0.03125    0.992188    3.93944e-06
0.03125    0.994141    4.59714e-06
0.03125    0.996094    5.55059e-06
0.03125    0.998047    7.05383e-06
0.03125    1    9.79767e-06
0.03125    1.00195    1.64212e-05
0.03125    1.00391    5.41214e-05
0.03125    1.00586    0.00132732
0.03125    1.00781    0.00342584
0.03125    1.00977    0.0055554
0.03125    1.01172    0.00770121
0.03125    1.01367    0.00986094
0.03125    1.01562    0.0120347
0.03125    1.01758    0.0142241
0.03125    1.01953    0.0164318
0.03125    1.02148    0.0186604
0.03125    1.02344    0.0209111
0.03125    1.02539    0.0231824
0.03125    1.02734    0.0254712
0.03125    1.0293    0.0277744
0.03125    1.03125    0.0300892
0.0625    0.96875    1.48552e-06
0.0625    0.970703    1.55516e-06
0.0625    0.972656    1.63271e-06
0.0625    0.974609    1.71892e-06
0.0625    0.976562    1.81653e-06
0.0625    0.978516    1.92674e-06
0.0625    0.980469    2.05288e-06
0.0625    0.982422    2.197e-06
0.0625    0.984375    2.36538e-06
0.0625    0.986328    2.56534e-06
0.0625    0.988281    2.8075e-06
0.0625    0.990234    3.10146e-06
0.0625    0.992188    3.47322e-06
0.0625    0.994141    3.95425e-06
0.0625    0.996094    4.60548e-06
0.0625    0.998047    5.53746e-06
0.0625    1    6.98151e-06
0.0625    1.00195    9.5256e-06
0.0625    1.00391    1.52167e-05
0.0625    1.00586    3.9101e-05
0.0625    1.00781    0.00095029
0.0625    1.00977    0.00312807
0.0625    1.01172    0.0053415
0.0625    1.01367    0.00756261
0.0625    1.01562    0.00978832
0.0625    1.01758    0.0120178
0.0625    1.01953    0.0142507
0.0625    1.02148    0.0164873
0.0625    1.02344    0.0187281
0.0625    1.02539    0.0209738
0.0625    1.02734    0.0232253
0.0625    1.0293    0.0254837
0.0625    1.03125    0.0277501
0.09375    0.96875    1.44393e-06
0.09375    0.970703    1.50907e-06
0.09375    0.972656    1.58164e-06
0.09375    0.974609    1.66052e-06
0.09375    0.976562    1.75003e-06
0.09375    0.978516    1.84942e-06
0.09375    0.980469    1.9635e-06
0.09375    0.982422    2.09214e-06
0.09375    0.984375    2.24282e-06
0.09375    0.986328    2.41668e-06
0.09375    0.988281    2.62481e-06
0.09375    0.990234    2.87466e-06
0.09375    0.992188    3.18162e-06
0.09375    0.994141    3.56904e-06
0.09375    0.996094    4.07326e-06
0.09375    0.998047    4.75421e-06
0.09375    1    5.73246e-06
0.09375    1.00195    7.2552e-06
0.09375    1.00391    9.94986e-06
0.09375    1.00586    1.60361e-05
0.09375    1.00781    4.2373e-05
0.09375    1.00977    0.00103312
0.09375    1.01172    0.00327392
0.09375    1.01367    0.00554486
0.09375    1.01562    0.00781951
0.09375    1.01758    0.010095
0.09375    1.01953    0.0123705
0.09375    1.02148    0.0146459
0.09375    1.02344    0.0169211
0.09375    1.02539    0.0191963
0.09375    1.02734    0.0214719
0.09375    1.0293    0.0237481
0.09375    1.03125    0.0260256
0.125    0.96875    1.41266e-06
0.125    0.970703    1.47399e-06
0.125    0.972656    1.54062e-06
0.125    0.974609    1.61667e-06
0.125    0.976562    1.69929e-06
0.125    0.978516    1.79111e-06
0.125    0.980469    1.89674e-06
0.125    0.982422    2.01405e-06
0.125    0.984375    2.15011e-06
0.125    0.986328    2.3073e-06
0.125    0.988281    2.49235e-06
0.125    0.990234    2.71147e-06
0.125    0.992188    2.97802e-06
0.125    0.994141    3.30487e-06
0.125    0.996094    3.72049e-06
0.125    0.998047    4.26585e-06
0.125    1    5.00981e-06
0.125    1.00195    6.08981e-06
0.125    1.00391    7.79952e-06
0.125    1.00586    1.09292e-05
0.125    1.00781    1.84756e-05
0.125    1.00977    6.06581e-05
0.125    1.01172    0.00144309
0.125    1.01367    0.00374044
0.125    1.01562    0.00605452
0.125    1.01758    0.00836942
0.125    1.01953    0.010683
0.125    1.02148    0.0129946
0.125    1.02344    0.0153041
0.125    1.02539    0.0176116
0.125    1.02734    0.0199171
0.125    1.0293    0.0222209
0.125    1.03125    0.0245232
0.15625    0.96875    1.38661e-06
0.15625    0.970703    1.44456e-06
0.15625    0.972656    1.50932e-06
0.15625    0.974609    1.57964e-06
0.15625    0.976562    1.65789e-06
0.15625    0.978516    1.74483e-06
0.15625    0.980469    1.84318e-06
0.15625    0.982422    1.95236e-06
0.15625    0.984375    2.07921e-06
0.15625    0.986328    2.22395e-06
0.15625    0.988281    2.39102e-06
0.15625    0.990234    2.58931e-06
0.15625    0.992188    2.82389e-06
0.15625    0.994141    3.11257e-06
0.15625    0.996094    3.46973e-06
0.15625    0.998047    3.92639e-06
0.15625    1    4.53168e-06
0.15625    1.00195    5.37068e-06
0.15625    1.00391    6.61555e-06
0.15625    1.00586    8.65572e-06
0.15625    1.00781    1.26097e-05
0.15625    1.00977    2.3531e-05
0.15625    1.01172    0.000147782
0.15625    1.01367    0.00211857
0.15625    1.01562    0.00445978
0.15625    1.01758    0.0068077
0.15625    1.01953    0.00915427
0.15625    1.02148    0.011498
0.15625    1.02344    0.0138386
0.15625    1.02539    0.016176
0.15625    1.02734    0.0185101
0.15625    1.0293    0.0208412
0.15625    1.03125    0.0231693
0.1875    0.96875    1.36664e-06
0.1875    0.970703    1.42153e-06
0.1875    0.972656    1.48301e-06
0.1875    0.974609    1.55156e-06
0.1875    0.976562    1.62597e-06
0.1875    0.978516    1.70691e-06
0.1875    0.980469    1.80053e-06
0.1875    0.982422    1.90434e-06
0.1875    0.984375    2.02146e-06
0.1875    0.986328    2.15538e-06
0.1875    0.988281    2.31014e-06
0.1875    0.990234    2.49232e-06
0.1875    0.992188    2.7061e-06
0.1875    0.994141    2.96443e-06
0.1875    0.996094    3.27945e-06
0.1875    0.998047    3.67652e-06
0.1875    1    4.1905e-06
0.1875    1.00195    4.88123e-06
0.1875    1.00391    5.86282e-06
0.1875    1.00586    7.3642e-06
0.1875    1.00781    9.95097e-06
0.1875    1.00977    1.54723e-05
0.1875    1.01172    3.52889e-05
0.1875    1.01367    0.000697151
0.1875    1.01562    0.00301492
0.1875    1.01758    0.00538901
0.1875    1.01953    0.00776412
0.1875    1.02148    0.0101363
0.1875    1.02344    0.0125047
0.1875    1.02539    0.0148692
0.1875    1.02734    0.0172296
0.1875    1.0293    0.0195861
0.1875    1.03125    0.0219388
0.21875    0.96875    1.34866e-06
0.21875    0.970703    1.40248e-06
0.21875    0.972656    1.46096e-06
0.21875    0.974609    1.52631e-06
0.21875    0.976562    1.59726e-06
0.21875    0.978516    1.6762e-06
0.21875    0.980469    1.76388e-06
0.21875    0.982422    1.86303e-06
0.21875    0.984375    1.97484e-06
0.21875    0.986328    2.10085e-06
0.21875    0.988281    2.2448e-06
0.21875    0.990234    2.41287e-06
0.21875    0.992188    2.6104e-06
0.21875    0.994141    2.84762e-06
0.21875    0.996094    3.13339e-06
0.21875    0.998047    3.48703e-06
0.21875    1    3.93711e-06
0.21875    1.00195    4.52779e-06
0.21875    1.00391    5.3408e-06
0.21875    1.00586    6.52915e-06
0.21875    1.00781    8.43316e-06
0.21875    1.00977    1.19735e-05
0.21875    1.01172    2.08587e-05
0.21875    1.01367    7.99128e-05
0.21875    1.01562    0.00171101
0.21875    1.01758    0.0040993
0.21875    1.01953    0.00649869
0.21875    1.02148    0.00889603
0.21875    1.02344    0.0112894
0.21875    1.02539    0.0136784
0.21875    1.02734    0.0160628
0.21875    1.0293    0.0184426
0.21875    1.03125    0.0208182
0.25    0.96875    1.33404e-06
0.25    0.970703    1.38698e-06
0.25    0.972656    1.44444e-06
0.25    0.974609    1.50684e-06
0.25    0.976562    1.57463e-06
0.25    0.978516    1.65015e-06
0.25    0.980469    1.73587e-06
0.25    0.982422    1.82913e-06
0.25    0.984375    1.93454e-06
0.25    0.986328    2.05523e-06
0.25    0.988281    2.19124e-06
0.25    0.990234    2.35018e-06
0.25    0.992188    2.53516e-06
0.25    0.994141    2.75225e-06
0.25    0.996094    3.0145e-06
0.25    0.998047    3.33596e-06
0.25    1    3.74044e-06
0.25    1.00195    4.26129e-06
0.25    1.00391    4.96041e-06
0.25    1.00586    5.94853e-06
0.25    1.00781    7.45379e-06
0.25    1.00977    1.00235e-05
0.25    1.01172    1.54174e-05
0.25    1.01367    3.37826e-05
0.25    1.01562    0.000586042
0.25    1.01758    0.0029293
0.25    1.01953    0.00534806
0.25    1.02148    0.00776759
0.25    1.02344    0.0101834
0.25    1.02539    0.0125945
0.25    1.02734    0.0150008
0.25    1.0293    0.0174021
0.25    1.03125    0.0197987
0.28125    0.96875    1.32254e-06
0.28125    0.970703    1.37297e-06
0.28125    0.972656    1.42782e-06
0.28125    0.974609    1.48923e-06
0.28125    0.976562    1.55586e-06
0.28125    0.978516    1.63001e-06
0.28125    0.980469    1.71058e-06
0.28125    0.982422    1.80189e-06
0.28125    0.984375    1.90318e-06
0.28125    0.986328    2.01746e-06
0.28125    0.988281    2.14811e-06
0.28125    0.990234    2.29724e-06
0.28125    0.992188    2.47114e-06
0.28125    0.994141    2.67711e-06
0.28125    0.996094    2.92041e-06
0.28125    0.998047    3.21735e-06
0.28125    1    3.58435e-06
0.28125    1.00195    4.05281e-06
0.28125    1.00391    4.67044e-06
0.28125    1.00586    5.52236e-06
0.28125    1.00781    6.77223e-06
0.28125    1.00977    8.78693e-06
0.28125    1.01172    1.25798e-05
0.28125    1.01367    2.23464e-05
0.28125    1.01562    9.61816e-05
0.28125    1.01758    0.00187504
0.28125    1.01953    0.00430505
0.28125    1.02148    0.00674388
0.28125    1.02344    0.00917985
0.28125    1.02539    0.0116112
0.28125    1.02734    0.0140374
0.28125    1.0293    0.0164584
0.28125    1.03125    0.0188743
0.3125    0.96875    1.31219e-06
0.3125    0.970703    1.362e-06
0.3125    0.972656    1.41615e-06
0.3125    0.974609    1.47496e-06
0.3125    0.976562    1.54063e-06
0.3125    0.978516    1.61189e-06
0.3125    0.980469    1.68935e-06
0.3125    0.982422    1.77728e-06
0.3125    0.984375    1.87486e-06
0.3125    0.986328    1.98677e-06
0.3125    0.988281    2.11096e-06
0.3125    0.990234    2.25464e-06
0.3125    0.992188    2.42032e-06
0.3125    0.994141    2.61317e-06
0.3125    0.996094    2.84312e-06
0.3125    0.998047    3.12028e-06
0.3125    1    3.46134e-06
0.3125    1.00195    3.88977e-06
0.3125    1.00391    4.44668e-06
0.3125    1.00586    5.20033e-06
0.3125    1.00781    6.27637e-06
0.3125    1.00977    7.94012e-06
0.3125    1.01172    1.08538e-05
0.3125    1.01367    1.72706e-05
0.3125    1.01562    4.2679e-05
0.3125    1.01758    0.000947322
0.3125    1.01953    0.0033645
0.3125    1.02148    0.00581955
0.3125    1.02344    0.0082736
0.3125    1.02539    0.0107232
0.3125    1.02734    0.0131677
0.3125    1.0293    0.0156067
0.3125    1.03125    0.0180405
0.34375    0.96875    1.30285e-06
0.34375    0.970703    1.35215e-06
0.34375    0.972656    1.4057e-06
0.34375    0.974609    1.46383e-06
0.34375    0.976562    1.52694e-06
0.34375    0.978516    1.59726e-06
0.34375    0.980469    1.6736e-06
0.34375    0.982422    1.75844e-06
0.34375    0.984375    1.85265e-06
0.34375    0.986328    1.96084e-06
0.34375    0.988281    2.08086e-06
0.34375    0.990234    2.218e-06
0.34375    0.992188    2.37812e-06
0.34375    0.994141    2.56252e-06
0.34375    0.996094    2.78072e-06
0.34375    0.998047    3.04213e-06
0.34375    1    3.36054e-06
0.34375    1.00195    3.75929e-06
0.34375    1.00391    4.27076e-06
0.34375    1.00586    4.95128e-06
0.34375    1.00781    5.90499e-06
0.34375    1.00977    7.33131e-06
0.34375    1.01172    9.70394e-06
0.34375    1.01367    1.44374e-05
0.34375    1.01562    2.84619e-05
0.34375    1.01758    0.000270095
0.34375    1.01953    0.00252309
0.34375    1.02148    0.00499049
0.34375    1.02344    0.00746068
0.34375    1.02539    0.00992696
0.34375    1.02734    0.0123881
0.34375    1.0293    0.0148437
0.34375    1.03125    0.0172938
0.375    0.96875    1.29618e-06
0.375    0.970703    1.34506e-06
0.375    0.972656    1.39636e-06
0.375    0.974609    1.45393e-06
0.375    0.976562    1.51637e-06
0.375    0.978516    1.58415e-06
0.375    0.980469    1.65958e-06
0.375    0.982422    1.74157e-06
0.375    0.984375    1.83445e-06
0.375    0.986328    1.93927e-06
0.375    0.988281    2.05556e-06
0.375    0.990234    2.18849e-06
0.375    0.992188    2.34197e-06
0.375    0.994141    2.52064e-06
0.375    0.996094    2.72835e-06
0.375    0.998047    2.9775e-06
0.375    1    3.2793e-06
0.375    1.00195    3.65389e-06
0.375    1.00391    4.13118e-06
0.375    1.00586    4.75747e-06
0.375    1.00781    5.6183e-06
0.375    1.00977    6.87752e-06
0.375    1.01172    8.89525e-06
0.375    1.01367    1.26544e-05
0.375    1.01562    2.20929e-05
0.375    1.01758    8.50185e-05
0.375    1.01953    0.00177981
0.375    1.02148    0.00425352
0.375    1.02344    0.00673796
0.375    1.02539    0.00921936
0.375    1.02734    0.0116957
0.375    1.0293    0.0141666
0.375    1.03125    0.0166318
0.40625    0.96875    1.29033e-06
0.40625    0.970703    1.33888e-06
0.40625    0.972656    1.38979e-06
0.40625    0.974609    1.44689e-06
0.40625    0.976562    1.50704e-06
0.40625    0.978516    1.57419e-06
0.40625    0.980469    1.64887e-06
0.40625    0.982422    1.72996e-06
0.40625    0.984375    1.82001e-06
0.40625    0.986328    1.92177e-06
0.40625    0.988281    2.03644e-06
0.40625    0.990234    2.16562e-06
0.40625    0.992188    2.31307e-06
0.40625    0.994141    2.485e-06
0.40625    0.996094    2.68677e-06
0.40625    0.998047    2.92683e-06
0.40625    1    3.21399e-06
0.40625    1.00195    3.57085e-06
0.40625    1.00391    4.01842e-06
0.40625    1.00586    4.60312e-06
0.40625    1.00781    5.39651e-06
0.40625    1.00977    6.53448e-06
0.40625    1.01172    8.30706e-06
0.40625    1.01367    1.14501e-05
0.40625    1.01562    1.85475e-05
0.40625    1.01758    4.91185e-05
0.40625    1.01953    0.00113832
0.40625    1.02148    0.0036062
0.40625    1.02344    0.00610301
0.40625    1.02539    0.00859811
0.40625    1.02734    0.0110884
0.40625    1.0293    0.0135732
0.40625    1.03125    0.0160523
0.4375    0.96875    1.28702e-06
0.4375    0.970703    1.33353e-06
0.4375    0.972656    1.3859e-06
0.4375    0.974609    1.44088e-06
0.4375    0.976562    1.5006e-06
0.4375    0.978516    1.56725e-06
0.4375    0.980469    1.63957e-06
0.4375    0.982422    1.71995e-06
0.4375    0.984375    1.80914e-06
0.4375    0.986328    1.90808e-06
0.4375    0.988281    2.01972e-06
0.4375    0.990234    2.14553e-06
0.4375    0.992188    2.29098e-06
0.4375    0.994141    2.45859e-06
0.4375    0.996094    2.6535e-06
0.4375    0.998047    2.88563e-06
0.4375    1    3.16326e-06
0.4375    1.00195    3.50293e-06
0.4375    1.00391    3.9313e-06
0.4375    1.00586    4.48347e-06
0.4375    1.00781    5.22429e-06
0.4375    1.00977    6.27346e-06
0.4375    1.01172    7.87206e-06
0.4375    1.01367    1.06036e-05
0.4375    1.01562    1.63411e-05
0.4375    1.01758    3.59261e-05
0.4375    1.01953    0.000617149
0.4375    1.02148    0.00304664
0.4375    1.02344    0.00555392
0.4375    1.02539    0.00806141
0.4375    1.02734    0.0105644
0.4375    1.0293    0.013062
0.4375    1.03125    0.0155538
0.46875    0.96875    1.28443e-06
0.46875    0.970703    1.33074e-06
0.46875    0.972656    1.38111e-06
0.46875    0.974609    1.43581e-06
0.46875    0.976562    1.49521e-06
0.46875    0.978516    1.56147e-06
0.46875    0.980469    1.63333e-06
0.46875    0.982422    1.7114e-06
0.46875    0.984375    1.79992e-06
0.46875    0.986328    1.89806e-06
0.46875    0.988281    2.00693e-06
0.46875    0.990234    2.1315e-06
0.46875    0.992188    2.27362e-06
0.46875    0.994141    2.43746e-06
0.46875    0.996094    2.628e-06
0.46875    0.998047    2.85317e-06
0.46875    1    3.12261e-06
0.46875    1.00195    3.4505e-06
0.46875    1.00391    3.86246e-06
0.46875    1.00586    4.38997e-06
0.46875    1.00781    5.09253e-06
0.46875    1.00977    6.07507e-06
0.46875    1.01172    7.54562e-06
0.46875    1.01367    9.99502e-06
0.46875    1.01562    1.48785e-05
0.46875    1.01758    2.93493e-05
0.46875    1.01953    0.000277111
0.46875    1.02148    0.00257339
0.46875    1.02344    0.0050892
0.46875    1.02539    0.00760785
0.46875    1.02734    0.0101224
0.46875    1.0293    0.0126316
0.46875    1.03125    0.0151352
0.5    0.96875    1.28253e-06
0.5    0.970703    1.3287e-06
0.5    0.972656    1.3789e-06
0.5    0.974609    1.43342e-06
0.5    0.976562    1.49258e-06
0.5    0.978516    1.5568e-06
0.5    0.980469    1.62833e-06
0.5    0.982422    1.70599e-06
0.5    0.984375    1.79403e-06
0.5    0.986328    1.88979e-06
0.5    0.988281    1.99792e-06
0.5    0.990234    2.12156e-06
0.5    0.992188    2.26074e-06
0.5    0.994141    2.42131e-06
0.5    0.996094    2.60813e-06
0.5    0.998047    2.82893e-06
0.5    1    3.09132e-06
0.5    1.00195    3.41254e-06
0.5    1.00391    3.8104e-06
0.5    1.00586    4.31855e-06
0.5    1.00781    4.99211e-06
0.5    1.00977    5.92527e-06
0.5    1.01172    7.30589e-06
0.5    1.01367    9.55864e-06
0.5    1.01562    1.38845e-05
0.5    1.01758    2.55717e-05
0.5    1.01953    0.000140522
0.5    1.02148    0.00218526
0.5    1.02344    0.00470773
0.5    1.02539    0.00723642
0.5    1.02734    0.00976149
0.5    1.0293    0.0122813
0.5    1.03125    0.0147956
0.53125    0.96875    1.28307e-06
0.53125    0.970703    1.32916e-06
0.53125    0.972656    1.37926e-06
0.53125    0.974609    1.43189e-06
0.53125    0.976562    1.49091e-06
0.53125    0.978516    1.55496e-06
0.53125    0.980469    1.62627e-06
0.53125    0.982422    1.70367e-06
0.53125    0.984375    1.78961e-06
0.53125    0.986328    1.88497e-06
0.53125    0.988281    1.99259e-06
0.53125    0.990234    2.11382e-06
0.53125    0.992188    2.25218e-06
0.53125    0.994141    2.41169e-06
0.53125    0.996094    2.59536e-06
0.53125    0.998047    2.81254e-06
0.53125    1    3.07065e-06
0.53125    1.00195    3.38482e-06
0.53125    1.00391    3.77409e-06
0.53125    1.00586    4.26937e-06
0.53125    1.00781    4.92217e-06
0.53125    1.00977    5.81936e-06
0.53125    1.01172    7.1363e-06
0.53125    1.01367    9.25132e-06
0.53125    1.01562    1.32093e-05
0.53125    1.01758    2.32644e-05
0.53125    1.01953    9.40682e-05
0.53125    1.02148    0.00188122
0.53125    1.02344    0.00440872
0.53125    1.02539    0.00694643
0.53125    1.02734    0.009481
0.53125    1.0293    0.0120105
0.53125    1.03125    0.0145344
0.5625    0.96875    1.2825e-06
0.5625    0.970703    1.32857e-06
0.5625    0.972656    1.37864e-06
0.5625    0.974609    1.43299e-06
0.5625    0.976562    1.49195e-06
0.5625    0.978516    1.55592e-06
0.5625    0.980469    1.62536e-06
0.5625    0.982422    1.70263e-06
0.5625    0.984375    1.7884e-06
0.5625    0.986328    1.88354e-06
0.5625    0.988281    1.99086e-06
0.5625    0.990234    2.11172e-06
0.5625    0.992188    2.24783e-06
0.5625    0.994141    2.40669e-06
0.5625    0.996094    2.58773e-06
0.5625    0.998047    2.80374e-06
0.5625    1    3.05848e-06
0.5625    1.00195    3.36861e-06
0.5625    1.00391    3.75105e-06
0.5625    1.00586    4.23781e-06
0.5625    1.00781    4.87567e-06
0.5625    1.00977    5.75073e-06
0.5625    1.01172    7.02369e-06
0.5625    1.01367    9.04794e-06
0.5625    1.01562    1.27712e-05
0.5625    1.01758    2.18582e-05
0.5625    1.01953    7.48967e-05
0.5625    1.02148    0.00166022
0.5625    1.02344    0.00419171
0.5625    1.02539    0.00673752
0.5625    1.02734    0.00928066
0.5625    1.0293    0.0118188
0.5625    1.03125    0.0143515
0.59375    0.96875    1.28435e-06
0.59375    0.970703    1.33046e-06
0.59375    0.972656    1.38056e-06
0.59375    0.974609    1.43494e-06
0.59375    0.976562    1.49392e-06
0.59375    0.978516    1.5579e-06
0.59375    0.980469    1.62736e-06
0.59375    0.982422    1.70461e-06
0.59375    0.984375    1.79036e-06
0.59375    0.986328    1.88546e-06
0.59375    0.988281    1.99095e-06
0.59375    0.990234    2.11169e-06
0.59375    0.992188    2.24939e-06
0.59375    0.994141    2.40448e-06
0.59375    0.996094    2.58692e-06
0.59375    0.998047    2.80064e-06
0.59375    1    3.05461e-06
0.59375    1.00195    3.36186e-06
0.59375    1.00391    3.74084e-06
0.59375    1.00586    4.22144e-06
0.59375    1.00781    4.85151e-06
0.59375    1.00977    5.71392e-06
0.59375    1.01172    6.96253e-06
0.59375    1.01367    8.93624e-06
0.59375    1.01562    1.25255e-05
0.59375    1.01758    2.10789e-05
0.59375    1.01953    6.62515e-05
0.59375    1.02148    0.0015212
0.59375    1.02344    0.00405655
0.59375    1.02539    0.00660967
0.59375    1.02734    0.00916047
0.59375    1.0293    0.0117065
0.59375    1.03125    0.0142471
0.625    0.96875    1.28864e-06
0.625    0.970703    1.33484e-06
0.625    0.972656    1.38327e-06
0.625    0.974609    1.43775e-06
0.625    0.976562    1.49683e-06
0.625    0.978516    1.56093e-06
0.625    0.980469    1.6305e-06
0.625    0.982422    1.70788e-06
0.625    0.984375    1.79375e-06
0.625    0.986328    1.88898e-06
0.625    0.988281    1.99637e-06
0.625    0.990234    2.11549e-06
0.625    0.992188    2.25332e-06
0.625    0.994141    2.40854e-06
0.625    0.996094    2.59111e-06
0.625    0.998047    2.80493e-06
0.625    1    3.05721e-06
0.625    1.00195    3.36444e-06
0.625    1.00391    3.74326e-06
0.625    1.00586    4.22347e-06
0.625    1.00781    4.8509e-06
0.625    1.00977    5.70795e-06
0.625    1.01172    6.94906e-06
0.625    1.01367    8.90455e-06
0.625    1.01562    1.24459e-05
0.625    1.01758    2.08009e-05
0.625    1.01953    6.32216e-05
0.625    1.02148    0.00146336
0.625    1.02344    0.00400348
0.625    1.02539    0.0065632
0.625    1.02734    0.00912082
0.625    1.0293    0.0116738
0.625    1.03125    0.0142214
0.65625    0.96875    1.29185e-06
0.65625    0.970703    1.3382e-06
0.65625    0.972656    1.38855e-06
0.65625    0.974609    1.4432e-06
0.65625    0.976562    1.50248e-06
0.65625    0.978516    1.56678e-06
0.65625    0.980469    1.63657e-06
0.65625    0.982422    1.7142e-06
0.65625    0.984375    1.80036e-06
0.65625    0.986328    1.89589e-06
0.65625    0.988281    2.00187e-06
0.65625    0.990234    2.12315e-06
0.65625    0.992188    2.26143e-06
0.65625    0.994141    2.41894e-06
0.65625    0.996094    2.60036e-06
0.65625    0.998047    2.81491e-06
0.65625    1    3.06982e-06
0.65625    1.00195    3.37814e-06
0.65625    1.00391    3.75835e-06
0.65625    1.00586    4.24035e-06
0.65625    1.00781    4.87201e-06
0.65625    1.00977    5.73437e-06
0.65625    1.01172    6.9828e-06
0.65625    1.01367    8.95332e-06
0.65625    1.01562    1.25242e-05
0.65625    1.01758    2.09794e-05
0.65625    1.01953    6.44407e-05
0.65625    1.02148    0.00148672
0.65625    1.02344    0.00403316
0.65625    1.02539    0.00659882
0.65625    1.02734    0.00916246
0.65625    1.0293    0.0117215
0.65625    1.03125    0.0142754
0.6875    0.96875    1.29755e-06
0.6875    0.970703    1.3441e-06
0.6875    0.972656    1.39468e-06
0.6875    0.974609    1.44958e-06
0.6875    0.976562    1.50737e-06
0.6875    0.978516    1.57373e-06
0.6875    0.980469    1.64387e-06
0.6875    0.982422    1.72189e-06
0.6875    0.984375    1.80847e-06
0.6875    0.986328    1.9045e-06
0.6875    0.988281    2.01281e-06
0.6875    0.990234    2.13475e-06
0.6875    0.992188    2.27205e-06
0.6875    0.994141    2.43224e-06
0.6875    0.996094    2.61653e-06
0.6875    0.998047    2.83246e-06
0.6875    1    3.0891e-06
0.6875    1.00195    3.4014e-06
0.6875    1.00391    3.78633e-06
0.6875    1.00586    4.27594e-06
0.6875    1.00781    4.91527e-06
0.6875    1.00977    5.79207e-06
0.6875    1.01172    7.06472e-06
0.6875    1.01367    9.08251e-06
0.6875    1.01562    1.2768e-05
0.6875    1.01758    2.16367e-05
0.6875    1.01953    7.04044e-05
0.6875    1.02148    0.00159259
0.6875    1.02344    0.00414674
0.6875    1.02539    0.0067177
0.6875    1.02734    0.00928658
0.6875    1.0293    0.011851
0.6875    1.03125    0.0144103
0.71875    0.96875    1.304e-06
0.71875    0.970703    1.35082e-06
0.71875    0.972656    1.4017e-06
0.71875    0.974609    1.45693e-06
0.71875    0.976562    1.51685e-06
0.71875    0.978516    1.58187e-06
0.71875    0.980469    1.65423e-06
0.71875    0.982422    1.73277e-06
0.71875    0.984375    1.81995e-06
0.71875    0.986328    1.91667e-06
0.71875    0.988281    2.02578e-06
0.71875    0.990234    2.14866e-06
0.71875    0.992188    2.28884e-06
0.71875    0.994141    2.45038e-06
0.71875    0.996094    2.63632e-06
0.71875    0.998047    2.85608e-06
0.71875    1    3.11886e-06
0.71875    1.00195    3.43461e-06
0.71875    1.00391    3.82772e-06
0.71875    1.00586    4.32739e-06
0.71875    1.00781    4.98342e-06
0.71875    1.00977    5.88427e-06
0.71875    1.01172    7.19912e-06
0.71875    1.01367    9.30074e-06
0.71875    1.01562    1.31959e-05
0.71875    1.01758    2.28725e-05
0.71875    1.01953    8.40429e-05
0.71875    1.02148    0.00178346
0.71875    1.02344    0.00434592
0.71875    1.02539    0.00692155
0.71875    1.02734    0.00949492
0.71875    1.0293    0.0120639
0.71875    1.03125    0.014628
0.75    0.96875    1.31127e-06
0.75    0.970703    1.35843e-06
0.75    0.972656    1.41146e-06
0.75    0.974609    1.4671e-06
0.75    0.976562    1.52749e-06
0.75    0.978516    1.59303e-06
0.75    0.980469    1.66598e-06
0.75    0.982422    1.7452e-06
0.75    0.984375    1.83316e-06
0.75    0.986328    1.93254e-06
0.75    0.988281    2.0427e-06
0.75    0.990234    2.16859e-06
0.75    0.992188    2.31026e-06
0.75    0.994141    2.47537e-06
0.75    0.996094    2.66532e-06
0.75    0.998047    2.88965e-06
0.75    1    3.15606e-06
0.75    1.00195    3.48013e-06
0.75    1.00391    3.8833e-06
0.75    1.00586    4.39755e-06
0.75    1.00781    5.07631e-06
0.75    1.00977    6.01353e-06
0.75    1.01172    7.39403e-06
0.75    1.01367    9.62618e-06
0.75    1.01562    1.3855e-05
0.75    1.01758    2.4905e-05
0.75    1.01953    0.000114965
0.75    1.02148    0.00206272
0.75    1.02344    0.00463312
0.75    1.02539    0.00721274
0.75    1.02734    0.00978987
0.75    1.0293    0.0123627
0.75    1.03125    0.0149309
0.78125    0.96875    1.32121e-06
0.78125    0.970703    1.36879e-06
0.78125    0.972656    1.4205e-06
0.78125    0.974609    1.47843e-06
0.78125    0.976562    1.53939e-06
0.78125    0.978516    1.60558e-06
0.78125    0.980469    1.67928e-06
0.78125    0.982422    1.7611e-06
0.78125    0.984375    1.8518e-06
0.78125    0.986328    1.95231e-06
0.78125    0.988281    2.06381e-06
0.78125    0.990234    2.19128e-06
0.78125    0.992188    2.33838e-06
0.78125    0.994141    2.50583e-06
0.78125    0.996094    2.70043e-06
0.78125    0.998047    2.9302e-06
0.78125    1    3.20489e-06
0.78125    1.00195    3.53882e-06
0.78125    1.00391    3.95776e-06
0.78125    1.00586    4.4916e-06
0.78125    1.00781    5.20166e-06
0.78125    1.00977    6.1891e-06
0.78125    1.01172    7.66014e-06
0.78125    1.01367    1.00815e-05
0.78125    1.01562    1.4818e-05
0.78125    1.01758    2.81908e-05
0.78125    1.01953    0.000199356
0.78125    1.02148    0.0024343
0.78125    1.02344    0.00501156
0.78125    1.02539    0.00759448
0.78125    1.02734    0.0101747
0.78125    1.0293    0.0127507
0.78125    1.03125    0.0153223
0.8125    0.96875    1.33216e-06
0.8125    0.970703    1.38023e-06
0.8125    0.972656    1.43427e-06
0.8125    0.974609    1.49105e-06
0.8125    0.976562    1.55271e-06
0.8125    0.978516    1.62145e-06
0.8125    0.980469    1.69782e-06
0.8125    0.982422    1.78067e-06
0.8125    0.984375    1.87257e-06
0.8125    0.986328    1.97449e-06
0.8125    0.988281    2.0894e-06
0.8125    0.990234    2.22061e-06
0.8125    0.992188    2.37011e-06
0.8125    0.994141    2.54225e-06
0.8125    0.996094    2.74228e-06
0.8125    0.998047    2.98024e-06
0.8125    1    3.26455e-06
0.8125    1.00195    3.61369e-06
0.8125    1.00391    4.04928e-06
0.8125    1.00586    4.61192e-06
0.8125    1.00781    5.36311e-06
0.8125    1.00977    6.41872e-06
0.8125    1.01172    8.0157e-06
0.8125    1.01367    1.07096e-05
0.8125    1.01562    1.62221e-05
0.8125    1.01758    3.3744e-05
0.8125    1.01953    0.000450456
0.8125    1.02148    0.00290289
0.8125    1.02344    0.00548559
0.8125    1.02539    0.00807112
0.8125    1.02734    0.0106538
0.8125    1.0293    0.0132325
0.8125    1.03125    0.015807
0.84375    0.96875    1.34425e-06
0.84375    0.970703    1.39469e-06
0.84375    0.972656    1.44762e-06
0.84375    0.974609    1.50691e-06
0.84375    0.976562    1.57118e-06
0.84375    0.978516    1.64088e-06
0.84375    0.980469    1.71658e-06
0.84375    0.982422    1.80246e-06
0.84375    0.984375    1.89582e-06
0.84375    0.986328    2.00121e-06
0.84375    0.988281    2.11992e-06
0.84375    0.990234    2.25533e-06
0.84375    0.992188    2.40954e-06
0.84375    0.994141    2.58709e-06
0.84375    0.996094    2.79523e-06
0.84375    0.998047    3.04258e-06
0.84375    1    3.33989e-06
0.84375    1.00195    3.70476e-06
0.84375    1.00391    4.16555e-06
0.84375    1.00586    4.76202e-06
0.84375    1.00781    5.5678e-06
0.84375    1.00977    6.71852e-06
0.84375    1.01172    8.49065e-06
0.84375    1.01367    1.15798e-05
0.84375    1.01562    1.83257e-05
0.84375    1.01758    4.4276e-05
0.84375    1.01953    0.000934727
0.84375    1.02148    0.00347439
0.84375    1.02344    0.00606108
0.84375    1.02539    0.0086486
0.84375    1.02734    0.0112332
0.84375    1.0293    0.013814
0.84375    1.03125    0.0163911
0.875    0.96875    1.35945e-06
0.875    0.970703    1.41059e-06
0.875    0.972656    1.46609e-06
0.875    0.974609    1.52628e-06
0.875    0.976562    1.59156e-06
0.875    0.978516    1.66242e-06
0.875    0.980469    1.74119e-06
0.875    0.982422    1.8286e-06
0.875    0.984375    1.92551e-06
0.875    0.986328    2.03475e-06
0.875    0.988281    2.15771e-06
0.875    0.990234    2.29611e-06
0.875    0.992188    2.45573e-06
0.875    0.994141    2.64134e-06
0.875    0.996094    2.85871e-06
0.875    0.998047    3.11872e-06
0.875    1    3.43108e-06
0.875    1.00195    3.81984e-06
0.875    1.00391    4.31012e-06
0.875    1.00586    4.95409e-06
0.875    1.00781    5.83264e-06
0.875    1.00977    7.10972e-06
0.875    1.01172    9.13143e-06
0.875    1.01367    1.28186e-05
0.875    1.01562    2.16691e-05
0.875    1.01758    6.97994e-05
0.875    1.01953    0.00158605
0.875    1.02148    0.00415673
0.875    1.02344    0.00674618
0.875    1.02539    0.00933515
0.875    1.02734    0.0119213
0.875    1.0293    0.014504
0.875    1.03125    0.0170835
0.90625    0.96875    1.37625e-06
0.90625    0.970703    1.43002e-06
0.90625    0.972656    1.48647e-06
0.90625    0.974609    1.54774e-06
0.90625    0.976562    1.61424e-06
0.90625    0.978516    1.68826e-06
0.90625    0.980469    1.7704e-06
0.90625    0.982422    1.85967e-06
0.90625    0.984375    1.96051e-06
0.90625    0.986328    2.07408e-06
0.90625    0.988281    2.20185e-06
0.90625    0.990234    2.34571e-06
0.90625    0.992188    2.51339e-06
0.90625    0.994141    2.70816e-06
0.90625    0.996094    2.938e-06
0.90625    0.998047    3.21261e-06
0.90625    1    3.54623e-06
0.90625    1.00195    3.96099e-06
0.90625    1.00391    4.49356e-06
0.90625    1.00586    5.1978e-06
0.90625    1.00781    6.17745e-06
0.90625    1.00977    7.63304e-06
0.90625    1.01172    1.00214e-05
0.90625    1.01367    1.46676e-05
0.90625    1.01562    2.76013e-05
0.90625    1.01758    0.000179859
0.90625    1.01953    0.00237753
0.90625    1.02148    0.00496123
0.90625    1.02344    0.00755254
0.90625    1.02539    0.0101427
0.90625    1.02734    0.0127302
0.90625    1.0293    0.015315
0.90625    1.03125    0.017897
0.9375    0.96875    1.39858e-06
0.9375    0.970703    1.45162e-06
0.9375    0.972656    1.50923e-06
0.9375    0.974609    1.57358e-06
0.9375    0.976562    1.64334e-06
0.9375    0.978516    1.71906e-06
0.9375    0.980469    1.80493e-06
0.9375    0.982422    1.89825e-06
0.9375    0.984375    2.00353e-06
0.9375    0.986328    2.12027e-06
0.9375    0.988281    2.25537e-06
0.9375    0.990234    2.40737e-06
0.9375    0.992188    2.58426e-06
0.9375    0.994141    2.7897e-06
0.9375    0.996094    3.03395e-06
0.9375    0.998047    3.32759e-06
0.9375    1    3.68793e-06
0.9375    1.00195    4.14112e-06
0.9375    1.00391    4.72781e-06
0.9375    1.00586    5.5165e-06
0.9375    1.00781    6.63582e-06
0.9375    1.00977    8.35354e-06
0.9375    1.01172    1.1317e-05
0.9375    1.01367    1.76608e-05
0.9375    1.01562    4.0618e-05
0.9375    1.01758    0.000787456
0.9375    1.01953    0.00331506
0.9375    1.02148    0.00590499
0.9375    1.02344    0.00849774
0.9375    1.02539    0.0110892
0.9375    1.02734    0.0136786
0.9375    1.0293    0.0162658
0.9375    1.03125    0.0188512
0.96875    0.96875    1.42174e-06
0.96875    0.970703    1.47782e-06
0.96875    0.972656    1.53864e-06
0.96875    0.974609    1.6046e-06
0.96875    0.976562    1.67798e-06
0.96875    0.978516    1.75759e-06
0.96875    0.980469    1.84592e-06
0.96875    0.982422    1.94386e-06
0.96875    0.984375    2.05428e-06
0.96875    0.986328    2.17856e-06
0.96875    0.988281    2.32026e-06
0.96875    0.990234    2.48343e-06
0.96875    0.992188    2.67117e-06
0.96875    0.994141    2.89288e-06
0.96875    0.996094    3.15611e-06
0.96875    0.998047    3.47611e-06
0.96875    1    3.87038e-06
0.96875    1.00195    4.3736e-06
0.96875    1.00391    5.03594e-06
0.96875    1.00586    5.9448e-06
0.96875    1.00781    7.27278e-06
0.96875    1.00977    9.40047e-06
0.96875    1.01172    1.3355e-05
0.96875    1.01367    2.32676e-05
0.96875    1.01562    8.87063e-05
0.96875    1.01758    0.00184412
0.96875    1.01953    0.00442231
0.96875    1.02148    0.00701592
0.96875    1.02344    0.0096105
0.96875    1.02539    0.0122041
0.96875    1.02734    0.0147966
0.96875    1.0293    0.0173879
0.96875    1.03125    0.0199784
1    0.96875    1.45381e-06
1    0.970703    1.51151e-06
1    0.972656    1.57415e-06
1    0.974609    1.64397e-06
1    0.976562    1.72148e-06
1    0.978516    1.8056e-06
1    0.980469    1.89887e-06
1    0.982422    2.0023e-06
1    0.984375    2.11888e-06
1    0.986328    2.25194e-06
1    0.988281    2.40353e-06
1    0.990234    2.57982e-06
1    0.992188    2.78263e-06
1    0.994141    3.02386e-06
1    0.996094    3.31569e-06
1    0.998047    3.66987e-06
1    1    4.1156e-06
1    1.00195    4.69098e-06
1    1.00391    5.46471e-06
1    1.00586    6.55684e-06
1    1.00781    8.21999e-06
1    1.00977    1.10662e-05
1    1.01172    1.70461e-05
1    1.01367    3.75412e-05
1    1.01562    0.00064827
1    1.01758    0.00315689
1    1.01953    0.00574894
1    1.02148    0.00834632
1    1.02344    0.0109445
1    1.02539    0.0135427
1    1.02734    0.016141
1    1.0293    0.0187396
1    1.03125    0.021339
