0 0.00199971
0.125 0.00224928
0.25 0.00257207
0.375 0.00300691
0.5 0.00362677
0.625 0.00458809
0.75 0.00630187
0.875 0.0103167
1 0.0288517
1.125 0.121904
1.25 0.237781
1.375 0.347612
1.5 0.445638
1.625 0.529104
1.75 0.598927
1.875 0.657079
2 0.705579
2.125 0.746191
2.25 0.780365
2.375 0.809266
2.5 0.833829
2.625 0.854802
2.75 0.872786
2.875 0.888269
3 0.901646
3.125 0.913244
3.25 0.923329
3.375 0.932124
3.5 0.939814
3.625 0.946553
3.75 0.952472
3.875 0.957681
4 0.962274
4.125 0.966332
4.25 0.969921
4.375 0.973101
4.5 0.975923
4.625 0.97843
4.75 0.98066
4.875 0.982646
5 0.984416
5.125 0.985995
5.25 0.987406
5.375 0.988667
5.5 0.989796
5.625 0.990806
5.75 0.991711
5.875 0.992523
6 0.993251
6.125 0.993905
6.25 0.994492
6.375 0.99502
6.5 0.995495
6.625 0.995922
6.75 0.996307
6.875 0.996653
7 0.996965
7.125 0.997246
7.25 0.9975
7.375 0.997729
7.5 0.997935
7.625 0.998122
7.75 0.99829
7.875 0.998442
8 0.99858
8.125 0.998704
8.25 0.998816
8.375 0.998918
8.5 0.99901
8.625 0.999093
8.75 0.999169
8.875 0.999237
9 0.999299
9.125 0.999355
9.25 0.999405
9.375 0.999451
9.5 0.999493
9.625 0.999531
9.75 0.999565
9.875 0.999596
10 0.999624
10.125 0.99965
10.25 0.999673
10.375 0.999694
10.5 0.999713
10.625 0.999731
10.75 0.999747
10.875 0.999761
11 0.999774
11.125 0.999786
11.25 0.999796
11.375 0.999806
11.5 0.999815
11.625 0.999823
11.75 0.99983
11.875 0.999837
12 0.999843
12.125 0.999849
12.25 0.999854
12.375 0.999858
12.5 0.999862
12.625 0.999866
12.75 0.99987
12.875 0.999873
13 0.999876
13.125 0.999878
13.25 0.999881
13.375 0.999883
13.5 0.999885
13.625 0.999886
13.75 0.999888
13.875 0.999889
14 0.999891
14.125 0.999892
14.25 0.999893
14.375 0.999894
14.5 0.999895
14.625 0.999896
14.75 0.999897
14.875 0.999897
15 0.999898
15.125 0.999899
15.25 0.999899
15.375 0.9999
15.5 0.9999
15.625 0.9999
15.75 0.999901
15.875 0.999901
16 0.999901
