0 0.00199971
0.125 0.00224722
0.25 0.00256686
0.375 0.0029968
0.5 0.00360886
0.625 0.00455782
0.75 0.00625533
0.875 0.0103035
1 0.0303074
1.125 0.121567
1.25 0.228943
1.375 0.333101
1.5 0.429576
1.625 0.514056
1.75 0.585743
1.875 0.645737
2 0.69583
2.125 0.737771
2.25 0.773049
2.375 0.802872
2.5 0.828211
2.625 0.849841
2.75 0.868388
2.875 0.884354
3 0.898151
3.125 0.910114
3.25 0.920519
3.375 0.929595
3.5 0.937533
3.625 0.944492
3.75 0.950607
3.875 0.955992
4 0.960742
4.125 0.964939
4.25 0.968655
4.375 0.971949
4.5 0.974874
4.625 0.977473
4.75 0.979787
4.875 0.981849
5 0.983688
5.125 0.985331
5.25 0.986799
5.375 0.988112
5.5 0.989287
5.625 0.990341
5.75 0.991286
5.875 0.992133
6 0.992894
6.125 0.993578
6.25 0.994193
6.375 0.994746
6.5 0.995244
6.625 0.995692
6.75 0.996096
6.875 0.99646
7 0.996788
7.125 0.997084
7.25 0.997352
7.375 0.997593
7.5 0.997811
7.625 0.998008
7.75 0.998186
7.875 0.998347
8 0.998492
8.125 0.998624
8.25 0.998743
8.375 0.998851
8.5 0.998949
8.625 0.999037
8.75 0.999117
8.875 0.99919
9 0.999256
9.125 0.999315
9.25 0.999369
9.375 0.999418
9.5 0.999463
9.625 0.999503
9.75 0.99954
9.875 0.999573
10 0.999603
10.125 0.999631
10.25 0.999656
10.375 0.999678
10.5 0.999699
10.625 0.999717
10.75 0.999734
10.875 0.99975
11 0.999764
11.125 0.999776
11.25 0.999788
11.375 0.999798
11.5 0.999808
11.625 0.999817
11.75 0.999825
11.875 0.999832
12 0.999838
12.125 0.999844
12.25 0.99985
12.375 0.999855
12.5 0.999859
12.625 0.999863
12.75 0.999867
12.875 0.99987
13 0.999873
13.125 0.999876
13.25 0.999879
13.375 0.999881
13.5 0.999883
13.625 0.999885
13.75 0.999887
13.875 0.999888
14 0.99989
14.125 0.999891
14.25 0.999892
14.375 0.999893
14.5 0.999894
14.625 0.999895
14.75 0.999896
14.875 0.999897
15 0.999897
15.125 0.999898
15.25 0.999899
15.375 0.999899
15.5 0.9999
15.625 0.9999
15.75 0.9999
15.875 0.999901
16 0.999901
