0 0.00199971
0.125 0.00225006
0.25 0.0025742
0.375 0.00301151
0.5 0.0036363
0.625 0.00460888
0.75 0.00635521
0.875 0.0105188
1 0.0307249
1.125 0.126059
1.25 0.241116
1.375 0.350784
1.5 0.448207
1.625 0.53106
1.75 0.600436
1.875 0.658275
2 0.706551
2.125 0.746995
2.25 0.781039
2.375 0.809836
2.5 0.834315
2.625 0.855218
2.75 0.873143
2.875 0.888576
3 0.901911
3.125 0.913472
3.25 0.923525
3.375 0.932293
3.5 0.939958
3.625 0.946676
3.75 0.952576
3.875 0.95777
4 0.962349
4.125 0.966394
4.25 0.969972
4.375 0.973143
4.5 0.975957
4.625 0.978456
4.75 0.98068
4.875 0.98266
5 0.984425
5.125 0.986001
5.25 0.987408
5.375 0.988666
5.5 0.989792
5.625 0.9908
5.75 0.991704
5.875 0.992514
6 0.993241
6.125 0.993894
6.25 0.99448
6.375 0.995008
6.5 0.995482
6.625 0.995909
6.75 0.996293
6.875 0.99664
7 0.996952
7.125 0.997233
7.25 0.997487
7.375 0.997716
7.5 0.997923
7.625 0.99811
7.75 0.998278
7.875 0.998431
8 0.998569
8.125 0.998693
8.25 0.998806
8.375 0.998908
8.5 0.999001
8.625 0.999084
8.75 0.99916
8.875 0.999229
9 0.999291
9.125 0.999347
9.25 0.999398
9.375 0.999445
9.5 0.999487
9.625 0.999525
9.75 0.99956
9.875 0.999591
10 0.999619
10.125 0.999645
10.25 0.999669
10.375 0.99969
10.5 0.999709
10.625 0.999727
10.75 0.999743
10.875 0.999758
11 0.999771
11.125 0.999783
11.25 0.999794
11.375 0.999804
11.5 0.999813
11.625 0.999821
11.75 0.999828
11.875 0.999835
12 0.999841
12.125 0.999847
12.25 0.999852
12.375 0.999857
12.5 0.999861
12.625 0.999865
12.75 0.999868
12.875 0.999872
13 0.999875
13.125 0.999877
13.25 0.99988
13.375 0.999882
13.5 0.999884
13.625 0.999886
13.75 0.999887
13.875 0.999889
14 0.99989
14.125 0.999892
14.25 0.999893
14.375 0.999894
14.5 0.999895
14.625 0.999896
14.75 0.999896
14.875 0.999897
15 0.999898
15.125 0.999898
15.25 0.999899
15.375 0.999899
15.5 0.9999
15.625 0.9999
15.75 0.999901
15.875 0.999901
16 0.999901
