0 0.00199971
0.125 0.00224854
0.25 0.00257014
0.375 0.00300297
0.5 0.00361917
0.625 0.00457311
0.75 0.00626909
0.875 0.0102214
1 0.0282383
1.125 0.119906
1.25 0.234877
1.375 0.343887
1.5 0.441883
1.625 0.525719
1.75 0.59599
1.875 0.654554
2 0.703407
2.125 0.744314
2.25 0.778735
2.375 0.807845
2.5 0.832584
2.625 0.853707
2.75 0.87182
2.875 0.887414
3 0.900888
3.125 0.912569
3.25 0.922728
3.375 0.931587
3.5 0.939334
3.625 0.946123
3.75 0.952086
3.875 0.957335
4 0.961964
4.125 0.966052
4.25 0.96967
4.375 0.972875
4.5 0.97572
4.625 0.978247
4.75 0.980495
4.875 0.982497
5 0.984282
5.125 0.985875
5.25 0.987297
5.375 0.988569
5.5 0.989707
5.625 0.990726
5.75 0.991639
5.875 0.992458
6 0.993193
6.125 0.993853
6.25 0.994445
6.375 0.994978
6.5 0.995457
6.625 0.995888
6.75 0.996276
6.875 0.996625
7 0.99694
7.125 0.997224
7.25 0.99748
7.375 0.997711
7.5 0.997919
7.625 0.998108
7.75 0.998278
7.875 0.998431
8 0.99857
8.125 0.998695
8.25 0.998809
8.375 0.998911
8.5 0.999004
8.625 0.999088
8.75 0.999164
8.875 0.999233
9 0.999295
9.125 0.999351
9.25 0.999402
9.375 0.999449
9.5 0.999491
9.625 0.999529
9.75 0.999563
9.875 0.999595
10 0.999623
10.125 0.999649
10.25 0.999672
10.375 0.999693
10.5 0.999713
10.625 0.99973
10.75 0.999746
10.875 0.99976
11 0.999774
11.125 0.999785
11.25 0.999796
11.375 0.999806
11.5 0.999815
11.625 0.999823
11.75 0.99983
11.875 0.999837
12 0.999843
12.125 0.999849
12.25 0.999854
12.375 0.999858
12.5 0.999862
12.625 0.999866
12.75 0.99987
12.875 0.999873
13 0.999876
13.125 0.999878
13.25 0.999881
13.375 0.999883
13.5 0.999885
13.625 0.999886
13.75 0.999888
13.875 0.99989
14 0.999891
14.125 0.999892
14.25 0.999893
14.375 0.999894
14.5 0.999895
14.625 0.999896
14.75 0.999897
14.875 0.999897
15 0.999898
15.125 0.999899
15.25 0.999899
15.375 0.9999
15.5 0.9999
15.625 0.9999
15.75 0.999901
15.875 0.999901
16 0.999901
