0 0.00199971
0.125 0.00224786
0.25 0.00256841
0.375 0.00299961
0.5 0.00361322
0.625 0.00456304
0.75 0.00625334
0.875 0.0102129
1 0.0286264
1.125 0.119847
1.25 0.232177
1.375 0.3394
1.5 0.436921
1.625 0.521032
1.75 0.591828
1.875 0.650929
2 0.70026
2.125 0.741576
2.25 0.776342
2.375 0.805744
2.5 0.830731
2.625 0.852066
2.75 0.870362
2.875 0.886113
3 0.899724
3.125 0.911526
3.25 0.92179
3.375 0.930743
3.5 0.938571
3.625 0.945434
3.75 0.951462
3.875 0.956769
4 0.96145
4.125 0.965586
4.25 0.969245
4.375 0.972489
4.5 0.975368
4.625 0.977926
4.75 0.980202
4.875 0.98223
5 0.984038
5.125 0.985652
5.25 0.987093
5.375 0.988383
5.5 0.989537
5.625 0.99057
5.75 0.991496
5.875 0.992327
6 0.993073
6.125 0.993743
6.25 0.994345
6.375 0.994886
6.5 0.995373
6.625 0.995811
6.75 0.996205
6.875 0.996561
7 0.996881
7.125 0.99717
7.25 0.99743
7.375 0.997665
7.5 0.997878
7.625 0.998069
7.75 0.998243
7.875 0.998399
8 0.99854
8.125 0.998668
8.25 0.998784
8.375 0.998889
8.5 0.998983
8.625 0.999069
8.75 0.999146
8.875 0.999217
9 0.99928
9.125 0.999338
9.25 0.99939
9.375 0.999438
9.5 0.999481
9.625 0.99952
9.75 0.999555
9.875 0.999587
10 0.999616
10.125 0.999642
10.25 0.999666
10.375 0.999688
10.5 0.999708
10.625 0.999726
10.75 0.999742
10.875 0.999757
11 0.99977
11.125 0.999782
11.25 0.999793
11.375 0.999803
11.5 0.999813
11.625 0.999821
11.75 0.999828
11.875 0.999835
12 0.999842
12.125 0.999847
12.25 0.999852
12.375 0.999857
12.5 0.999861
12.625 0.999865
12.75 0.999869
12.875 0.999872
13 0.999875
13.125 0.999878
13.25 0.99988
13.375 0.999882
13.5 0.999884
13.625 0.999886
13.75 0.999888
13.875 0.999889
14 0.999891
14.125 0.999892
14.25 0.999893
14.375 0.999894
14.5 0.999895
14.625 0.999896
14.75 0.999897
14.875 0.999897
15 0.999898
15.125 0.999898
15.25 0.999899
15.375 0.999899
15.5 0.9999
15.625 0.9999
15.75 0.999901
15.875 0.999901
16 0.999901
