0 0.00199971
0.125 0.00224662
0.25 0.00256549
0.375 0.00299456
0.5 0.00360621
0.625 0.00455819
0.75 0.00628042
0.875 0.0105554
1 0.0345759
1.125 0.123485
1.25 0.219107
1.375 0.317435
1.5 0.410633
1.625 0.497865
1.75 0.573765
1.875 0.636656
2 0.688678
2.125 0.731964
2.25 0.768222
2.375 0.798789
2.5 0.824708
2.625 0.846803
2.75 0.865729
2.875 0.882011
3 0.896072
3.125 0.908261
3.25 0.91886
3.375 0.928104
3.5 0.936188
3.625 0.943276
3.75 0.949505
3.875 0.95499
4 0.959829
4.125 0.964107
4.25 0.967895
4.375 0.971254
4.5 0.974237
4.625 0.976889
4.75 0.979251
4.875 0.981357
5 0.983236
5.125 0.984914
5.25 0.986415
5.375 0.987759
5.5 0.988962
5.625 0.990041
5.75 0.991009
5.875 0.991878
6 0.992659
6.125 0.993361
6.25 0.993992
6.375 0.99456
6.5 0.995072
6.625 0.995534
6.75 0.99595
6.875 0.996325
7 0.996663
7.125 0.996969
7.25 0.997245
7.375 0.997494
7.5 0.99772
7.625 0.997923
7.75 0.998108
7.875 0.998275
8 0.998426
8.125 0.998562
8.25 0.998686
8.375 0.998798
8.5 0.9989
8.625 0.998992
8.75 0.999076
8.875 0.999151
9 0.99922
9.125 0.999282
9.25 0.999339
9.375 0.99939
9.5 0.999437
9.625 0.999479
9.75 0.999518
9.875 0.999553
10 0.999585
10.125 0.999613
10.25 0.99964
10.375 0.999663
10.5 0.999685
10.625 0.999705
10.75 0.999723
10.875 0.999739
11 0.999754
11.125 0.999767
11.25 0.99978
11.375 0.999791
11.5 0.999801
11.625 0.99981
11.75 0.999819
11.875 0.999826
12 0.999833
12.125 0.999839
12.25 0.999845
12.375 0.999851
12.5 0.999855
12.625 0.99986
12.75 0.999864
12.875 0.999867
13 0.999871
13.125 0.999874
13.25 0.999876
13.375 0.999879
13.5 0.999881
13.625 0.999883
13.75 0.999885
13.875 0.999887
14 0.999888
14.125 0.99989
14.25 0.999891
14.375 0.999892
14.5 0.999893
14.625 0.999894
14.75 0.999895
14.875 0.999896
15 0.999897
15.125 0.999897
15.25 0.999898
15.375 0.999899
15.5 0.999899
15.625 0.9999
15.75 0.9999
15.875 0.9999
16 0.999901
