0 0.00199183
0.125 0.00225481
0.25 0.00259906
0.375 0.0030696
0.5 0.00375252
0.625 0.00483595
0.75 0.00682523
0.875 0.0116794
1 0.0355551
1.125 0.15247
1.25 0.294507
1.375 0.413947
1.5 0.510441
1.625 0.588384
1.75 0.65175
1.875 0.703658
2 0.746501
2.125 0.782111
2.25 0.811901
2.375 0.83697
2.5 0.85818
2.625 0.876211
2.75 0.891607
2.875 0.904806
3 0.916162
3.125 0.925965
3.25 0.934452
3.375 0.94182
3.5 0.948233
3.625 0.953828
3.75 0.958718
3.875 0.963001
4 0.966759
4.125 0.970062
4.25 0.972969
4.375 0.975531
4.5 0.977793
4.625 0.979791
4.75 0.981559
4.875 0.983124
5 0.984511
5.125 0.985742
5.25 0.986836
5.375 0.987807
5.5 0.988671
5.625 0.98944
5.75 0.990125
5.875 0.990736
6 0.99128
6.125 0.991766
6.25 0.9922
6.375 0.992587
6.5 0.992934
6.625 0.993243
6.75 0.99352
6.875 0.993768
7 0.99399
7.125 0.994189
7.25 0.994368
7.375 0.994527
7.5 0.994671
7.625 0.9948
7.75 0.994915
7.875 0.995019
8 0.995112
8.125 0.995196
8.25 0.995271
8.375 0.995339
8.5 0.995399
8.625 0.995454
8.75 0.995504
8.875 0.995548
9 0.995588
9.125 0.995624
9.25 0.995657
9.375 0.995686
9.5 0.995712
9.625 0.995736
9.75 0.995758
9.875 0.995777
10 0.995795
10.125 0.99581
10.25 0.995825
10.375 0.995838
10.5 0.995849
10.625 0.99586
10.75 0.995869
10.875 0.995878
11 0.995886
11.125 0.995893
11.25 0.995899
11.375 0.995905
11.5 0.99591
11.625 0.995915
11.75 0.99592
11.875 0.995923
12 0.995927
12.125 0.99593
12.25 0.995933
12.375 0.995936
12.5 0.995938
12.625 0.99594
12.75 0.995942
12.875 0.995944
13 0.995946
13.125 0.995947
13.25 0.995949
13.375 0.99595
13.5 0.995951
13.625 0.995952
13.75 0.995953
13.875 0.995954
14 0.995954
14.125 0.995955
14.25 0.995956
14.375 0.995956
14.5 0.995957
14.625 0.995957
14.75 0.995958
14.875 0.995958
15 0.995958
15.125 0.995959
15.25 0.995959
15.375 0.995959
15.5 0.99596
15.625 0.99596
15.75 0.99596
15.875 0.99596
16 0.99596
