0 0.00199183
0.125 0.00225646
0.25 0.00260359
0.375 0.00307948
0.5 0.00377318
0.625 0.00488119
0.75 0.00693942
0.875 0.0120813
1 0.0387126
1.125 0.162851
1.25 0.304512
1.375 0.421573
1.5 0.516053
1.625 0.592554
1.75 0.654916
1.875 0.70612
2 0.748456
2.125 0.783692
2.25 0.813199
2.375 0.838048
2.5 0.859083
2.625 0.876973
2.75 0.892254
2.875 0.905357
3 0.916632
3.125 0.926367
3.25 0.934796
3.375 0.942114
3.5 0.948483
3.625 0.95404
3.75 0.958898
3.875 0.963152
4 0.966886
4.125 0.970167
4.25 0.973055
4.375 0.975601
4.5 0.977848
4.625 0.979834
4.75 0.981591
4.875 0.983147
5 0.984526
5.125 0.98575
5.25 0.986838
5.375 0.987804
5.5 0.988664
5.625 0.98943
5.75 0.990112
5.875 0.99072
6 0.991262
6.125 0.991747
6.25 0.992179
6.375 0.992566
6.5 0.992912
6.625 0.993221
6.75 0.993498
6.875 0.993746
7 0.993968
7.125 0.994167
7.25 0.994346
7.375 0.994506
7.5 0.99465
7.625 0.99478
7.75 0.994896
7.875 0.995
8 0.995094
8.125 0.995178
8.25 0.995254
8.375 0.995323
8.5 0.995384
8.625 0.99544
8.75 0.99549
8.875 0.995535
9 0.995576
9.125 0.995612
9.25 0.995646
9.375 0.995675
9.5 0.995703
9.625 0.995727
9.75 0.995749
9.875 0.995769
10 0.995787
10.125 0.995803
10.25 0.995818
10.375 0.995831
10.5 0.995843
10.625 0.995854
10.75 0.995864
10.875 0.995873
11 0.995881
11.125 0.995889
11.25 0.995895
11.375 0.995902
11.5 0.995907
11.625 0.995912
11.75 0.995917
11.875 0.995921
12 0.995924
12.125 0.995928
12.25 0.995931
12.375 0.995934
12.5 0.995936
12.625 0.995939
12.75 0.995941
12.875 0.995943
13 0.995944
13.125 0.995946
13.25 0.995947
13.375 0.995949
13.5 0.99595
13.625 0.995951
13.75 0.995952
13.875 0.995953
14 0.995954
14.125 0.995954
14.25 0.995955
14.375 0.995956
14.5 0.995956
14.625 0.995957
14.75 0.995957
14.875 0.995958
15 0.995958
15.125 0.995958
15.25 0.995959
15.375 0.995959
15.5 0.995959
15.625 0.995959
15.75 0.99596
15.875 0.99596
16 0.99596
