0 0.00199183
0.125 0.00224946
0.25 0.00258569
0.375 0.00304405
0.5 0.00370841
0.625 0.00476498
0.75 0.00673171
0.875 0.0117955
1 0.0412435
1.125 0.152708
1.25 0.271389
1.375 0.374382
1.5 0.4639
1.625 0.544291
1.75 0.613782
1.875 0.671281
2 0.718717
2.125 0.75808
2.25 0.790964
2.375 0.81861
2.5 0.841989
2.625 0.861864
2.75 0.87884
2.875 0.893403
3 0.905944
3.125 0.916782
3.25 0.926179
3.375 0.93435
3.5 0.941474
3.625 0.947701
3.75 0.953155
3.875 0.957943
4 0.962155
4.125 0.965865
4.25 0.969139
4.375 0.972033
4.5 0.974595
4.625 0.976866
4.75 0.97888
4.875 0.98067
5 0.982263
5.125 0.98368
5.25 0.984943
5.375 0.98607
5.5 0.987076
5.625 0.987975
5.75 0.988779
5.875 0.989499
6 0.990143
6.125 0.99072
6.25 0.991238
6.375 0.991703
6.5 0.99212
6.625 0.992494
6.75 0.992831
6.875 0.993134
7 0.993407
7.125 0.993652
7.25 0.993873
7.375 0.994072
7.5 0.994252
7.625 0.994414
7.75 0.99456
7.875 0.994692
8 0.994811
8.125 0.994919
8.25 0.995016
8.375 0.995104
8.5 0.995184
8.625 0.995256
8.75 0.995321
8.875 0.99538
9 0.995433
9.125 0.995482
9.25 0.995526
9.375 0.995565
9.5 0.995601
9.625 0.995634
9.75 0.995664
9.875 0.995691
10 0.995715
10.125 0.995738
10.25 0.995758
10.375 0.995776
10.5 0.995793
10.625 0.995808
10.75 0.995822
10.875 0.995834
11 0.995846
11.125 0.995856
11.25 0.995865
11.375 0.995874
11.5 0.995882
11.625 0.995889
11.75 0.995895
11.875 0.995901
12 0.995907
12.125 0.995911
12.25 0.995916
12.375 0.99592
12.5 0.995924
12.625 0.995927
12.75 0.99593
12.875 0.995933
13 0.995935
13.125 0.995938
13.25 0.99594
13.375 0.995942
13.5 0.995944
13.625 0.995945
13.75 0.995947
13.875 0.995948
14 0.995949
14.125 0.99595
14.25 0.995951
14.375 0.995952
14.5 0.995953
14.625 0.995954
14.75 0.995955
14.875 0.995955
15 0.995956
15.125 0.995956
15.25 0.995957
15.375 0.995957
15.5 0.995958
15.625 0.995958
15.75 0.995958
15.875 0.995959
16 0.995959
