0 0.00199183
0.125 0.00225329
0.25 0.00259504
0.375 0.00306128
0.5 0.00373628
0.625 0.0048035
0.75 0.00675318
0.875 0.0114716
1 0.0343253
1.125 0.147188
1.25 0.287215
1.375 0.406765
1.5 0.503973
1.625 0.582721
1.75 0.646834
1.875 0.699395
2 0.742797
2.125 0.778883
2.25 0.809078
2.375 0.834493
2.5 0.855999
2.625 0.874285
2.75 0.889902
2.875 0.903293
3 0.914816
3.125 0.924766
3.25 0.933382
3.375 0.940864
3.5 0.947378
3.625 0.953061
3.75 0.958031
3.875 0.962384
4 0.966205
4.125 0.969564
4.25 0.972521
4.375 0.975129
4.5 0.97743
4.625 0.979465
4.75 0.981265
4.875 0.98286
5 0.984274
5.125 0.985528
5.25 0.986643
5.375 0.987634
5.5 0.988515
5.625 0.9893
5.75 0.989999
5.875 0.990622
6 0.991178
6.125 0.991674
6.25 0.992117
6.375 0.992513
6.5 0.992867
6.625 0.993183
6.75 0.993466
6.875 0.99372
7 0.993947
7.125 0.99415
7.25 0.994333
7.375 0.994496
7.5 0.994643
7.625 0.994774
7.75 0.994893
7.875 0.994999
8 0.995094
8.125 0.99518
8.25 0.995257
8.375 0.995326
8.5 0.995388
8.625 0.995444
8.75 0.995495
8.875 0.99554
9 0.995581
9.125 0.995618
9.25 0.995651
9.375 0.995681
9.5 0.995708
9.625 0.995732
9.75 0.995754
9.875 0.995774
10 0.995792
10.125 0.995808
10.25 0.995823
10.375 0.995836
10.5 0.995848
10.625 0.995859
10.75 0.995868
10.875 0.995877
11 0.995885
11.125 0.995892
11.25 0.995899
11.375 0.995905
11.5 0.99591
11.625 0.995915
11.75 0.995919
11.875 0.995923
12 0.995927
12.125 0.99593
12.25 0.995933
12.375 0.995936
12.5 0.995938
12.625 0.99594
12.75 0.995942
12.875 0.995944
13 0.995946
13.125 0.995947
13.25 0.995949
13.375 0.99595
13.5 0.995951
13.625 0.995952
13.75 0.995953
13.875 0.995954
14 0.995954
14.125 0.995955
14.25 0.995956
14.375 0.995956
14.5 0.995957
14.625 0.995957
14.75 0.995958
14.875 0.995958
15 0.995958
15.125 0.995959
15.25 0.995959
15.375 0.995959
15.5 0.99596
15.625 0.99596
15.75 0.99596
15.875 0.99596
16 0.99596
