0 0.00199183
0.125 0.00225189
0.25 0.00259148
0.375 0.00305426
0.5 0.00372346
0.625 0.00478034
0.75 0.00671001
0.875 0.0113888
1 0.0342993
1.125 0.145128
1.25 0.28214
1.375 0.40034
1.5 0.497273
1.625 0.576284
1.75 0.640886
1.875 0.694003
2 0.737951
2.125 0.774545
2.25 0.805199
2.375 0.831023
2.5 0.852892
2.625 0.871499
2.75 0.8874
2.875 0.901042
3 0.912789
3.125 0.922936
3.25 0.931729
3.375 0.939368
3.5 0.946022
3.625 0.951832
3.75 0.956914
3.875 0.96137
4 0.965282
4.125 0.968724
4.25 0.971756
4.375 0.974431
4.5 0.976794
4.625 0.978884
4.75 0.980735
4.875 0.982375
5 0.983831
5.125 0.985124
5.25 0.986273
5.375 0.987295
5.5 0.988206
5.625 0.989017
5.75 0.98974
5.875 0.990385
6 0.990961
6.125 0.991475
6.25 0.991935
6.375 0.992346
6.5 0.992714
6.625 0.993044
6.75 0.993339
6.875 0.993603
7 0.99384
7.125 0.994052
7.25 0.994243
7.375 0.994414
7.5 0.994567
7.625 0.994705
7.75 0.994829
7.875 0.994941
8 0.995041
8.125 0.995131
8.25 0.995212
8.375 0.995285
8.5 0.995351
8.625 0.99541
8.75 0.995464
8.875 0.995512
9 0.995555
9.125 0.995594
9.25 0.995629
9.375 0.995661
9.5 0.99569
9.625 0.995716
9.75 0.995739
9.875 0.99576
10 0.995779
10.125 0.995796
10.25 0.995812
10.375 0.995826
10.5 0.995839
10.625 0.99585
10.75 0.995861
10.875 0.99587
11 0.995879
11.125 0.995887
11.25 0.995894
11.375 0.9959
11.5 0.995906
11.625 0.995911
11.75 0.995916
11.875 0.99592
12 0.995924
12.125 0.995927
12.25 0.99593
12.375 0.995933
12.5 0.995936
12.625 0.995938
12.75 0.995941
12.875 0.995942
13 0.995944
13.125 0.995946
13.25 0.995947
13.375 0.995949
13.5 0.99595
13.625 0.995951
13.75 0.995952
13.875 0.995953
14 0.995954
14.125 0.995954
14.25 0.995955
14.375 0.995956
14.5 0.995956
14.625 0.995957
14.75 0.995957
14.875 0.995958
15 0.995958
15.125 0.995958
15.25 0.995959
15.375 0.995959
15.5 0.995959
15.625 0.99596
15.75 0.99596
15.875 0.99596
16 0.99596
