0 0.00199183
0.125 0.00225061
0.25 0.00258835
0.375 0.00304846
0.5 0.00371392
0.625 0.00476633
0.75 0.00669641
0.875 0.0114435
1 0.0357182
1.125 0.146534
1.25 0.279181
1.375 0.39392
1.5 0.489237
1.625 0.567951
1.75 0.63293
1.875 0.686687
2 0.731338
2.125 0.76861
2.25 0.799886
2.375 0.826266
2.5 0.848627
2.625 0.86767
2.75 0.883954
2.875 0.897936
3 0.909982
3.125 0.920396
3.25 0.929426
3.375 0.937277
3.5 0.94412
3.625 0.950099
3.75 0.955334
3.875 0.959927
4 0.963964
4.125 0.967517
4.25 0.970651
4.375 0.973418
4.5 0.975865
4.625 0.978032
4.75 0.979952
4.875 0.981656
5 0.98317
5.125 0.984516
5.25 0.985714
5.375 0.986781
5.5 0.987732
5.625 0.988581
5.75 0.989338
5.875 0.990015
6 0.99062
6.125 0.991161
6.25 0.991646
6.375 0.99208
6.5 0.992469
6.625 0.992817
6.75 0.99313
6.875 0.99341
7 0.993662
7.125 0.993889
7.25 0.994092
7.375 0.994275
7.5 0.994439
7.625 0.994587
7.75 0.994721
7.875 0.994841
8 0.994949
8.125 0.995046
8.25 0.995134
8.375 0.995213
8.5 0.995285
8.625 0.995349
8.75 0.995407
8.875 0.99546
9 0.995507
9.125 0.99555
9.25 0.995589
9.375 0.995624
9.5 0.995655
9.625 0.995684
9.75 0.99571
9.875 0.995733
10 0.995755
10.125 0.995774
10.25 0.995791
10.375 0.995807
10.5 0.995821
10.625 0.995834
10.75 0.995846
10.875 0.995857
11 0.995866
11.125 0.995875
11.25 0.995883
11.375 0.99589
11.5 0.995897
11.625 0.995903
11.75 0.995908
11.875 0.995913
12 0.995917
12.125 0.995921
12.25 0.995925
12.375 0.995928
12.5 0.995931
12.625 0.995934
12.75 0.995937
12.875 0.995939
13 0.995941
13.125 0.995943
13.25 0.995945
13.375 0.995946
13.5 0.995948
13.625 0.995949
13.75 0.99595
13.875 0.995951
14 0.995952
14.125 0.995953
14.25 0.995954
14.375 0.995955
14.5 0.995955
14.625 0.995956
14.75 0.995956
14.875 0.995957
15 0.995957
15.125 0.995958
15.25 0.995958
15.375 0.995958
15.5 0.995959
15.625 0.995959
15.75 0.995959
15.875 0.99596
16 0.99596
