0 0.00197915
0.125 0.00224005
0.25 0.00258157
0.375 0.00304849
0.5 0.00372665
0.625 0.0048045
0.75 0.0067926
0.875 0.0117079
1 0.0368297
1.125 0.153923
1.25 0.291514
1.375 0.408089
1.5 0.503286
1.625 0.580746
1.75 0.643992
1.875 0.695931
2 0.73886
2.125 0.774573
2.25 0.804467
2.375 0.829633
2.5 0.85093
2.625 0.86904
2.75 0.884508
2.875 0.89777
3 0.909184
3.125 0.919038
3.25 0.927572
3.375 0.934983
3.5 0.941434
3.625 0.947063
3.75 0.951986
3.875 0.956298
4 0.960083
4.125 0.963411
4.25 0.966341
4.375 0.968924
4.5 0.971205
4.625 0.973222
4.75 0.975006
4.875 0.976587
5 0.977989
5.125 0.979233
5.25 0.980339
5.375 0.981322
5.5 0.982197
5.625 0.982976
5.75 0.98367
5.875 0.984289
6 0.984842
6.125 0.985335
6.25 0.985776
6.375 0.98617
6.5 0.986522
6.625 0.986837
6.75 0.987119
6.875 0.987372
7 0.987598
7.125 0.987802
7.25 0.987984
7.375 0.988147
7.5 0.988294
7.625 0.988425
7.75 0.988544
7.875 0.98865
8 0.988746
8.125 0.988832
8.25 0.988909
8.375 0.988979
8.5 0.989041
8.625 0.989098
8.75 0.989149
8.875 0.989194
9 0.989236
9.125 0.989273
9.25 0.989307
9.375 0.989337
9.5 0.989364
9.625 0.989389
9.75 0.989411
9.875 0.989432
10 0.98945
10.125 0.989466
10.25 0.989481
10.375 0.989495
10.5 0.989507
10.625 0.989518
10.75 0.989528
10.875 0.989537
11 0.989545
11.125 0.989552
11.25 0.989559
11.375 0.989565
11.5 0.989571
11.625 0.989576
11.75 0.98958
11.875 0.989584
12 0.989588
12.125 0.989591
12.25 0.989594
12.375 0.989597
12.5 0.9896
12.625 0.989602
12.75 0.989604
12.875 0.989606
13 0.989608
13.125 0.989609
13.25 0.989611
13.375 0.989612
13.5 0.989613
13.625 0.989614
13.75 0.989615
13.875 0.989616
14 0.989617
14.125 0.989618
14.25 0.989618
14.375 0.989619
14.5 0.989619
14.625 0.98962
14.75 0.98962
14.875 0.989621
15 0.989621
15.125 0.989622
15.25 0.989622
15.375 0.989622
15.5 0.989622
15.625 0.989623
15.75 0.989623
15.875 0.989623
16 0.989623
