0 0.00197915
0.125 0.00223873
0.25 0.0025781
0.375 0.00304136
0.5 0.00371285
0.625 0.00477722
0.75 0.00673306
0.875 0.01154
1 0.0358639
1.125 0.149781
1.25 0.285487
1.375 0.401871
1.5 0.497507
1.625 0.575588
1.75 0.639459
1.875 0.691966
2 0.735392
2.125 0.771533
2.25 0.801795
2.375 0.827277
2.5 0.848847
2.625 0.867194
2.75 0.882866
2.875 0.896308
3 0.907878
3.125 0.917871
3.25 0.926526
3.375 0.934044
3.5 0.940591
3.625 0.946305
3.75 0.951303
3.875 0.955684
4 0.959529
4.125 0.962911
4.25 0.965889
4.375 0.968516
4.5 0.970837
4.625 0.972888
4.75 0.974704
4.875 0.976314
5 0.977742
5.125 0.97901
5.25 0.980137
5.375 0.981139
5.5 0.982031
5.625 0.982826
5.75 0.983535
5.875 0.984166
6 0.984731
6.125 0.985234
6.25 0.985685
6.375 0.986087
6.5 0.986447
6.625 0.98677
6.75 0.987058
6.875 0.987317
7 0.987549
7.125 0.987757
7.25 0.987943
7.375 0.98811
7.5 0.988261
7.625 0.988395
7.75 0.988517
7.875 0.988626
8 0.988724
8.125 0.988812
8.25 0.988891
8.375 0.988963
8.5 0.989027
8.625 0.989085
8.75 0.989137
8.875 0.989184
9 0.989226
9.125 0.989264
9.25 0.989299
9.375 0.98933
9.5 0.989358
9.625 0.989383
9.75 0.989406
9.875 0.989427
10 0.989446
10.125 0.989463
10.25 0.989478
10.375 0.989492
10.5 0.989504
10.625 0.989515
10.75 0.989526
10.875 0.989535
11 0.989543
11.125 0.989551
11.25 0.989558
11.375 0.989564
11.5 0.98957
11.625 0.989575
11.75 0.989579
11.875 0.989584
12 0.989587
12.125 0.989591
12.25 0.989594
12.375 0.989597
12.5 0.989599
12.625 0.989602
12.75 0.989604
12.875 0.989606
13 0.989607
13.125 0.989609
13.25 0.989611
13.375 0.989612
13.5 0.989613
13.625 0.989614
13.75 0.989615
13.875 0.989616
14 0.989617
14.125 0.989618
14.25 0.989618
14.375 0.989619
14.5 0.989619
14.625 0.98962
14.75 0.98962
14.875 0.989621
15 0.989621
15.125 0.989621
15.25 0.989622
15.375 0.989622
15.5 0.989622
15.625 0.989623
15.75 0.989623
15.875 0.989623
16 0.989623
