0 0.00197915
0.125 0.00224153
0.25 0.00258561
0.375 0.0030572
0.5 0.00374465
0.625 0.00484345
0.75 0.00688984
0.875 0.0120482
1 0.0395226
1.125 0.162432
1.25 0.299885
1.375 0.414726
1.5 0.508382
1.625 0.584691
1.75 0.647106
1.875 0.698441
2 0.740921
2.125 0.776292
2.25 0.805918
2.375 0.830869
2.5 0.851992
2.625 0.869958
2.75 0.885304
2.875 0.898464
3 0.909789
3.125 0.919568
3.25 0.928036
3.375 0.935389
3.5 0.941791
3.625 0.947376
3.75 0.952259
3.875 0.956538
4 0.960293
4.125 0.963594
4.25 0.9665
4.375 0.969062
4.5 0.971325
4.625 0.973325
4.75 0.975095
4.875 0.976663
5 0.978053
5.125 0.979288
5.25 0.980385
5.375 0.98136
5.5 0.982228
5.625 0.983001
5.75 0.98369
5.875 0.984305
6 0.984853
6.125 0.985343
6.25 0.985781
6.375 0.986172
6.5 0.986522
6.625 0.986836
6.75 0.987116
6.875 0.987368
7 0.987593
7.125 0.987796
7.25 0.987977
7.375 0.98814
7.5 0.988286
7.625 0.988418
7.75 0.988536
7.875 0.988642
8 0.988738
8.125 0.988824
8.25 0.988901
8.375 0.988971
8.5 0.989034
8.625 0.98909
8.75 0.989141
8.875 0.989187
9 0.989229
9.125 0.989266
9.25 0.9893
9.375 0.989331
9.5 0.989359
9.625 0.989384
9.75 0.989406
9.875 0.989427
10 0.989445
10.125 0.989462
10.25 0.989477
10.375 0.989491
10.5 0.989503
10.625 0.989514
10.75 0.989524
10.875 0.989534
11 0.989542
11.125 0.98955
11.25 0.989556
11.375 0.989563
11.5 0.989568
11.625 0.989574
11.75 0.989578
11.875 0.989582
12 0.989586
12.125 0.98959
12.25 0.989593
12.375 0.989596
12.5 0.989598
12.625 0.989601
12.75 0.989603
12.875 0.989605
13 0.989607
13.125 0.989608
13.25 0.98961
13.375 0.989611
13.5 0.989612
13.625 0.989614
13.75 0.989615
13.875 0.989615
14 0.989616
14.125 0.989617
14.25 0.989618
14.375 0.989618
14.5 0.989619
14.625 0.98962
14.75 0.98962
14.875 0.98962
15 0.989621
15.125 0.989621
15.25 0.989622
15.375 0.989622
15.5 0.989622
15.625 0.989622
15.75 0.989623
15.875 0.989623
16 0.989623
