0 0.00197915
0.125 0.00223641
0.25 0.00257232
0.375 0.0030303
0.5 0.00369366
0.625 0.00474559
0.75 0.00668604
0.875 0.0115289
1 0.0372498
1.125 0.149605
1.25 0.278322
1.375 0.389816
1.5 0.483568
1.625 0.561727
1.75 0.626561
1.875 0.6803
2 0.724961
2.125 0.762241
2.25 0.79352
2.375 0.819899
2.5 0.842255
2.625 0.86129
2.75 0.877567
2.875 0.89154
3 0.90358
3.125 0.913988
3.25 0.923012
3.375 0.930859
3.5 0.937699
3.625 0.943676
3.75 0.94891
3.875 0.953502
4 0.957538
4.125 0.961093
4.25 0.964228
4.375 0.966996
4.5 0.969445
4.625 0.971614
4.75 0.973537
4.875 0.975243
5 0.976759
5.125 0.978108
5.25 0.979309
5.375 0.980379
5.5 0.981333
5.625 0.982184
5.75 0.982944
5.875 0.983624
6 0.984232
6.125 0.984776
6.25 0.985263
6.375 0.985699
6.5 0.98609
6.625 0.986441
6.75 0.986756
6.875 0.987039
7 0.987293
7.125 0.987521
7.25 0.987726
7.375 0.987911
7.5 0.988077
7.625 0.988227
7.75 0.988361
7.875 0.988483
8 0.988592
8.125 0.988691
8.25 0.98878
8.375 0.98886
8.5 0.988933
8.625 0.988998
8.75 0.989057
8.875 0.989111
9 0.989159
9.125 0.989203
9.25 0.989242
9.375 0.989278
9.5 0.98931
9.625 0.989339
9.75 0.989366
9.875 0.98939
10 0.989412
10.125 0.989431
10.25 0.989449
10.375 0.989465
10.5 0.98948
10.625 0.989493
10.75 0.989505
10.875 0.989516
11 0.989526
11.125 0.989535
11.25 0.989543
11.375 0.989551
11.5 0.989557
11.625 0.989564
11.75 0.989569
11.875 0.989574
12 0.989579
12.125 0.989583
12.25 0.989587
12.375 0.98959
12.5 0.989593
12.625 0.989596
12.75 0.989599
12.875 0.989601
13 0.989603
13.125 0.989605
13.25 0.989607
13.375 0.989609
13.5 0.98961
13.625 0.989611
13.75 0.989613
13.875 0.989614
14 0.989615
14.125 0.989616
14.25 0.989616
14.375 0.989617
14.5 0.989618
14.625 0.989619
14.75 0.989619
14.875 0.98962
15 0.98962
15.125 0.989621
15.25 0.989621
15.375 0.989621
15.5 0.989622
15.625 0.989622
15.75 0.989622
15.875 0.989622
16 0.989623
