0 0.00197915
0.125 0.00223753
0.25 0.00257504
0.375 0.00303536
0.5 0.00370199
0.625 0.00475786
0.75 0.00669796
0.875 0.0114791
1 0.0359565
1.125 0.148317
1.25 0.281217
1.375 0.3961
1.5 0.491342
1.625 0.569633
1.75 0.633966
1.875 0.687002
2 0.730947
2.125 0.767565
2.25 0.798254
2.375 0.824115
2.5 0.846019
2.625 0.86466
2.75 0.880591
2.875 0.894262
3 0.906035
3.125 0.916207
3.25 0.925022
3.375 0.932683
3.5 0.939357
3.625 0.945185
3.75 0.950285
3.875 0.954757
4 0.958686
4.125 0.962142
4.25 0.965189
4.375 0.967877
4.5 0.970253
4.625 0.972355
4.75 0.974217
4.875 0.975868
5 0.977334
5.125 0.978637
5.25 0.979795
5.375 0.980826
5.5 0.981745
5.625 0.982563
5.75 0.983294
5.875 0.983946
6 0.984528
6.125 0.985049
6.25 0.985515
6.375 0.985931
6.5 0.986305
6.625 0.986639
6.75 0.986938
6.875 0.987207
7 0.987448
7.125 0.987664
7.25 0.987858
7.375 0.988032
7.5 0.988189
7.625 0.98833
7.75 0.988457
7.875 0.988571
8 0.988673
8.125 0.988766
8.25 0.988849
8.375 0.988924
8.5 0.988991
8.625 0.989052
8.75 0.989107
8.875 0.989156
9 0.989201
9.125 0.989241
9.25 0.989278
9.375 0.989311
9.5 0.98934
9.625 0.989367
9.75 0.989392
9.875 0.989413
10 0.989433
10.125 0.989451
10.25 0.989467
10.375 0.989482
10.5 0.989495
10.625 0.989507
10.75 0.989518
10.875 0.989528
11 0.989537
11.125 0.989545
11.25 0.989553
11.375 0.989559
11.5 0.989565
11.625 0.989571
11.75 0.989576
11.875 0.98958
12 0.989584
12.125 0.989588
12.25 0.989591
12.375 0.989595
12.5 0.989597
12.625 0.9896
12.75 0.989602
12.875 0.989604
13 0.989606
13.125 0.989608
13.25 0.989609
13.375 0.989611
13.5 0.989612
13.625 0.989613
13.75 0.989614
13.875 0.989615
14 0.989616
14.125 0.989617
14.25 0.989618
14.375 0.989618
14.5 0.989619
14.625 0.989619
14.75 0.98962
14.875 0.98962
15 0.989621
15.125 0.989621
15.25 0.989622
15.375 0.989622
15.5 0.989622
15.625 0.989622
15.75 0.989623
15.875 0.989623
16 0.989623
