0 0.00197915
0.125 0.00223542
0.25 0.00257
0.375 0.00302639
0.5 0.00368847
0.625 0.00474297
0.75 0.00671087
0.875 0.0118016
1 0.041652
1.125 0.154215
1.25 0.271138
1.375 0.372157
1.5 0.461287
1.625 0.541176
1.75 0.610153
1.875 0.667239
2 0.714337
2.125 0.753419
2.25 0.786068
2.375 0.813517
2.5 0.836729
2.625 0.856462
2.75 0.873317
2.875 0.887775
3 0.900227
3.125 0.910988
3.25 0.920318
3.375 0.928431
3.5 0.935504
3.625 0.941687
3.75 0.947103
3.875 0.951857
4 0.956038
4.125 0.959723
4.25 0.962974
4.375 0.965848
4.5 0.968392
4.625 0.970647
4.75 0.972648
4.875 0.974426
5 0.976008
5.125 0.977416
5.25 0.978671
5.375 0.97979
5.5 0.98079
5.625 0.981683
5.75 0.982482
5.875 0.983196
6 0.983837
6.125 0.98441
6.25 0.984925
6.375 0.985387
6.5 0.985802
6.625 0.986174
6.75 0.986509
6.875 0.98681
7 0.987081
7.125 0.987325
7.25 0.987545
7.375 0.987743
7.5 0.987922
7.625 0.988083
7.75 0.988229
7.875 0.98836
8 0.988479
8.125 0.988586
8.25 0.988683
8.375 0.98877
8.5 0.988849
8.625 0.988921
8.75 0.988986
8.875 0.989045
9 0.989098
9.125 0.989146
9.25 0.98919
9.375 0.98923
9.5 0.989266
9.625 0.989298
9.75 0.989328
9.875 0.989355
10 0.989379
10.125 0.989401
10.25 0.989421
10.375 0.98944
10.5 0.989456
10.625 0.989471
10.75 0.989485
10.875 0.989497
11 0.989509
11.125 0.989519
11.25 0.989529
11.375 0.989537
11.5 0.989545
11.625 0.989552
11.75 0.989558
11.875 0.989564
12 0.98957
12.125 0.989575
12.25 0.989579
12.375 0.989583
12.5 0.989587
12.625 0.98959
12.75 0.989593
12.875 0.989596
13 0.989598
13.125 0.989601
13.25 0.989603
13.375 0.989605
13.5 0.989607
13.625 0.989608
13.75 0.98961
13.875 0.989611
14 0.989612
14.125 0.989613
14.25 0.989614
14.375 0.989615
14.5 0.989616
14.625 0.989617
14.75 0.989618
14.875 0.989618
15 0.989619
15.125 0.989619
15.25 0.98962
15.375 0.98962
15.5 0.989621
15.625 0.989621
15.75 0.989621
15.875 0.989622
16 0.989622
