0    0  0
1    6.93787e-05  4.92647e-05
2    0.000115123  0.00013812
3    0.000129128  0.000248226
4    0.000122703  0.000365337
5    0.000106953  0.000480785
6    8.88903e-05  0.00059007
7    7.20327e-05  0.000691275
8    5.77269e-05  0.00078391
9    4.61896e-05  0.000868204
10    3.71435e-05  0.000944714
11    3.0155e-05  0.00101411
12    2.479e-05  0.00107709
13    2.06747e-05  0.0011343
14    1.75095e-05  0.00118635
15    1.50633e-05  0.0012338
16    1.31617e-05  0.00127714
17    1.16748e-05  0.00131683
18    1.05059e-05  0.00135325
19    9.58367e-06  0.00138678
20    8.85491e-06  0.00141774
21    8.28003e-06  0.00144642
22    7.82932e-06  0.00147307
23    7.48038e-06  0.00149794
24    7.2162e-06  0.00152124
25    7.02373e-06  0.00154315
26    6.89296e-06  0.00156386
27    6.81611e-06  0.00158351
28    6.78717e-06  0.00160226
29    6.80142e-06  0.00162024
30    6.85522e-06  0.00163755
31    6.94574e-06  0.00165433
32    7.07085e-06  0.00167066
33    7.22895e-06  0.00168665
34    7.4189e-06  0.00170238
35    7.63998e-06  0.00171794
36    7.89178e-06  0.00173341
37    8.17422e-06  0.00174886
38    8.4875e-06  0.00176436
39    8.83206e-06  0.00177999
40    9.20859e-06  0.00179582
41    9.618e-06  0.0018119
42    1.00614e-05  0.00182831
43    1.05402e-05  0.00184512
44    1.10559e-05  0.00186239
45    1.16104e-05  0.00188018
46    1.22055e-05  0.00189857
47    1.28436e-05  0.00191762
48    1.35271e-05  0.00193741
49    1.42588e-05  0.001958
50    1.50415e-05  0.00197948
51    1.58786e-05  0.00200193
52    1.67735e-05  0.00202542
53    1.77302e-05  0.00205004
54    1.87527e-05  0.00207589
55    1.98455e-05  0.00210306
56    2.10136e-05  0.00213165
57    2.22622e-05  0.00216178
58    2.35969e-05  0.00219355
59    2.50241e-05  0.00222709
60    2.65502e-05  0.00226253
61    2.81826e-05  0.0023
62    2.9929e-05  0.00233967
63    3.17978e-05  0.00238167
64    3.3798e-05  0.00242619
65    3.59396e-05  0.0024734
66    3.82331e-05  0.0025235
67    4.069e-05  0.0025767
68    4.33227e-05  0.00263321
69    4.61448e-05  0.00269329
70    4.91707e-05  0.00275718
71    5.24163e-05  0.00282517
72    5.58986e-05  0.00289756
73    5.96363e-05  0.00297466
74    6.36494e-05  0.00305682
75    6.79597e-05  0.00314441
76    7.25912e-05  0.00323784
77    7.75694e-05  0.00333755
78    8.29226e-05  0.00344399
79    8.86812e-05  0.00355767
80    9.48786e-05  0.00367915
81    0.000101551  0.00380901
82    0.000108738  0.00394788
83    0.000116483  0.00409647
84    0.000124832  0.00425552
85    0.000133839  0.00442585
86    0.000143559  0.00460832
87    0.000154054  0.00480391
88    0.000165392  0.00501365
89    0.000177648  0.00523866
90    0.000190905  0.00548017
91    0.000205253  0.00573953
92    0.000220792  0.00601817
93    0.000237631  0.00631771
94    0.000255893  0.00663985
95    0.000275713  0.0069865
96    0.00029724  0.00735974
97    0.000320639  0.00776181
98    0.000346096  0.00819522
99    0.000373814  0.00866268
100    0.000404024  0.0091672
101    0.00043698  0.00971205
102    0.000472968  0.0103009
103    0.000512307  0.0109377
104    0.000555356  0.0116269
105    0.000602517  0.0123733
106    0.000654245  0.0131825
107    0.000711048  0.0140602
108    0.000773503  0.0150134
109    0.000842261  0.0160492
110    0.000918058  0.017176
111    0.00100173  0.018403
112    0.00109422  0.0197404
113    0.00119661  0.0211997
114    0.00131012  0.0227938
115    0.00143615  0.0245371
116    0.00157629  0.026446
117    0.00173236  0.0285386
118    0.00190644  0.0308355
119    0.00210092  0.0333602
120    0.00231852  0.0361388
121    0.00256238  0.0392012
122    0.0028361  0.0425812
123    0.00314381  0.0463172
124    0.0034903  0.050453
125    0.00388103  0.0550382
126    0.00432233  0.0601295
127    0.00482152  0.0657919
128    0.005387  0.0720993
129    0.00602853  0.0791364
130    0.00675735  0.0870004
131    0.00758649  0.0958027
132    0.00853102  0.105671
133    0.00960842  0.116753
134    0.0108389  0.129217
135    0.0122459  0.143258
136    0.0138567  0.159101
137    0.0157028  0.177004
138    0.0178209  0.197267
