0  1
0.0078125  1.01089
0.015625  1.02193
0.0234375  1.03312
0.03125  1.04445
0.0390625  1.05594
0.046875  1.06757
0.0546875  1.07936
0.0625  1.0913
0.0703125  1.10339
0.078125  1.11564
0.0859375  1.12804
0.09375  1.14059
0.101562  1.15329
0.109375  1.16615
0.117188  1.17915
0.125  1.1923
0.132812  1.2056
0.140625  1.21904
0.148438  1.23262
0.15625  1.24634
0.164062  1.26019
0.171875  1.27416
0.179688  1.28826
0.1875  1.30246
0.195312  1.31677
0.203125  1.33117
0.210938  1.34565
0.21875  1.3602
0.226562  1.37481
0.234375  1.38945
0.242188  1.4041
0.25  1.41875
0.257812  1.43337
0.265625  1.44792
0.273438  1.46239
0.28125  1.47673
0.289062  1.49091
0.296875  1.50487
0.304688  1.51859
0.3125  1.532
0.320312  1.54505
0.328125  1.55768
0.335938  1.56984
0.34375  1.58146
0.351562  1.59248
0.359375  1.60285
0.367188  1.61249
0.375  1.62137
0.382812  1.62943
0.390625  1.63664
0.398438  1.64297
0.40625  1.64841
0.414062  1.65294
0.421875  1.65657
0.429688  1.65933
0.4375  1.66122
0.445312  1.66229
0.453125  1.66257
0.460938  1.66209
0.46875  1.66091
0.476562  1.65906
0.484375  1.6566
0.492188  1.65356
0.5  1.64998
0.507812  1.64591
0.515625  1.64139
0.523438  1.63644
0.53125  1.63111
0.539062  1.62542
0.546875  1.61941
0.554688  1.6131
0.5625  1.60651
0.570312  1.59966
0.578125  1.59258
0.585938  1.58529
0.59375  1.5778
0.601562  1.57013
0.609375  1.56229
0.617188  1.5543
0.625  1.54618
0.632812  1.53792
0.640625  1.52954
0.648438  1.52106
0.65625  1.51248
0.664062  1.50381
0.671875  1.49506
0.679688  1.48624
0.6875  1.47735
0.695312  1.4684
0.703125  1.45939
0.710938  1.45034
0.71875  1.44124
0.726562  1.43211
0.734375  1.42295
0.742188  1.41375
0.75  1.40454
0.757812  1.3953
0.765625  1.38605
0.773438  1.37679
0.78125  1.36752
0.789062  1.35825
0.796875  1.34897
0.804688  1.3397
0.8125  1.33043
0.820312  1.32116
0.828125  1.31191
0.835938  1.30267
0.84375  1.29344
0.851562  1.28424
0.859375  1.27505
0.867188  1.26588
0.875  1.25673
0.882812  1.24761
0.890625  1.23852
0.898438  1.22945
0.90625  1.22042
0.914062  1.21141
0.921875  1.20244
0.929688  1.19351
0.9375  1.18461
0.945312  1.17574
0.953125  1.16692
0.960938  1.15814
0.96875  1.14939
0.976562  1.14069
0.984375  1.13203
0.992188  1.12342
1  1.11485
