0  1
0.0078125  1.00932
0.015625  1.01872
0.0234375  1.02822
0.03125  1.0378
0.0390625  1.04747
0.046875  1.05722
0.0546875  1.06705
0.0625  1.07695
0.0703125  1.08692
0.078125  1.09695
0.0859375  1.10702
0.09375  1.11713
0.101562  1.12724
0.109375  1.13734
0.117188  1.14736
0.125  1.15725
0.132812  1.16692
0.140625  1.17623
0.148438  1.18502
0.15625  1.19308
0.164062  1.2002
0.171875  1.20625
0.179688  1.21117
0.1875  1.21499
0.195312  1.2178
0.203125  1.21971
0.210938  1.22081
0.21875  1.22119
0.226562  1.22093
0.234375  1.22009
0.242188  1.21873
0.25  1.21689
0.257812  1.21461
0.265625  1.21192
0.273438  1.20886
0.28125  1.20546
0.289062  1.20173
0.296875  1.1977
0.304688  1.19339
0.3125  1.18882
0.320312  1.18401
0.328125  1.17897
0.335938  1.17371
0.34375  1.16825
0.351562  1.16261
0.359375  1.15679
0.367188  1.1508
0.375  1.14467
0.382812  1.13838
0.390625  1.13196
0.398438  1.12542
0.40625  1.11876
0.414062  1.11199
0.421875  1.10512
0.429688  1.09815
0.4375  1.0911
0.445312  1.08397
0.453125  1.07676
0.460938  1.06949
0.46875  1.06215
0.476562  1.05476
0.484375  1.04732
0.492188  1.03984
0.5  1.03231
0.507812  1.02475
0.515625  1.01716
0.523438  1.00955
0.53125  1.00191
0.539062  0.994252
0.546875  0.986582
0.554688  0.978902
0.5625  0.971216
0.570312  0.963527
0.578125  0.955839
0.585938  0.948154
0.59375  0.940476
0.601562  0.932807
0.609375  0.92515
0.617188  0.917509
0.625  0.909884
0.632812  0.90228
0.640625  0.894698
0.648438  0.88714
0.65625  0.879609
0.664062  0.872106
0.671875  0.864633
0.679688  0.857192
0.6875  0.849785
0.695312  0.842414
0.703125  0.835079
0.710938  0.827783
0.71875  0.820526
0.726562  0.81331
0.734375  0.806136
0.742188  0.799006
0.75  0.79192
0.757812  0.784879
0.765625  0.777884
0.773438  0.770936
0.78125  0.764037
0.789062  0.757185
0.796875  0.750384
0.804688  0.743632
0.8125  0.73693
0.820312  0.730279
0.828125  0.72368
0.835938  0.717133
0.84375  0.710638
0.851562  0.704196
0.859375  0.697807
0.867188  0.691471
0.875  0.685188
0.882812  0.678959
0.890625  0.672783
0.898438  0.666662
0.90625  0.660594
0.914062  0.654581
0.921875  0.648621
0.929688  0.642715
0.9375  0.636864
0.945312  0.631066
0.953125  0.625323
0.960938  0.619633
0.96875  0.613997
0.976562  0.608414
0.984375  0.602885
0.992188  0.597409
1  0.591985
