0  1
0.0078125  1.0114
0.015625  1.02296
0.0234375  1.03471
0.03125  1.04662
0.0390625  1.05872
0.046875  1.07099
0.0546875  1.08346
0.0625  1.0961
0.0703125  1.10894
0.078125  1.12197
0.0859375  1.1352
0.09375  1.14862
0.101562  1.16225
0.109375  1.17608
0.117188  1.19011
0.125  1.20435
0.132812  1.21881
0.140625  1.23347
0.148438  1.24836
0.15625  1.26345
0.164062  1.27877
0.171875  1.29431
0.179688  1.31007
0.1875  1.32605
0.195312  1.34225
0.203125  1.35867
0.210938  1.37531
0.21875  1.39216
0.226562  1.40923
0.234375  1.4265
0.242188  1.44396
0.25  1.46161
0.257812  1.47941
0.265625  1.49734
0.273438  1.51537
0.28125  1.53342
0.289062  1.55143
0.296875  1.56926
0.304688  1.58671
0.3125  1.60351
0.320312  1.6192
0.328125  1.63316
0.335938  1.64461
0.34375  1.65283
0.351562  1.65756
0.359375  1.65911
0.367188  1.65813
0.375  1.65524
0.382812  1.65095
0.390625  1.64561
0.398438  1.63947
0.40625  1.63269
0.414062  1.62538
0.421875  1.61764
0.429688  1.60952
0.4375  1.60108
0.445312  1.59235
0.453125  1.58337
0.460938  1.57416
0.46875  1.56474
0.476562  1.55514
0.484375  1.54537
0.492188  1.53545
0.5  1.5254
0.507812  1.51522
0.515625  1.50492
0.523438  1.49452
0.53125  1.48404
0.539062  1.47347
0.546875  1.46283
0.554688  1.45212
0.5625  1.44136
0.570312  1.43055
0.578125  1.41969
0.585938  1.40881
0.59375  1.39789
0.601562  1.38695
0.609375  1.376
0.617188  1.36504
0.625  1.35407
0.632812  1.3431
0.640625  1.33213
0.648438  1.32118
0.65625  1.31023
0.664062  1.29931
0.671875  1.2884
0.679688  1.27753
0.6875  1.26668
0.695312  1.25586
0.703125  1.24508
0.710938  1.23433
0.71875  1.22363
0.726562  1.21297
0.734375  1.20236
0.742188  1.1918
0.75  1.18129
0.757812  1.17084
0.765625  1.16044
0.773438  1.1501
0.78125  1.13982
0.789062  1.12959
0.796875  1.11944
0.804688  1.10935
0.8125  1.09932
0.820312  1.08936
0.828125  1.07947
0.835938  1.06965
0.84375  1.0599
0.851562  1.05022
0.859375  1.04062
0.867188  1.03109
0.875  1.02163
0.882812  1.01225
0.890625  1.00294
0.898438  0.993709
0.90625  0.984555
0.914062  0.975479
0.921875  0.966479
0.929688  0.957557
0.9375  0.948713
0.945312  0.939947
0.953125  0.93126
0.960938  0.92265
0.96875  0.914119
0.976562  0.905667
0.984375  0.897293
0.992188  0.888997
1  0.88078
