0 4.14952e-23
0.0117188 5.16956e-23
0.0234375 6.71994e-23
0.0351562 9.27543e-23
0.046875 1.44886e-22
0.0585938 2.92184e-22
0.0703125 1.01617e-21
0.0820312 6.15221e-21
0.09375 5.82242e-20
0.105469 8.95058e-19
0.117188 2.22382e-17
0.128906 1.06442e-16
0.140625 6.62285e-16
0.152344 4.28504e-15
0.164062 2.74345e-14
0.175781 1.57661e-13
0.1875 8.95052e-13
0.199219 5.00707e-12
0.210938 2.76087e-11
0.222656 1.50053e-10
0.234375 8.03881e-10
0.246094 4.24461e-09
0.257812 2.20797e-08
0.269531 1.12997e-07
0.28125 5.66564e-07
0.292969 2.74678e-06
0.304688 1.2355e-05
0.316406 4.61228e-05
0.328125 0.000119637
0.339844 0.000206399
0.351562 0.000278022
0.363281 0.000338641
0.375 0.000400373
0.386719 0.000476577
0.398438 0.000578702
0.410156 0.000702108
0.421875 0.000831635
0.433594 0.000965628
0.445312 0.00111227
0.457031 0.00127255
0.46875 0.00143825
0.480469 0.00160412
0.492188 0.00177335
0.503906 0.00195392
0.515625 0.00215477
0.527344 0.00238274
0.539062 0.00263976
0.550781 0.00292213
0.5625 0.00322325
0.574219 0.00353729
0.585938 0.00386061
0.597656 0.00419163
0.609375 0.00453052
0.621094 0.00487879
0.632812 0.00523876
0.644531 0.00561299
0.65625 0.00600401
0.667969 0.00641418
0.679688 0.00684573
0.691406 0.00730073
0.703125 0.00778112
0.714844 0.00828876
0.726562 0.00882547
0.738281 0.00939306
0.75 0.00999341
0.761719 0.0106284
0.773438 0.0112998
0.785156 0.0120094
0.796875 0.012759
0.808594 0.0135502
0.820312 0.0143847
0.832031 0.0152642
0.84375 0.0161906
0.855469 0.0171657
0.867188 0.0181915
0.878906 0.01927
0.890625 0.0204032
0.902344 0.0215932
0.914062 0.0228419
0.925781 0.0241509
0.9375 0.0255219
0.949219 0.0269562
0.960938 0.0284548
0.972656 0.0300185
0.984375 0.0316476
0.996094 0.0333422
1.00781 0.0351019
1.01953 0.036926
1.03125 0.0388135
1.04297 0.0407631
1.05469 0.0427731
1.06641 0.0448416
1.07812 0.0469665
1.08984 0.0491455
1.10156 0.0513762
1.11328 0.0536562
1.125 0.0559829
1.13672 0.0583537
1.14844 0.060766
1.16016 0.0632173
1.17188 0.0657052
1.18359 0.0682271
1.19531 0.0707808
1.20703 0.073364
1.21875 0.0759745
1.23047 0.0786103
1.24219 0.0812693
1.25391 0.0839497
1.26562 0.0866496
1.27734 0.0893673
1.28906 0.0921013
1.30078 0.09485
1.3125 0.0976119
1.32422 0.100386
1.33594 0.10317
1.34766 0.105964
1.35938 0.108766
1.37109 0.111575
1.38281 0.11439
1.39453 0.11721
1.40625 0.120035
1.41797 0.122862
1.42969 0.125693
1.44141 0.128524
1.45312 0.131357
1.46484 0.134191
1.47656 0.137024
1.48828 0.139855
1.5 0.142686
1.51172 0.145514
1.52344 0.14834
1.53516 0.151163
1.54688 0.153982
1.55859 0.156797
1.57031 0.159607
1.58203 0.162413
1.59375 0.165214
1.60547 0.16801
1.61719 0.170799
1.62891 0.173583
1.64062 0.17636
1.65234 0.179131
1.66406 0.181894
1.67578 0.184651
1.6875 0.1874
1.69922 0.190142
1.71094 0.192876
1.72266 0.195602
1.73438 0.198319
1.74609 0.201029
1.75781 0.20373
1.76953 0.206423
1.78125 0.209107
1.79297 0.211781
1.80469 0.214448
1.81641 0.217104
1.82812 0.219752
1.83984 0.222391
1.85156 0.22502
1.86328 0.22764
1.875 0.23025
1.88672 0.23285
1.89844 0.235441
1.91016 0.238022
1.92188 0.240593
1.93359 0.243154
1.94531 0.245706
1.95703 0.248247
1.96875 0.250778
1.98047 0.2533
1.99219 0.255811
2.00391 0.258311
2.01562 0.260802
2.02734 0.263282
2.03906 0.265752
2.05078 0.268212
2.0625 0.270661
2.07422 0.2731
2.08594 0.275528
2.09766 0.277946
2.10938 0.280354
2.12109 0.28275
2.13281 0.285137
2.14453 0.287512
2.15625 0.289877
2.16797 0.292232
2.17969 0.294575
2.19141 0.296908
2.20312 0.299231
2.21484 0.301542
2.22656 0.303843
2.23828 0.306133
2.25 0.308412
2.26172 0.310681
2.27344 0.312938
2.28516 0.315185
2.29688 0.317421
2.30859 0.319646
2.32031 0.32186
2.33203 0.324064
2.34375 0.326256
2.35547 0.328438
2.36719 0.330609
2.37891 0.332768
2.39062 0.334917
2.40234 0.337055
2.41406 0.339182
2.42578 0.341299
2.4375 0.343404
2.44922 0.345498
2.46094 0.347582
2.47266 0.349655
2.48438 0.351716
2.49609 0.353767
2.50781 0.355807
2.51953 0.357836
2.53125 0.359855
2.54297 0.361862
2.55469 0.363859
2.56641 0.365845
2.57812 0.36782
2.58984 0.369785
2.60156 0.371739
2.61328 0.373682
2.625 0.375614
2.63672 0.377536
2.64844 0.379447
2.66016 0.381347
2.67188 0.383237
2.68359 0.385117
2.69531 0.386986
2.70703 0.388844
2.71875 0.390693
2.73047 0.39253
2.74219 0.394358
2.75391 0.396175
2.76562 0.397981
2.77734 0.399778
2.78906 0.401564
2.80078 0.403341
2.8125 0.405107
2.82422 0.406863
2.83594 0.408609
2.84766 0.410345
2.85938 0.412071
2.87109 0.413787
2.88281 0.415493
2.89453 0.41719
2.90625 0.418877
2.91797 0.420554
2.92969 0.422221
2.94141 0.423879
2.95312 0.425527
2.96484 0.427166
2.97656 0.428796
2.98828 0.430415
3 0.432026
